2 100 100 2.38 100 1
0 0 2 100
2 89
2 48
1 83
0 24
0 32
0 62
0 59
2 10
0 38
1 73
2 32
0 98
0 90
1 6
1 91
2 69
0 42
1 97
2 11
1 66
2 22
1 22
1 17
0 39
1 40
2 19
1 96
2 35
2 46
1 93
1 43
0 55
0 8
1 46
0 56
0 82
2 9
0 71
2 41
2 53
1 75
1 34
2 85
1 94
2 49
1 18
0 28
2 15
1 84
1 48
0 51
2 3
2 59
0 91
2 23
2 74
1 19
0 96
1 74
2 63
1 98
0 43
2 2
1 56
0 93
1 57
0 17
1 12
1 3
0 81
0 1
1 28
1 100
1 50
0 33
1 78
2 65
2 86
0 44
1 65
0 78
2 1
2 50
2 13
0 16
2 12
2 18
0 87
0 37
2 91
0 41
2 79
2 20
2 60
0 67
1 99
1 7
0 31
2 71
1 88
