50 100 2 0
2 13 939011
64878 35122 
34 50 862033
16961 83039 
9 39 451411
93831 6169 
38 6 462826
84938 15062 
9 12 90752
1730 98270 
11 39 868454
74191 25809 
8 26 172659
91036 8964 
50 14 857917
39282 60718 
23 34 968263
70629 29371 
20 46 979053
84220 15780 
8 41 690119
16872 83128 
5 36 145954
54179 45821 
20 47 509574
8134 91866 
33 27 471564
52973 47027 
28 38 217645
66668 33332 
3 17 726005
13343 86657 
9 38 305800
71972 28028 
6 37 69450
13652 86348 
37 46 192646
52215 47785 
32 14 183204
90226 9774 
7 38 494468
90198 9802 
7 41 589855
62537 37463 
44 16 113937
5391 94609 
8 24 638639
1701 98299 
6 31 635341
87517 12483 
44 47 192335
75299 24701 
2 22 617610
71210 28790 
18 35 349520
82860 17140 
3 6 53097
24926 75074 
16 32 898113
7091 92909 
2 35 752259
35676 64324 
1 19 399333
21742 78258 
10 19 932321
47835 52165 
32 45 70340
80542 19458 
4 19 160676
67295 32705 
20 43 766098
46272 53728 
6 11 674961
34312 65688 
14 22 547228
92156 7844 
32 32 234269
81249 18751 
6 21 202878
39600 60400 
35 50 797344
66362 33638 
45 50 751141
75399 24601 
10 26 362366
15247 84753 
5 25 643101
70804 29196 
16 47 901187
84365 15635 
15 15 733000
73577 26423 
14 48 260545
51413 48587 
31 36 50207
14860 85140 
17 25 190485
55806 44194 
17 20 630708
21846 78154 
27 43 176033
15513 84487 
31 38 122450
73233 26767 
33 45 736997
95549 4451 
19 27 598482
66875 33125 
2 6 700740
89858 10142 
18 7 360257
4561 95439 
46 32 291063
49488 50512 
16 32 738872
21820 78180 
16 37 272883
21857 78143 
18 33 784073
22505 77495 
17 33 664067
25164 74836 
28 43 612049
19090 80910 
24 37 11594
96116 3884 
12 34 308826
9449 90551 
32 44 534629
18616 81384 
24 32 940973
70907 29093 
21 49 135344
86464 13536 
23 37 535567
84477 15523 
11 44 708960
49998 50002 
4 46 887700
58304 41696 
45 41 21499
27262 72738 
3 41 605511
66440 33560 
17 25 51423
455 99545 
8 32 410374
49679 50321 
14 50 749560
56923 43077 
10 12 337403
27181 72819 
5 10 96195
28211 71789 
17 42 261358
26977 73023 
24 15 850296
6185 93815 
21 29 791018
48222 51778 
23 38 229604
84948 15052 
10 35 28990
64414 35586 
36 49 238033
48998 51002 
9 12 716970
49811 50189 
18 41 146108
10486 89514 
24 37 931306
99263 737 
18 46 196213
45228 54772 
5 27 683922
5559 94441 
21 23 722482
80403 19597 
40 48 958067
76901 23099 
37 43 17279
93769 6231 
18 37 536505
39234 60766 
6 50 353200
66329 33671 
24 32 17207
93822 6178 
1 16 301767
9152 90848 
5 16 525590
24109 75891 
5 7 818478
33153 66847 
8 20 320700
39232 60768 
30 44 928146
38365 61635 
8 14 858735
29640 70360 
