50 100 1 178123
6 19 545372
100000 
3 32 341359
100000 
18 6 596632
100000 
13 33 404836
100000 
21 38 489240
100000 
2 34 107472
100000 
20 22 557931
100000 
33 44 512710
100000 
15 31 295196
100000 
16 41 407997
100000 
22 35 708208
100000 
22 30 754326
100000 
13 17 382867
100000 
19 43 538694
100000 
19 24 792410
100000 
28 42 219934
100000 
2 12 582196
100000 
4 39 770647
100000 
4 8 151818
100000 
6 15 605728
100000 
1 26 281039
100000 
30 42 166652
100000 
46 29 434711
100000 
20 30 56715
100000 
14 49 171074
100000 
27 32 689275
100000 
22 23 291627
100000 
30 41 639659
100000 
11 23 179872
100000 
7 35 373766
100000 
19 40 730811
100000 
23 30 116051
100000 
13 23 988438
100000 
12 40 668229
100000 
12 25 168964
100000 
4 24 882619
100000 
18 38 558390
100000 
31 50 566449
100000 
21 24 729273
100000 
7 47 804430
100000 
21 35 740196
100000 
18 18 686355
100000 
34 6 753866
100000 
2 50 225525
100000 
21 22 379019
100000 
5 23 979911
100000 
12 17 842446
100000 
8 16 79102
100000 
15 41 305316
100000 
6 27 669877
100000 
2 43 672643
100000 
13 35 888678
100000 
38 44 489171
100000 
22 42 748578
100000 
16 14 19120
100000 
6 14 328002
100000 
26 37 450271
100000 
25 42 477639
100000 
49 50 672959
100000 
47 16 419585
100000 
41 44 474762
100000 
43 46 112278
100000 
9 39 282771
100000 
27 34 855986
100000 
13 32 428796
100000 
22 31 264136
100000 
18 18 141550
100000 
5 5 118626
100000 
7 29 96806
100000 
3 37 709323
100000 
16 39 482276
100000 
1 13 463402
100000 
14 17 328422
100000 
39 28 508377
100000 
31 43 430357
100000 
28 42 837372
100000 
3 23 903869
100000 
1 19 730122
100000 
34 44 448222
100000 
29 19 772718
100000 
4 42 91112
100000 
7 37 1147
100000 
9 26 991605
100000 
21 26 958302
100000 
36 40 141903
100000 
3 15 117207
100000 
18 50 38423
100000 
22 35 410064
100000 
39 32 969788
100000 
36 45 922158
100000 
7 17 921736
100000 
31 36 567305
100000 
5 15 690928
100000 
7 17 948035
100000 
1 21 598539
100000 
40 39 479847
100000 
15 48 365912
100000 
31 45 870460
100000 
19 27 306761
100000 
27 50 784675
100000 
