21 52 200 682359
7 19 909751
343 518 262 172 270 674 836 61 422 409 117 30 254 297 153 217 813 847 587 145 354 372 34 243 62 8 764 575 398 295 714 717 679 966 157 291 930 995 478 160 74 371 850 285 480 166 551 44 220 34 313 860 574 142 427 973 874 460 487 215 416 745 605 62 670 846 68 888 986 0 193 192 178 112 728 115 414 134 770 389 499 464 328 701 222 542 653 873 736 204 426 553 663 960 107 24 631 543 790 296 165 443 391 968 976 44 588 322 37 915 721 149 955 526 946 145 329 15 758 62 457 410 727 185 804 829 169 852 442 991 146 679 972 113 468 965 985 813 757 134 103 621 890 237 400 154 897 848 144 123 491 6 345 540 221 699 211 679 934 590 318 382 925 64 95 449 926 926 640 34 39 871 473 862 40 927 738 659 207 235 701 15 973 830 390 749 622 188 693 726 601 1 424 686 909 299 248 530 212 6162 
12 17 597888
770 532 350 386 729 399 328 558 165 4 928 56 942 983 171 610 993 494 334 174 844 721 463 356 578 813 876 771 576 862 361 434 979 138 739 677 187 693 875 91 260 445 847 574 225 758 222 657 458 73 694 335 784 205 71 499 341 727 344 462 137 354 225 889 3 930 339 83 255 870 367 819 40 24 491 86 701 92 73 731 116 711 72 919 223 597 335 453 48 551 578 40 537 427 756 315 966 932 118 503 106 936 368 928 628 84 67 498 124 280 882 646 316 508 708 280 336 12 597 432 3 722 29 56 73 122 836 384 492 298 639 575 645 296 952 332 247 152 569 140 292 42 752 309 352 957 71 21 328 456 10 65 573 117 221 206 797 932 911 348 205 985 355 292 542 391 527 265 671 229 175 531 251 642 986 735 425 710 794 930 707 919 511 814 31 352 479 161 232 830 77 816 296 143 989 201 363 363 828 8562 
1 17 264823
777 710 247 442 457 980 688 453 790 208 921 209 717 604 663 564 671 202 11 22 503 725 691 338 30 198 87 420 805 95 166 856 119 558 995 377 468 43 807 574 239 819 842 741 879 628 870 871 801 345 450 617 307 81 82 418 37 967 896 396 337 99 434 594 103 691 421 183 727 48 229 226 560 340 104 992 440 832 93 611 285 944 760 772 281 8 577 777 630 276 943 152 226 193 667 471 205 65 536 534 431 363 722 668 894 567 715 385 5 953 220 119 692 979 275 773 24 719 597 41 797 82 10 857 581 25 396 537 208 320 708 769 377 754 322 99 206 604 870 847 139 387 419 70 108 310 849 209 877 888 863 53 592 587 630 463 474 987 999 448 361 471 270 495 405 77 781 712 848 506 95 600 499 798 59 630 765 390 322 98 176 783 476 139 460 418 805 362 615 573 766 169 371 434 687 271 914 220 644 3829 
2 8 245243
218 925 790 81 588 323 472 251 894 330 920 831 20 89 205 935 471 342 378 938 626 276 67 989 731 140 129 130 643 884 272 232 166 828 272 455 755 560 406 52 773 668 75 212 827 84 448 726 772 27 640 964 40 164 174 911 449 96 679 967 686 843 599 113 25 501 706 925 83 302 6 278 462 126 37 533 431 973 985 662 627 258 19 408 531 998 99 697 809 451 279 144 290 646 899 727 240 102 953 505 461 932 492 996 828 809 876 79 106 990 36 467 312 489 442 956 888 133 615 311 670 96 829 752 854 296 19 51 175 422 332 472 83 864 512 724 202 944 972 911 435 91 83 394 542 960 514 588 996 605 979 800 338 908 508 160 219 228 207 703 279 77 2 993 900 239 815 570 936 615 136 271 35 996 384 670 75 51 557 11 729 106 756 840 978 732 1 900 677 68 157 582 308 872 610 508 993 797 359 1491 
2 13 556442
926 330 121 836 776 611 399 799 639 356 493 725 116 737 984 306 172 258 481 690 970 695 880 612 599 237 19 494 595 579 829 31 887 548 897 145 373 463 216 930 278 953 964 336 514 517 529 999 649 373 328 272 281 688 660 599 264 868 450 950 621 425 241 656 724 219 725 168 712 469 289 922 608 117 905 805 694 61 483 692 397 833 529 873 417 136 886 590 715 468 602 269 25 375 924 93 675 995 362 50 309 99 18 165 284 623 652 207 565 665 16 60 702 926 71 63 742 227 742 515 219 246 838 843 362 211 524 861 550 832 411 93 697 379 972 22 780 923 55 797 67 515 83 668 29 448 538 500 449 289 192 955 934 855 157 951 161 591 619 720 372 511 535 453 786 769 23 616 105 599 52 778 51 239 663 801 263 703 822 913 910 507 540 877 491 520 957 242 287 705 865 250 594 77 161 0 0 0 0 0 
7 12 941476
668 703 600 595 271 119 463 557 825 727 385 962 756 559 264 392 834 897 213 525 728 100 712 116 256 555 820 444 38 696 465 94 149 498 406 102 618 887 630 203 839 531 183 665 923 178 429 499 136 285 889 274 207 52 679 429 176 562 20 828 76 404 204 548 270 519 158 40 427 813 125 937 624 972 519 197 298 99 419 74 523 331 448 916 789 925 645 153 8 895 774 874 89 490 898 462 904 525 410 171 682 115 180 681 866 581 455 518 28 392 689 816 370 408 6 845 638 519 645 294 774 933 339 536 831 693 738 817 164 535 17 140 2 169 455 226 24 793 1 323 538 456 740 534 159 606 698 910 874 244 631 66 450 739 331 297 331 769 347 160 124 1 78 406 637 642 385 624 234 630 414 167 887 195 976 520 837 915 61 342 167 833 256 499 85 284 211 525 498 727 970 587 832 521 96 369 609 877 228 6064 
10 17 56080
370 687 795 625 379 839 710 218 454 85 667 822 707 473 779 898 668 126 202 777 460 935 929 429 796 663 632 310 716 436 905 127 805 665 237 707 861 365 123 860 107 302 971 866 590 481 48 82 296 557 201 71 780 879 964 321 401 437 528 261 153 35 54 94 582 232 709 623 204 426 476 59 616 148 234 388 462 297 221 100 610 277 268 496 838 689 228 748 581 842 653 875 87 120 286 439 276 738 188 483 947 126 43 176 39 552 194 419 334 357 194 161 8 725 407 427 701 419 62 497 906 220 464 82 44 903 559 882 725 368 354 481 353 991 31 892 828 723 635 115 307 232 65 26 326 977 823 303 449 569 17 103 300 861 286 935 32 151 430 250 694 851 528 174 299 350 496 546 575 968 352 312 736 427 576 418 469 472 986 188 106 155 572 19 528 386 823 643 753 568 355 433 449 673 22 465 106 546 425 8550 
4 19 287279
921 627 147 9 46 743 288 679 37 353 893 219 995 659 182 718 303 572 787 739 492 649 382 479 13 924 347 272 57 458 2 1 88 509 384 201 568 7 259 566 70 434 466 402 411 937 178 871 738 903 655 394 96 981 267 639 107 560 42 142 361 69 703 393 755 40 385 600 605 614 409 770 766 56 766 451 73 852 429 612 337 903 590 541 914 594 989 774 757 203 955 922 638 773 231 575 801 687 957 210 757 64 687 594 666 732 579 650 241 213 98 862 77 43 122 514 31 465 421 468 585 969 929 318 723 765 556 30 426 355 710 530 35 384 15 750 666 671 924 380 238 472 55 169 964 883 973 964 950 84 971 966 48 838 343 530 155 821 177 995 501 221 38 533 295 711 804 775 217 128 462 84 161 105 575 486 577 446 993 554 650 595 965 237 818 376 59 962 910 563 521 599 148 802 644 649 517 51 649 1090 
2 20 168230
560 446 150 937 719 670 968 46 537 59 968 377 708 962 387 185 309 249 827 932 337 630 709 239 432 308 192 284 172 865 677 873 639 818 753 168 291 938 355 472 53 50 999 762 905 33 983 77 488 3 852 392 301 4 936 930 377 599 404 672 629 16 99 797 297 322 50 637 6 87 200 726 914 714 825 380 286 714 684 407 802 184 361 941 374 410 152 624 405 564 469 522 545 409 943 841 684 543 320 32 111 650 792 709 986 488 954 755 800 893 651 100 999 464 49 356 122 41 475 932 638 823 930 621 207 660 250 232 337 499 799 906 983 751 157 902 783 724 647 185 563 486 542 974 772 868 537 832 575 307 987 241 121 716 501 430 958 591 333 818 881 354 17 175 722 391 501 720 229 651 687 930 23 812 673 498 649 740 867 243 705 41 641 221 2 652 707 348 274 24 226 0 0 0 0 0 0 0 0 0 
17 20 327994
331 279 772 625 812 191 341 665 901 445 745 270 170 331 981 433 790 41 155 105 40 969 374 92 137 338 814 744 579 692 699 229 215 346 22 54 491 894 912 540 257 578 809 521 831 212 480 388 940 840 883 967 8 229 901 160 149 573 292 672 942 242 510 441 304 634 297 472 720 127 250 435 588 954 336 511 276 879 859 254 413 0 894 873 839 323 669 607 382 378 331 133 539 297 187 442 358 526 177 769 311 318 832 203 283 26 910 766 475 109 106 781 883 791 602 193 769 176 805 957 887 812 387 15 483 581 495 163 473 312 559 196 472 128 686 441 45 755 867 124 990 144 50 249 330 997 405 767 126 570 520 692 736 948 313 462 960 582 586 115 267 666 447 750 163 719 433 78 662 421 884 416 799 499 14 854 364 51 990 512 739 4 811 823 541 260 269 555 284 185 722 775 191 269 447 38 126 536 547 3748 
8 8 857543
680 595 846 887 796 558 139 822 427 503 393 516 734 666 179 952 910 687 448 820 399 554 373 581 19 840 631 403 778 170 130 476 415 989 62 362 594 365 156 915 774 955 712 465 877 861 716 17 806 601 499 657 645 523 797 431 660 349 506 355 780 165 3 374 52 148 576 609 753 55 69 472 477 514 636 317 895 925 289 348 318 282 764 195 934 511 150 464 61 692 355 239 268 575 511 703 959 142 441 845 866 796 720 353 539 157 174 973 469 49 48 392 338 461 885 503 465 182 710 874 189 61 163 981 141 754 405 248 643 386 777 989 888 896 862 94 828 200 101 979 42 214 859 707 837 929 59 74 612 502 744 684 123 508 680 88 535 167 299 899 428 460 422 217 805 673 225 419 447 654 3 812 190 607 661 26 611 788 716 600 801 574 494 583 271 530 96 579 360 794 305 261 308 590 949 159 639 0 0 0 
18 18 840592
396 66 398 385 19 900 220 904 684 329 529 545 146 574 125 23 917 652 95 373 544 844 590 758 24 742 913 367 496 598 503 796 767 699 637 29 934 436 820 9 325 273 166 69 664 619 287 0 29 740 829 530 836 914 493 353 705 861 994 761 341 430 295 79 501 72 429 309 389 606 294 234 285 639 726 640 327 798 561 656 721 91 425 126 932 711 975 694 388 703 916 202 924 413 348 562 211 669 473 664 217 268 476 241 177 307 879 802 510 464 800 206 477 746 606 744 892 758 296 243 626 109 643 120 672 992 278 777 242 799 500 931 252 512 121 676 113 120 323 426 859 387 64 194 515 345 286 361 957 498 384 914 248 339 742 371 632 804 293 713 317 221 502 79 506 284 34 907 709 144 814 321 345 266 380 11 701 658 315 747 230 400 283 35 792 110 166 136 956 669 430 738 781 657 436 838 744 113 173 3812 
18 3 273312
468 481 351 252 612 744 625 927 527 374 298 452 704 891 144 267 811 997 78 157 360 511 627 14 912 898 7 294 975 435 750 615 727 571 447 507 424 228 836 474 311 530 509 574 653 43 606 644 104 179 143 981 466 375 595 850 0 539 294 498 931 30 815 962 213 526 110 717 547 877 375 790 548 124 695 878 337 166 251 494 307 435 127 740 628 298 297 66 747 898 824 792 771 805 224 567 243 138 349 639 839 605 404 60 666 278 540 660 736 309 885 745 114 337 421 239 118 204 898 649 926 53 227 354 286 790 61 863 461 893 5 88 975 889 584 374 510 114 685 548 316 353 720 166 43 713 405 806 657 828 697 884 236 121 495 771 450 755 549 945 354 956 747 312 309 536 802 910 27 59 910 719 582 580 450 868 307 259 452 790 212 747 959 172 170 563 226 346 513 353 312 5 399 967 840 594 151 72 520 700 
9 11 475685
269 864 172 913 680 53 499 563 538 50 6 752 381 320 507 846 700 966 730 974 412 487 847 307 634 467 120 468 663 430 185 570 589 882 968 89 831 926 427 634 354 783 971 37 126 691 232 439 414 628 374 720 694 461 605 178 914 241 252 820 38 855 34 94 496 734 685 880 545 975 466 191 870 761 853 503 501 195 762 849 668 410 527 541 471 666 740 640 277 324 619 653 165 700 700 587 823 701 56 226 58 473 268 277 543 977 140 518 759 979 606 956 671 89 551 10 795 934 476 701 692 567 97 841 372 309 388 666 778 941 594 277 678 528 596 87 4 696 621 898 833 447 807 168 454 884 472 423 98 104 274 11 958 698 104 811 204 135 752 22 237 344 268 125 91 378 129 677 330 807 956 793 943 440 796 215 254 559 430 728 754 536 403 461 279 100 734 835 549 177 945 556 528 139 0 0 0 0 0 0 
3 21 540593
637 722 323 69 177 871 530 610 790 699 366 439 779 544 276 715 215 657 784 651 764 670 249 871 301 130 590 511 875 770 724 574 62 987 620 180 147 207 530 921 658 615 236 227 64 404 341 627 265 5 970 923 902 182 61 119 206 324 131 924 890 393 465 960 238 124 546 246 786 214 704 266 131 279 442 473 959 514 735 582 381 96 956 203 639 191 529 558 54 141 420 667 398 915 409 306 183 840 371 355 145 245 586 685 382 242 25 545 2 990 991 550 517 662 495 698 585 486 84 990 814 825 590 349 912 522 707 162 534 167 255 461 132 459 211 576 203 513 583 342 859 305 190 283 94 115 975 4 635 956 907 793 612 765 12 243 505 969 244 993 630 324 803 947 1 729 457 294 196 527 905 955 719 924 199 186 941 859 367 640 805 511 896 474 331 811 979 454 615 866 534 390 557 635 656 463 210 249 0 0 
11 18 526968
706 154 51 90 679 562 30 118 981 184 252 532 529 83 37 924 690 529 663 536 593 436 45 622 195 646 528 960 947 961 602 704 66 676 477 137 213 933 849 425 375 283 99 357 648 20 2 491 16 930 690 72 848 49 140 247 609 149 224 974 830 783 620 6 564 335 717 34 280 169 139 473 366 368 553 819 243 747 785 602 645 444 878 72 937 976 685 651 613 576 708 776 843 660 853 606 372 196 625 94 350 43 903 354 525 292 864 1 665 244 920 928 386 746 975 69 383 979 500 312 807 438 541 386 350 861 654 739 609 755 436 220 616 83 903 320 137 967 827 285 871 812 338 369 477 577 447 252 995 194 896 820 736 615 446 76 643 426 524 6 895 376 23 726 33 886 63 292 564 417 132 211 265 970 339 181 777 262 865 229 600 481 568 557 83 0 776 19 72 296 674 33 905 303 735 160 387 113 370 4258 
12 13 433387
153 242 776 195 991 984 102 661 710 525 217 665 876 572 473 801 3 481 878 171 377 321 218 527 718 364 105 665 600 516 791 910 100 174 782 120 974 817 25 721 213 677 188 418 317 790 497 447 49 998 529 564 850 173 661 95 39 949 162 508 843 163 719 817 207 745 699 50 965 83 834 852 874 886 709 713 643 295 164 916 309 629 951 243 667 40 277 665 86 987 429 185 242 78 312 892 258 79 920 236 885 59 890 226 218 728 763 96 926 515 950 741 843 914 531 546 232 67 614 809 420 360 566 533 863 970 73 855 431 301 112 55 364 513 249 810 323 575 463 820 232 3 971 406 892 50 977 40 72 675 407 778 599 582 121 419 449 658 954 465 887 605 790 14 697 635 921 201 46 693 925 602 747 495 558 607 788 835 355 439 690 27 940 316 712 105 381 608 4 285 670 876 531 318 651 0 0 0 0 0 
13 14 840024
417 122 899 482 127 158 608 210 847 904 938 272 440 450 128 311 557 319 681 139 366 217 283 655 35 512 170 743 863 433 39 170 112 467 496 793 330 13 305 538 632 247 432 804 121 576 457 480 194 769 195 669 173 250 625 666 388 281 835 584 801 455 461 528 735 351 109 973 918 368 445 779 45 90 427 307 426 125 143 435 792 30 995 730 172 802 877 747 653 78 657 171 801 405 431 487 766 480 634 614 4 151 413 859 89 334 139 765 971 522 391 223 303 938 744 605 751 354 838 475 838 279 822 723 266 766 481 495 176 906 5 324 56 544 517 727 320 113 408 875 211 953 403 194 609 290 520 27 746 907 393 269 582 407 779 615 545 200 741 941 955 417 802 887 900 805 992 309 980 547 707 899 718 400 15 747 669 449 118 574 358 178 374 807 567 575 171 960 281 812 909 822 745 419 851 721 505 802 241 0 
7 17 836120
451 808 231 997 682 511 569 54 523 290 773 333 569 388 942 664 215 641 614 265 833 144 551 348 844 94 164 34 459 52 627 77 69 479 345 775 912 542 464 406 498 159 367 959 950 808 86 201 673 954 248 367 515 905 298 189 223 325 896 141 645 562 567 300 897 248 871 645 798 982 337 764 863 816 609 431 784 972 748 470 209 171 376 319 58 464 912 622 224 633 248 207 108 541 895 130 169 627 504 381 287 851 541 615 74 282 960 109 930 773 655 613 121 582 250 593 19 348 983 332 237 232 346 433 408 390 496 954 584 127 406 55 552 159 622 508 545 67 289 675 158 531 290 273 367 324 103 44 671 736 374 181 844 506 182 329 184 79 556 822 151 597 492 848 649 259 681 690 28 929 570 583 523 354 395 142 886 676 391 209 690 869 194 648 728 247 998 413 149 14 114 859 108 349 624 891 854 746 625 4662 
18 18 670114
820 875 322 733 493 297 585 186 860 56 873 442 907 512 835 843 288 580 145 432 24 161 260 702 540 731 857 381 353 886 355 624 519 187 892 696 532 671 148 796 379 32 450 21 267 633 753 221 786 754 457 676 685 50 356 987 321 118 47 895 169 597 750 873 249 826 280 711 684 760 453 494 363 460 763 372 323 200 644 321 722 229 386 908 248 127 268 709 704 13 782 138 661 705 322 381 364 648 826 440 934 8 208 739 891 454 483 793 319 583 264 531 714 936 936 887 121 994 91 797 463 488 311 427 493 624 317 10 482 688 931 528 229 504 67 32 376 644 924 415 552 913 719 879 472 630 402 739 801 985 287 831 491 334 235 969 492 361 320 891 232 876 984 546 213 172 870 2 811 275 424 870 578 404 384 980 672 710 739 505 894 303 831 515 396 924 367 454 621 152 197 0 0 0 0 0 0 0 0 0 
7 10 958588
896 801 992 945 135 150 423 391 603 690 164 595 159 304 167 12 360 583 273 1 724 666 135 770 313 784 333 2 550 892 834 369 990 475 136 820 366 510 258 776 369 448 19 74 9 383 464 118 48 601 299 642 566 674 765 517 209 478 339 96 80 62 791 736 745 166 144 727 224 678 897 305 225 530 455 388 594 727 26 299 133 48 767 439 282 445 715 848 819 979 274 658 918 348 59 242 767 447 622 337 767 739 363 641 665 673 695 113 842 786 597 632 640 844 166 431 649 943 585 967 944 54 511 821 181 964 673 601 193 744 564 277 68 695 522 846 188 316 880 123 207 963 185 995 547 265 352 533 942 249 428 202 804 850 87 922 833 982 925 938 671 162 29 686 60 515 444 172 793 158 402 806 219 716 688 354 165 191 887 762 36 324 167 834 51 361 160 212 304 692 266 493 92 143 209 803 502 175 324 4449 
1 10 984433
534 205 280 959 415 952 419 427 93 679 759 63 557 982 654 439 255 994 789 761 268 11 657 427 825 7 362 291 654 517 480 37 110 373 518 537 999 195 199 937 98 824 267 661 277 883 244 34 374 603 569 166 236 964 713 67 309 170 626 17 514 240 814 805 178 813 356 978 465 826 266 787 176 231 659 805 135 57 741 620 62 216 257 643 412 616 948 696 762 958 547 481 767 218 326 140 672 49 260 869 661 39 836 229 665 843 505 977 640 594 120 167 742 211 581 208 204 39 215 950 763 15 998 330 27 425 475 693 201 925 257 523 526 375 506 32 896 281 194 860 319 571 414 572 206 247 648 913 617 91 995 451 916 195 588 3 265 69 857 880 777 706 603 425 94 834 987 746 808 974 958 635 331 987 798 279 714 899 18 66 621 888 284 845 707 115 906 860 663 335 206 68 663 409 723 802 639 355 51 589 
7 12 728267
501 642 881 752 807 859 934 633 37 433 510 812 218 670 676 102 883 82 726 759 934 685 939 15 324 928 852 171 468 888 645 370 88 167 883 477 451 585 181 25 38 319 965 149 422 480 663 791 278 976 893 457 450 313 310 904 871 324 437 254 769 324 85 771 264 764 755 144 461 392 348 607 156 939 660 332 162 431 591 243 804 703 584 218 520 966 843 28 923 55 200 924 901 324 282 451 540 243 87 529 926 441 621 955 468 358 874 733 631 43 802 176 393 83 233 518 828 106 440 66 571 824 162 767 703 378 74 830 270 313 417 694 159 673 460 280 956 570 726 441 145 482 91 598 471 68 612 986 442 549 356 518 443 835 431 224 293 479 920 362 704 454 239 462 819 50 326 992 189 271 261 457 342 824 421 511 50 442 308 204 457 250 800 788 869 71 722 720 256 930 620 772 465 961 751 37 684 173 271 199 
9 14 382114
445 775 381 522 730 214 455 990 808 55 16 698 489 244 104 358 654 146 184 510 533 51 846 57 604 25 377 503 483 993 863 938 359 657 609 476 199 316 919 224 905 325 516 343 544 673 350 253 966 576 753 959 415 457 433 855 280 298 986 8 972 917 628 258 110 835 943 68 396 224 13 629 230 349 5 25 933 418 37 755 215 774 692 171 899 302 407 999 232 572 529 990 227 89 332 67 763 374 722 547 617 688 586 259 501 418 348 995 112 685 163 996 467 240 604 950 419 966 268 221 173 463 461 822 802 439 780 859 721 402 247 936 572 913 533 190 407 440 369 782 935 181 645 506 671 273 494 415 496 45 917 443 947 49 987 324 800 177 602 888 856 878 168 406 615 233 108 497 656 855 21 830 751 473 777 200 971 826 177 66 93 847 809 865 585 992 429 182 564 630 286 813 282 839 137 321 0 0 0 0 
12 15 59873
714 655 479 248 633 313 283 58 94 144 588 925 187 425 823 184 6 488 691 827 935 920 428 165 392 837 854 922 857 645 892 79 935 158 439 599 502 964 968 66 257 171 805 546 630 309 15 439 954 430 674 713 587 552 597 843 50 834 908 225 748 997 348 160 602 146 226 793 127 323 554 348 100 73 296 648 209 26 436 344 482 229 778 427 919 515 183 290 51 247 189 400 653 128 139 977 269 66 545 567 412 404 135 0 225 582 673 100 379 729 700 473 674 470 498 743 543 508 302 755 74 580 364 399 522 324 512 676 746 333 292 807 431 352 888 826 476 815 247 161 213 371 861 468 575 653 952 68 745 709 71 610 415 477 490 133 122 930 382 423 539 485 1 217 6 318 641 990 717 754 388 68 260 72 607 542 399 137 152 541 780 582 972 490 300 895 855 485 667 633 912 524 225 534 470 308 290 231 125 5671 
16 13 99788
818 409 875 229 553 59 179 200 128 59 328 202 440 883 580 684 604 232 948 497 840 610 457 843 357 983 578 883 974 727 715 798 576 657 440 154 948 520 805 915 101 389 792 44 493 793 763 952 666 964 268 262 638 814 830 211 893 172 514 695 982 957 558 803 923 249 769 99 309 25 447 508 895 564 975 910 500 580 788 667 617 897 131 180 810 495 246 44 376 389 812 641 338 22 240 130 260 960 536 417 621 659 178 118 573 341 343 86 16 960 116 125 183 761 556 757 347 468 37 109 142 515 20 742 817 710 261 967 305 346 975 882 769 433 544 978 745 807 32 114 493 604 126 185 521 587 324 699 399 365 536 213 202 5 109 200 846 650 201 169 882 545 558 293 55 62 329 514 51 22 391 771 204 897 549 39 642 692 744 475 338 815 109 365 970 251 788 986 713 935 273 918 440 169 209 100 496 43 104 1381 
8 2 169833
253 600 85 201 713 443 784 62 302 306 585 606 328 284 425 830 927 788 626 231 791 151 105 6 483 326 279 826 507 815 865 169 447 343 374 327 194 374 346 776 636 337 508 625 181 821 43 471 50 935 327 704 682 504 716 729 358 770 791 228 983 703 160 630 747 938 451 917 549 512 25 231 597 840 906 975 588 319 435 288 699 603 279 28 67 99 45 275 603 169 625 484 722 986 845 619 197 401 395 772 508 929 898 994 39 813 550 272 635 524 213 421 684 694 587 532 810 22 474 675 969 365 651 201 602 835 8 139 139 51 171 466 497 656 630 276 781 157 904 265 60 350 828 787 372 114 378 600 232 364 733 192 802 576 12 43 347 620 495 773 245 239 555 145 530 224 757 277 388 219 172 746 517 773 199 187 409 1 763 620 275 251 960 168 58 549 435 895 942 739 966 479 967 186 468 567 634 384 856 3534 
9 14 55383
529 251 555 31 781 4 676 296 769 272 453 956 951 543 851 100 566 22 592 638 182 412 484 236 970 801 712 910 711 984 51 668 731 587 752 724 520 513 949 284 559 369 932 375 908 192 176 0 693 981 420 219 792 620 444 823 282 531 883 978 660 922 787 521 283 67 513 726 634 478 514 438 783 751 38 382 237 777 250 46 617 971 493 163 761 14 280 633 983 3 93 807 948 379 80 357 102 761 504 918 600 155 25 965 490 10 900 831 127 505 319 874 540 622 700 986 238 27 492 52 382 113 48 20 79 885 771 135 551 204 460 935 240 542 588 184 225 748 128 857 723 419 663 460 228 829 840 63 469 343 820 489 735 479 750 78 96 158 629 664 822 48 698 235 136 258 284 248 121 887 813 117 540 688 800 4 587 337 785 662 83 167 301 673 369 112 666 629 111 394 399 28 587 806 752 884 528 358 323 2404 
15 7 778288
832 505 191 26 96 277 532 817 970 384 434 322 565 460 534 78 332 8 680 706 419 209 815 144 537 996 414 874 992 365 999 955 861 411 661 871 408 35 346 235 510 543 27 989 359 762 572 107 845 961 223 481 31 507 139 898 10 566 666 732 494 672 374 113 262 485 94 65 41 287 670 224 485 837 289 954 181 542 739 629 750 665 490 56 798 647 354 496 412 9 995 12 53 464 581 670 592 919 396 909 206 469 862 422 436 855 758 378 330 267 666 829 869 536 695 954 29 493 822 111 292 907 539 703 294 742 545 715 206 96 734 430 448 742 777 27 782 648 646 130 147 849 492 227 419 222 872 204 271 744 90 116 43 897 174 219 721 199 417 382 690 504 736 510 574 573 31 447 578 905 681 407 105 959 193 266 951 296 520 418 959 770 845 807 921 30 165 334 971 156 984 745 132 397 194 768 854 71 658 871 
12 4 191615
864 969 697 82 241 584 879 745 185 331 194 415 323 973 950 886 284 692 675 283 571 49 684 309 889 500 400 643 211 405 152 622 514 833 314 669 177 297 938 897 246 36 772 171 333 44 56 802 561 185 56 404 233 799 165 112 536 523 667 425 614 250 555 931 61 44 641 567 827 933 860 513 755 183 447 839 889 785 47 558 496 209 890 893 701 602 277 230 948 136 848 989 951 953 261 204 149 632 161 227 78 723 356 311 65 203 981 580 566 715 389 692 891 778 406 221 401 910 341 779 748 529 405 66 280 604 487 400 259 391 827 211 36 570 231 858 905 892 639 1 650 259 501 447 108 936 135 213 85 129 85 551 632 282 644 419 493 638 257 452 855 184 377 102 3 126 316 301 603 773 980 24 737 360 1 932 158 955 372 310 727 512 350 315 252 11 635 618 93 419 917 895 158 834 407 406 839 961 424 3609 
3 7 989231
466 785 432 18 149 880 957 292 50 610 276 519 927 70 741 649 51 772 72 453 427 860 829 41 282 802 986 207 671 131 18 27 946 215 462 441 747 741 871 485 105 833 995 243 356 437 752 945 692 566 148 453 166 621 87 44 721 958 298 737 467 748 723 233 284 248 630 361 595 876 626 160 193 330 600 673 872 589 158 214 592 42 317 243 619 538 108 951 85 967 374 361 870 875 220 718 524 884 575 224 528 316 301 209 652 463 759 143 407 67 202 407 655 812 151 676 848 299 875 960 264 366 179 916 782 687 623 472 634 635 849 763 955 527 809 744 726 142 377 826 590 149 110 800 877 74 653 730 316 710 278 372 425 452 858 529 794 671 834 582 413 613 816 81 991 905 365 876 86 143 249 865 948 187 80 841 939 518 990 306 64 142 362 649 468 575 698 315 750 726 498 546 849 154 0 0 0 0 0 0 
6 13 441855
828 170 487 175 851 580 662 852 730 126 586 928 845 136 374 846 892 234 526 64 34 419 571 235 786 340 365 722 259 311 322 959 295 768 656 158 814 41 123 824 714 173 318 457 287 541 567 718 512 477 758 125 214 456 400 797 362 439 246 725 41 981 525 875 931 855 494 873 387 370 490 21 713 624 736 624 114 434 396 422 647 56 865 999 767 873 796 736 199 805 931 494 47 927 801 620 365 467 505 603 833 820 757 146 344 908 851 353 835 410 698 428 197 290 712 202 8 324 769 651 859 589 354 137 210 529 838 421 300 792 26 814 790 126 240 817 178 647 100 882 431 981 450 657 22 927 732 404 671 655 517 226 932 752 319 936 713 984 661 555 783 255 567 592 935 451 809 531 695 374 750 511 218 625 228 874 741 110 529 148 72 534 631 272 53 393 164 141 422 679 255 58 301 0 0 0 0 0 0 0 
8 10 345362
922 342 506 871 497 923 60 653 178 522 903 325 699 691 370 177 779 99 673 438 191 894 610 58 738 722 418 996 375 20 975 672 269 426 437 15 113 488 485 784 378 584 869 528 599 267 555 746 469 636 843 105 497 567 590 17 136 483 929 574 755 954 842 350 379 190 12 542 418 700 119 956 559 160 123 669 390 551 775 118 230 145 469 508 215 309 732 772 805 826 866 596 890 944 194 276 471 148 864 557 533 451 440 186 254 858 777 629 634 415 752 469 221 319 549 62 196 837 337 382 465 631 880 656 948 175 804 619 191 393 195 288 815 133 922 743 752 511 658 737 9 974 100 267 366 456 956 318 474 921 786 543 345 165 755 35 985 68 56 347 671 310 247 144 790 45 294 845 303 775 476 155 631 672 551 302 730 771 941 534 12 425 420 335 841 918 113 186 905 122 310 906 653 417 833 474 235 563 337 0 
19 21 777737
587 343 642 679 897 504 431 635 777 841 728 364 864 132 193 485 519 675 320 186 827 636 493 615 289 153 989 961 841 718 189 4 39 223 927 852 465 694 631 457 415 602 509 296 710 626 932 183 293 728 656 589 356 544 704 18 765 980 619 929 690 410 760 549 462 336 889 317 353 200 70 911 852 945 867 605 377 51 498 506 830 260 276 368 498 609 945 538 150 287 957 739 881 36 511 56 59 796 76 609 30 481 609 359 264 353 550 464 778 918 680 599 804 299 947 638 748 422 519 333 346 191 210 141 683 884 851 111 177 840 109 809 38 633 918 543 664 705 37 42 691 936 792 224 939 433 111 24 384 954 685 662 826 126 164 862 967 359 876 717 960 281 560 972 939 762 782 906 204 735 317 353 261 890 734 713 433 391 711 706 419 436 217 925 382 164 0 0 0 0 0 0 0 0 0 0 0 0 0 0 
19 3 216509
267 751 632 284 801 676 921 803 607 313 174 954 756 879 756 572 454 133 818 639 63 232 86 329 263 38 733 66 545 952 129 556 217 748 928 691 753 81 671 13 432 379 658 614 281 363 447 112 671 369 375 636 240 367 387 377 472 929 751 243 873 406 939 471 985 446 466 345 738 139 452 450 835 619 350 127 312 449 560 860 696 215 639 410 257 658 789 92 205 196 939 270 43 968 356 230 230 901 279 987 938 36 119 651 465 31 870 89 407 898 499 963 552 227 850 417 288 312 987 235 529 709 556 628 55 778 548 136 949 496 880 402 729 142 103 216 546 127 590 473 113 881 705 487 430 277 692 864 451 515 667 663 365 568 856 972 221 224 594 555 834 789 458 494 232 88 154 202 99 21 278 396 96 12 839 642 903 810 597 730 712 998 726 436 430 99 121 919 661 255 121 767 209 698 177 377 329 735 74 2387 
15 17 691949
131 716 505 35 338 836 124 339 540 166 606 229 851 834 805 753 451 8 529 423 735 430 501 426 510 732 76 359 356 895 982 540 386 774 20 923 40 303 990 379 960 406 166 538 864 946 905 116 21 217 296 736 418 956 599 358 375 413 213 484 839 123 476 366 757 744 890 160 122 334 633 967 35 608 845 950 649 265 784 126 472 799 534 898 45 622 513 671 805 189 224 757 969 855 17 801 99 194 956 118 786 549 244 645 92 291 656 899 550 158 717 737 939 176 879 885 415 446 598 344 984 914 27 204 413 457 894 230 257 749 140 462 708 347 757 362 928 282 545 953 537 873 695 874 424 903 728 591 901 387 214 9 83 606 717 359 179 845 472 525 864 80 630 627 98 135 819 515 367 835 810 566 551 516 148 60 274 319 615 133 808 934 970 547 664 652 932 204 652 182 6 942 230 0 0 0 0 0 0 0 
11 20 119260
280 426 679 906 970 53 13 342 248 835 563 296 299 710 967 844 733 245 86 122 848 615 948 388 760 204 388 371 645 705 611 615 195 626 350 986 202 487 72 414 675 984 271 359 60 216 2 684 310 801 662 539 951 662 617 762 81 737 570 138 438 383 395 808 904 445 632 302 117 142 189 282 902 67 657 974 831 864 560 940 608 139 997 147 804 212 745 674 114 9 98 925 887 538 826 919 824 582 427 399 306 613 476 481 347 967 107 110 780 562 598 511 366 538 63 307 779 733 725 862 224 291 151 125 12 739 327 822 408 239 645 369 509 559 51 929 635 359 967 530 772 972 27 483 814 867 140 941 115 675 841 77 449 957 416 884 56 399 922 749 287 143 750 675 432 821 500 857 923 284 835 992 319 906 519 556 437 537 13 558 353 402 750 464 245 828 118 795 850 667 299 152 221 0 0 0 0 0 0 0 
8 17 332308
970 420 235 909 978 942 109 57 638 529 881 472 841 883 470 537 227 873 632 731 962 648 565 844 644 269 407 214 507 260 350 701 90 443 758 479 215 864 825 115 615 485 111 369 832 531 555 695 771 970 780 261 271 477 725 888 207 386 783 600 23 589 862 659 974 943 518 228 150 564 218 573 187 654 469 773 588 528 957 685 465 953 936 71 438 27 807 319 170 546 791 892 696 739 747 325 782 431 504 396 141 822 225 833 180 511 518 675 120 247 221 141 657 61 274 278 299 667 480 421 637 643 820 914 457 696 710 188 606 167 888 892 496 971 119 7 94 173 156 826 289 410 367 530 318 13 106 468 105 274 987 821 0 276 491 878 507 47 354 876 575 362 476 994 716 311 989 583 299 669 132 26 435 274 711 279 940 350 859 73 540 587 600 267 1 303 349 550 890 536 308 536 972 433 167 577 0 0 0 0 
10 11 270080
48 498 91 995 14 163 507 817 463 98 570 300 941 400 273 293 779 640 875 40 732 584 964 370 413 582 557 284 129 213 227 148 738 311 954 614 455 503 833 401 960 423 192 249 852 225 450 219 42 170 46 364 222 873 78 489 627 92 155 70 924 514 667 932 664 824 412 1 443 711 373 948 188 544 177 262 316 795 888 252 610 245 372 469 251 596 302 557 395 183 725 858 806 201 954 433 227 156 909 562 25 364 945 696 957 300 839 173 982 271 648 28 577 837 571 852 825 406 847 588 158 215 428 400 90 210 255 294 451 150 711 76 29 39 530 654 796 230 143 456 838 437 913 948 276 246 511 642 332 609 976 690 909 860 654 475 641 609 556 467 948 601 987 127 814 897 775 361 590 785 934 859 859 97 784 376 147 929 830 133 4 533 803 42 5 778 532 776 498 224 492 115 938 952 191 102 433 646 532 1675 
5 8 847446
114 742 408 407 540 780 36 537 266 758 538 692 860 536 444 909 513 177 644 990 630 75 438 901 170 201 181 854 680 180 148 813 73 717 6 990 417 627 341 672 180 831 118 53 306 676 976 72 832 967 420 360 888 99 271 124 463 170 160 217 67 582 451 678 444 594 674 236 761 54 730 531 562 311 238 886 727 353 447 621 456 598 132 583 742 541 829 105 184 804 15 846 830 374 660 246 225 200 700 937 516 16 711 540 30 312 80 712 265 858 527 269 170 722 745 268 977 304 653 420 332 385 307 563 961 320 671 248 297 569 234 567 224 913 919 498 934 45 60 189 594 163 777 711 304 839 992 702 189 232 628 106 733 802 616 136 632 838 465 533 251 442 298 322 844 549 651 344 424 508 716 571 870 781 6 301 840 871 635 124 978 309 586 831 697 589 459 843 777 622 282 912 754 916 91 703 129 239 528 942 
18 2 367022
91 790 916 531 264 739 78 46 363 547 561 639 502 964 797 383 94 755 215 351 573 888 677 115 948 538 426 819 39 62 43 801 715 463 22 93 135 166 711 359 290 663 540 382 817 30 558 705 102 437 511 98 582 213 748 578 916 421 814 343 304 549 694 279 696 997 491 601 331 857 84 69 72 139 390 906 569 937 282 582 63 622 561 9 720 429 175 103 153 868 251 721 199 714 470 57 788 251 786 401 79 33 993 448 191 140 115 807 859 284 885 16 0 127 285 336 428 157 59 822 806 684 574 698 858 921 541 370 23 758 343 401 705 934 896 690 441 124 378 227 48 146 380 893 647 384 585 597 684 979 126 173 699 783 749 691 88 542 945 722 431 791 911 40 588 420 926 581 553 242 320 468 110 459 672 151 148 971 315 643 177 208 51 449 548 316 225 442 143 71 139 604 395 654 650 474 437 441 91 8311 
6 7 154761
944 434 830 668 586 31 365 234 454 793 424 749 961 140 259 705 964 625 51 511 663 890 11 668 950 509 191 688 976 580 408 891 368 635 449 332 476 803 578 432 977 24 175 474 472 937 918 742 162 629 735 905 500 963 693 833 255 594 471 234 28 624 328 786 657 168 101 429 499 181 826 431 646 81 445 323 703 650 230 45 538 341 571 731 418 670 855 256 544 444 249 321 537 3 718 582 416 687 354 922 404 629 562 506 135 52 27 516 238 105 123 308 545 290 783 71 495 232 60 200 680 37 787 427 124 57 658 878 331 595 917 402 640 463 73 378 557 930 610 20 897 679 151 107 121 483 365 244 948 445 617 514 218 91 406 500 62 346 226 140 435 842 961 932 708 201 922 724 812 91 527 583 226 659 271 340 401 440 757 521 399 52 180 509 251 131 799 573 719 857 378 15 79 388 154 753 289 591 346 5522 
4 11 281613
269 161 655 975 545 101 847 745 899 355 480 931 295 736 701 178 162 79 42 171 504 442 367 580 359 253 519 885 431 895 437 455 336 445 739 724 855 844 79 908 935 157 119 150 685 94 735 692 41 730 727 551 458 956 251 904 458 5 908 655 291 338 209 859 183 557 816 11 912 998 593 609 662 295 211 794 387 469 875 984 317 915 773 637 560 257 702 934 540 494 117 717 515 834 469 749 270 65 340 549 503 256 270 89 713 128 788 945 757 236 899 281 405 671 748 791 867 804 185 17 5 719 417 210 874 886 632 528 577 581 169 619 69 131 738 249 457 386 267 890 250 848 262 954 819 470 214 204 273 958 105 207 934 555 996 608 307 6 569 37 793 325 663 17 78 883 616 737 99 693 63 212 86 795 462 757 622 617 889 530 896 93 718 970 224 636 185 616 963 410 600 843 821 27 326 0 0 0 0 0 
7 9 586253
487 696 134 709 252 305 998 5 903 93 369 687 510 490 345 457 33 54 637 499 544 453 39 291 316 289 340 551 628 826 362 832 453 686 914 375 328 704 936 57 788 240 580 524 617 3 935 468 479 626 280 412 553 856 890 257 408 509 778 228 85 614 48 664 846 299 966 53 198 79 558 97 951 63 14 80 876 297 751 956 960 296 547 981 797 151 603 854 139 362 518 488 470 836 392 74 991 842 177 425 260 677 386 555 943 283 901 548 177 324 638 675 460 144 758 523 900 271 655 141 840 514 369 654 634 27 778 214 179 465 437 259 584 145 160 135 903 513 815 515 226 234 243 334 231 965 262 852 386 527 133 912 971 381 465 108 495 67 361 302 410 147 631 137 423 789 111 411 191 789 125 412 980 672 766 82 350 349 315 73 291 527 44 291 28 684 619 662 222 957 999 194 341 881 262 3 223 497 811 7071 
2 15 514435
596 495 800 814 69 914 776 506 870 809 351 931 270 403 249 442 880 232 156 543 358 311 194 354 891 741 857 706 366 250 347 294 726 944 753 545 990 319 391 888 142 237 130 297 346 477 166 193 74 819 466 836 816 105 426 619 47 6 893 111 971 490 356 734 341 253 450 471 34 635 642 841 727 414 630 379 520 99 681 412 163 527 694 711 243 913 191 539 852 947 811 292 7 351 274 828 587 769 518 746 926 565 861 56 252 880 719 517 822 359 974 505 48 34 269 926 560 946 198 921 416 502 445 675 57 363 903 121 255 746 81 678 875 839 21 515 883 303 917 918 200 225 198 344 211 339 66 541 905 211 951 932 104 723 410 862 606 125 56 892 689 407 810 997 584 530 794 840 684 648 785 778 740 346 448 125 438 956 680 828 445 907 968 256 321 57 236 689 974 289 419 0 0 0 0 0 0 0 0 0 
6 2 976284
283 506 72 555 290 383 616 21 624 276 233 569 18 993 142 386 411 550 698 9 330 652 458 868 923 319 194 331 30 14 342 985 78 30 970 25 872 317 761 886 229 278 871 48 959 104 238 653 429 104 153 947 871 216 353 661 194 496 4 825 284 505 306 349 54 332 4 486 116 552 87 527 462 375 798 826 819 811 282 460 667 136 853 421 200 267 221 831 816 501 684 624 695 343 848 316 851 393 15 214 226 358 640 175 468 199 503 573 196 707 884 831 558 816 413 191 600 355 18 154 9 85 476 334 399 738 503 991 239 892 661 342 317 972 807 585 843 58 771 190 643 572 779 474 329 295 640 859 447 892 469 523 631 409 869 411 782 98 849 345 393 769 510 241 32 420 482 348 726 291 893 298 104 520 572 557 48 375 663 772 949 45 605 644 631 645 80 193 943 954 362 608 926 955 572 284 609 837 998 4769 
10 18 194968
406 828 384 321 700 713 192 449 265 81 873 517 902 357 597 973 23 764 298 716 318 438 610 208 605 999 823 639 267 789 606 244 818 643 148 324 462 722 752 947 161 253 897 861 565 851 597 13 177 999 622 610 453 150 44 951 264 663 818 451 741 467 719 407 649 257 356 606 85 709 185 515 204 842 763 398 603 422 389 159 271 931 265 597 763 900 796 210 572 662 884 84 872 973 699 632 72 39 132 710 645 33 0 3 422 121 628 846 952 111 635 717 669 497 223 932 858 872 51 823 850 764 969 307 717 879 583 281 111 713 949 397 113 350 161 174 468 672 619 389 481 572 376 210 138 234 540 426 747 775 513 805 738 436 785 100 450 634 943 413 925 940 76 784 799 8 211 596 947 523 770 308 604 158 102 436 209 261 514 513 784 985 233 894 772 315 5 111 951 398 596 210 581 0 0 0 0 0 0 0 
5 16 407697
37 654 450 649 463 895 628 749 354 645 362 872 124 482 702 565 116 561 773 880 855 588 957 388 108 770 415 632 372 530 100 105 712 855 649 327 410 538 565 425 477 198 653 435 416 539 910 907 732 185 670 441 160 298 546 612 88 834 672 965 296 341 75 679 873 365 757 166 444 569 742 501 459 207 323 544 128 924 971 666 384 935 500 672 412 483 124 461 865 235 731 248 706 396 135 841 148 918 291 127 828 514 823 533 829 203 806 237 828 390 995 926 723 345 151 974 848 358 677 66 272 249 417 906 190 550 691 584 346 312 398 916 856 130 704 792 532 321 26 597 317 779 571 788 673 540 300 75 604 480 381 683 731 599 307 171 287 909 991 774 921 636 480 21 188 429 115 681 129 323 825 13 720 752 961 242 527 851 259 631 208 813 721 165 887 876 994 595 137 455 0 0 0 0 0 0 0 0 0 0 
1 1 273816
796 184 806 583 886 680 523 272 306 878 492 534 785 725 171 284 730 943 995 426 948 924 820 9 203 124 299 284 24 618 641 505 694 496 637 24 738 722 113 703 652 39 391 49 375 471 264 844 249 197 171 490 534 961 845 999 146 61 223 43 483 999 116 86 730 13 480 669 793 389 952 546 799 959 104 276 924 33 989 564 338 568 896 555 1 651 985 131 625 623 425 715 323 843 765 204 70 117 698 901 820 679 560 866 628 657 150 307 677 208 971 744 221 732 688 794 178 655 67 639 47 372 531 570 610 367 607 34 952 26 970 534 893 837 358 702 768 971 61 278 991 196 798 35 384 473 338 592 452 63 20 981 211 819 488 812 739 565 498 513 787 861 606 399 848 877 182 932 365 804 688 494 350 251 812 247 746 492 831 493 791 516 970 131 639 968 461 673 222 0 0 0 0 0 0 0 0 0 0 0 
3 11 191886
347 870 112 881 251 286 879 744 883 436 380 372 755 905 185 309 736 914 200 894 46 234 649 206 213 278 933 515 110 869 95 74 362 180 839 167 160 84 881 329 675 376 150 767 855 519 175 167 270 15 43 498 327 548 696 763 961 256 822 717 807 557 404 216 832 333 907 541 690 775 263 820 424 373 40 598 178 69 353 105 864 300 416 529 838 858 856 686 535 78 489 927 697 286 169 421 202 476 974 550 299 765 2 518 622 24 851 985 573 138 518 15 664 832 372 216 234 602 967 877 852 848 431 659 768 221 464 547 771 710 372 363 558 844 381 624 342 925 98 497 570 35 651 293 143 64 973 626 510 643 792 661 606 860 155 766 530 8 598 251 611 89 858 409 988 761 945 762 947 218 619 23 400 746 942 460 399 479 7 552 866 909 654 3 76 318 560 481 88 760 186 515 117 540 66 658 926 808 239 332 
3 17 454743
198 614 263 627 935 375 94 914 717 413 449 303 323 849 72 719 406 295 952 177 748 296 635 795 805 113 735 31 132 868 414 555 470 101 604 511 220 865 358 279 232 894 446 324 694 704 590 204 74 581 161 700 416 493 82 33 376 819 270 543 502 878 735 352 950 103 997 720 0 932 925 438 334 621 68 530 730 530 961 141 450 663 303 143 209 912 109 167 465 826 123 890 756 764 304 979 589 113 181 625 392 943 394 313 47 64 170 926 880 942 659 277 591 752 58 934 15 127 605 681 642 373 842 198 821 887 728 389 637 245 553 511 174 381 718 536 138 306 943 773 141 856 16 817 651 562 656 24 214 570 446 596 919 223 691 947 283 699 104 548 831 591 629 362 541 740 457 681 396 562 237 822 550 212 947 187 93 896 692 862 909 374 270 836 367 615 695 318 213 887 771 865 269 572 217 11 23 262 65 761 
14 20 238317
486 284 947 503 654 168 171 958 358 302 882 124 576 499 912 7 59 638 491 704 612 443 860 54 816 910 817 789 962 934 788 227 333 304 138 323 506 602 80 155 289 598 625 910 324 765 64 876 619 134 302 669 898 839 852 168 609 898 889 459 224 98 552 796 834 610 846 39 136 548 619 666 714 512 994 520 832 920 145 761 812 137 406 691 400 106 752 965 680 449 633 571 320 905 109 11 702 230 464 527 673 856 65 791 177 123 245 747 705 974 783 565 145 98 244 502 958 585 393 158 83 811 0 346 882 109 162 44 665 381 614 835 235 43 280 803 582 970 993 413 89 838 328 720 451 682 757 69 72 610 931 28 265 805 664 116 588 713 893 547 949 771 297 50 103 571 379 366 930 505 902 210 786 29 970 35 882 697 444 834 654 183 508 419 185 743 844 229 286 293 2 835 798 25 452 231 0 0 0 0 
