1000
20000 0
19999 125
19998 251
19996 376
19993 502
19990 628
19985 753
19980 879
19974 1004
19968 1130
19960 1255
19952 1381
19943 1506
19933 1631
19922 1757
19911 1882
19899 2007
19886 2132
19872 2257
19857 2381
19842 2506
19826 2631
19809 2755
19791 2880
19773 3004
19753 3128
19733 3252
19712 3376
19691 3500
19668 3624
19645 3747
19621 3870
19597 3994
19571 4117
19545 4240
19518 4362
19490 4485
19461 4607
19432 4729
19402 4851
19371 4973
19340 5095
19307 5216
19274 5338
19240 5459
19205 5579
19170 5700
19134 5820
19097 5940
19059 6060
19021 6180
18981 6299
18941 6418
18901 6537
18859 6656
18817 6774
18774 6892
18730 7010
18686 7128
18641 7245
18595 7362
18548 7479
18501 7595
18453 7711
18404 7827
18355 7942
18304 8058
18253 8172
18202 8287
18149 8401
18096 8515
18042 8629
17988 8742
17932 8855
17876 8967
17820 9079
17762 9191
17704 9303
17645 9414
17586 9524
17526 9635
17465 9745
17403 9854
17341 9963
17278 10072
17214 10180
17150 10288
17085 10396
17019 10503
16953 10610
16886 10716
16818 10822
16750 10927
16681 11032
16611 11137
16541 11241
16470 11345
16399 11448
16326 11551
16253 11653
16180 11755
16106 11857
16031 11958
15955 12058
15879 12158
15803 12258
15725 12357
15647 12455
15569 12553
15490 12651
15410 12748
15329 12845
15248 12941
15167 13036
15085 13131
15002 13226
14918 13320
14834 13413
14750 13506
14665 13599
14579 13690
14493 13782
14406 13873
14318 13963
14230 14052
14142 14142
14052 14230
13963 14318
13873 14406
13782 14493
13690 14579
13599 14665
13506 14750
13413 14834
13320 14918
13226 15002
13131 15085
13036 15167
12941 15248
12845 15329
12748 15410
12651 15490
12553 15569
12455 15647
12357 15725
12258 15803
12158 15879
12058 15955
11958 16031
11857 16106
11755 16180
11653 16253
11551 16326
11448 16399
11345 16470
11241 16541
11137 16611
11032 16681
10927 16750
10822 16818
10716 16886
10610 16953
10503 17019
10396 17085
10288 17150
10180 17214
10072 17278
9963 17341
9854 17403
9745 17465
9635 17526
9524 17586
9414 17645
9303 17704
9191 17762
9079 17820
8967 17876
8855 17932
8742 17988
8629 18042
8515 18096
8401 18149
8287 18202
8172 18253
8058 18304
7942 18355
7827 18404
7711 18453
7595 18501
7479 18548
7362 18595
7245 18641
7128 18686
7010 18730
6892 18774
6774 18817
6656 18859
6537 18901
6418 18941
6299 18981
6180 19021
6060 19059
5940 19097
5820 19134
5700 19170
5579 19205
5459 19240
5338 19274
5216 19307
5095 19340
4973 19371
4851 19402
4729 19432
4607 19461
4485 19490
4362 19518
4240 19545
4117 19571
3994 19597
3870 19621
3747 19645
3624 19668
3500 19691
3376 19712
3252 19733
3128 19753
3004 19773
2880 19791
2755 19809
2631 19826
2506 19842
2381 19857
2257 19872
2132 19886
2007 19899
1882 19911
1757 19922
1631 19933
1506 19943
1381 19952
1255 19960
1130 19968
1004 19974
879 19980
753 19985
628 19990
502 19993
376 19996
251 19998
125 19999
0 20000
-125 19999
-251 19998
-376 19996
-502 19993
-628 19990
-753 19985
-879 19980
-1004 19974
-1130 19968
-1255 19960
-1381 19952
-1506 19943
-1631 19933
-1757 19922
-1882 19911
-2007 19899
-2132 19886
-2257 19872
-2381 19857
-2506 19842
-2631 19826
-2755 19809
-2880 19791
-3004 19773
-3128 19753
-3252 19733
-3376 19712
-3500 19691
-3624 19668
-3747 19645
-3870 19621
-3994 19597
-4117 19571
-4240 19545
-4362 19518
-4485 19490
-4607 19461
-4729 19432
-4851 19402
-4973 19371
-5095 19340
-5216 19307
-5338 19274
-5459 19240
-5579 19205
-5700 19170
-5820 19134
-5940 19097
-6060 19059
-6180 19021
-6299 18981
-6418 18941
-6537 18901
-6656 18859
-6774 18817
-6892 18774
-7010 18730
-7128 18686
-7245 18641
-7362 18595
-7479 18548
-7595 18501
-7711 18453
-7827 18404
-7942 18355
-8058 18304
-8172 18253
-8287 18202
-8401 18149
-8515 18096
-8629 18042
-8742 17988
-8855 17932
-8967 17876
-9079 17820
-9191 17762
-9303 17704
-9414 17645
-9524 17586
-9635 17526
-9745 17465
-9854 17403
-9963 17341
-10072 17278
-10180 17214
-10288 17150
-10396 17085
-10503 17019
-10610 16953
-10716 16886
-10822 16818
-10927 16750
-11032 16681
-11137 16611
-11241 16541
-11345 16470
-11448 16399
-11551 16326
-11653 16253
-11755 16180
-11857 16106
-11958 16031
-12058 15955
-12158 15879
-12258 15803
-12357 15725
-12455 15647
-12553 15569
-12651 15490
-12748 15410
-12845 15329
-12941 15248
-13036 15167
-13131 15085
-13226 15002
-13320 14918
-13413 14834
-13506 14750
-13599 14665
-13690 14579
-13782 14493
-13873 14406
-13963 14318
-14052 14230
-14142 14142
-14230 14052
-14318 13963
-14406 13873
-14493 13782
-14579 13690
-14665 13599
-14750 13506
-14834 13413
-14918 13320
-15002 13226
-15085 13131
-15167 13036
-15248 12941
-15329 12845
-15410 12748
-15490 12651
-15569 12553
-15647 12455
-15725 12357
-15803 12258
-15879 12158
-15955 12058
-16031 11958
-16106 11857
-16180 11755
-16253 11653
-16326 11551
-16399 11448
-16470 11345
-16541 11241
-16611 11137
-16681 11032
-16750 10927
-16818 10822
-16886 10716
-16953 10610
-17019 10503
-17085 10396
-17150 10288
-17214 10180
-17278 10072
-17341 9963
-17403 9854
-17465 9745
-17526 9635
-17586 9524
-17645 9414
-17704 9303
-17762 9191
-17820 9079
-17876 8967
-17932 8855
-17988 8742
-18042 8629
-18096 8515
-18149 8401
-18202 8287
-18253 8172
-18304 8058
-18355 7942
-18404 7827
-18453 7711
-18501 7595
-18548 7479
-18595 7362
-18641 7245
-18686 7128
-18730 7010
-18774 6892
-18817 6774
-18859 6656
-18901 6537
-18941 6418
-18981 6299
-19021 6180
-19059 6060
-19097 5940
-19134 5820
-19170 5700
-19205 5579
-19240 5459
-19274 5338
-19307 5216
-19340 5095
-19371 4973
-19402 4851
-19432 4729
-19461 4607
-19490 4485
-19518 4362
-19545 4240
-19571 4117
-19597 3994
-19621 3870
-19645 3747
-19668 3624
-19691 3500
-19712 3376
-19733 3252
-19753 3128
-19773 3004
-19791 2880
-19809 2755
-19826 2631
-19842 2506
-19857 2381
-19872 2257
-19886 2132
-19899 2007
-19911 1882
-19922 1757
-19933 1631
-19943 1506
-19952 1381
-19960 1255
-19968 1130
-19974 1004
-19980 879
-19985 753
-19990 628
-19993 502
-19996 376
-19998 251
-19999 125
-20000 0
-19999 -125
-19998 -251
-19996 -376
-19993 -502
-19990 -628
-19985 -753
-19980 -879
-19974 -1004
-19968 -1130
-19960 -1255
-19952 -1381
-19943 -1506
-19933 -1631
-19922 -1757
-19911 -1882
-19899 -2007
-19886 -2132
-19872 -2257
-19857 -2381
-19842 -2506
-19826 -2631
-19809 -2755
-19791 -2880
-19773 -3004
-19753 -3128
-19733 -3252
-19712 -3376
-19691 -3500
-19668 -3624
-19645 -3747
-19621 -3870
-19597 -3994
-19571 -4117
-19545 -4240
-19518 -4362
-19490 -4485
-19461 -4607
-19432 -4729
-19402 -4851
-19371 -4973
-19340 -5095
-19307 -5216
-19274 -5338
-19240 -5459
-19205 -5579
-19170 -5700
-19134 -5820
-19097 -5940
-19059 -6060
-19021 -6180
-18981 -6299
-18941 -6418
-18901 -6537
-18859 -6656
-18817 -6774
-18774 -6892
-18730 -7010
-18686 -7128
-18641 -7245
-18595 -7362
-18548 -7479
-18501 -7595
-18453 -7711
-18404 -7827
-18355 -7942
-18304 -8058
-18253 -8172
-18202 -8287
-18149 -8401
-18096 -8515
-18042 -8629
-17988 -8742
-17932 -8855
-17876 -8967
-17820 -9079
-17762 -9191
-17704 -9303
-17645 -9414
-17586 -9524
-17526 -9635
-17465 -9745
-17403 -9854
-17341 -9963
-17278 -10072
-17214 -10180
-17150 -10288
-17085 -10396
-17019 -10503
-16953 -10610
-16886 -10716
-16818 -10822
-16750 -10927
-16681 -11032
-16611 -11137
-16541 -11241
-16470 -11345
-16399 -11448
-16326 -11551
-16253 -11653
-16180 -11755
-16106 -11857
-16031 -11958
-15955 -12058
-15879 -12158
-15803 -12258
-15725 -12357
-15647 -12455
-15569 -12553
-15490 -12651
-15410 -12748
-15329 -12845
-15248 -12941
-15167 -13036
-15085 -13131
-15002 -13226
-14918 -13320
-14834 -13413
-14750 -13506
-14665 -13599
-14579 -13690
-14493 -13782
-14406 -13873
-14318 -13963
-14230 -14052
-14142 -14142
-14052 -14230
-13963 -14318
-13873 -14406
-13782 -14493
-13690 -14579
-13599 -14665
-13506 -14750
-13413 -14834
-13320 -14918
-13226 -15002
-13131 -15085
-13036 -15167
-12941 -15248
-12845 -15329
-12748 -15410
-12651 -15490
-12553 -15569
-12455 -15647
-12357 -15725
-12258 -15803
-12158 -15879
-12058 -15955
-11958 -16031
-11857 -16106
-11755 -16180
-11653 -16253
-11551 -16326
-11448 -16399
-11345 -16470
-11241 -16541
-11137 -16611
-11032 -16681
-10927 -16750
-10822 -16818
-10716 -16886
-10610 -16953
-10503 -17019
-10396 -17085
-10288 -17150
-10180 -17214
-10072 -17278
-9963 -17341
-9854 -17403
-9745 -17465
-9635 -17526
-9524 -17586
-9414 -17645
-9303 -17704
-9191 -17762
-9079 -17820
-8967 -17876
-8855 -17932
-8742 -17988
-8629 -18042
-8515 -18096
-8401 -18149
-8287 -18202
-8172 -18253
-8058 -18304
-7942 -18355
-7827 -18404
-7711 -18453
-7595 -18501
-7479 -18548
-7362 -18595
-7245 -18641
-7128 -18686
-7010 -18730
-6892 -18774
-6774 -18817
-6656 -18859
-6537 -18901
-6418 -18941
-6299 -18981
-6180 -19021
-6060 -19059
-5940 -19097
-5820 -19134
-5700 -19170
-5579 -19205
-5459 -19240
-5338 -19274
-5216 -19307
-5095 -19340
-4973 -19371
-4851 -19402
-4729 -19432
-4607 -19461
-4485 -19490
-4362 -19518
-4240 -19545
-4117 -19571
-3994 -19597
-3870 -19621
-3747 -19645
-3624 -19668
-3500 -19691
-3376 -19712
-3252 -19733
-3128 -19753
-3004 -19773
-2880 -19791
-2755 -19809
-2631 -19826
-2506 -19842
-2381 -19857
-2257 -19872
-2132 -19886
-2007 -19899
-1882 -19911
-1757 -19922
-1631 -19933
-1506 -19943
-1381 -19952
-1255 -19960
-1130 -19968
-1004 -19974
-879 -19980
-753 -19985
-628 -19990
-502 -19993
-376 -19996
-251 -19998
-125 -19999
0 -20000
125 -19999
251 -19998
376 -19996
502 -19993
628 -19990
753 -19985
879 -19980
1004 -19974
1130 -19968
1255 -19960
1381 -19952
1506 -19943
1631 -19933
1757 -19922
1882 -19911
2007 -19899
2132 -19886
2257 -19872
2381 -19857
2506 -19842
2631 -19826
2755 -19809
2880 -19791
3004 -19773
3128 -19753
3252 -19733
3376 -19712
3500 -19691
3624 -19668
3747 -19645
3870 -19621
3994 -19597
4117 -19571
4240 -19545
4362 -19518
4485 -19490
4607 -19461
4729 -19432
4851 -19402
4973 -19371
5095 -19340
5216 -19307
5338 -19274
5459 -19240
5579 -19205
5700 -19170
5820 -19134
5940 -19097
6060 -19059
6180 -19021
6299 -18981
6418 -18941
6537 -18901
6656 -18859
6774 -18817
6892 -18774
7010 -18730
7128 -18686
7245 -18641
7362 -18595
7479 -18548
7595 -18501
7711 -18453
7827 -18404
7942 -18355
8058 -18304
8172 -18253
8287 -18202
8401 -18149
8515 -18096
8629 -18042
8742 -17988
8855 -17932
8967 -17876
9079 -17820
9191 -17762
9303 -17704
9414 -17645
9524 -17586
9635 -17526
9745 -17465
9854 -17403
9963 -17341
10072 -17278
10180 -17214
10288 -17150
10396 -17085
10503 -17019
10610 -16953
10716 -16886
10822 -16818
10927 -16750
11032 -16681
11137 -16611
11241 -16541
11345 -16470
11448 -16399
11551 -16326
11653 -16253
11755 -16180
11857 -16106
11958 -16031
12058 -15955
12158 -15879
12258 -15803
12357 -15725
12455 -15647
12553 -15569
12651 -15490
12748 -15410
12845 -15329
12941 -15248
13036 -15167
13131 -15085
13226 -15002
13320 -14918
13413 -14834
13506 -14750
13599 -14665
13690 -14579
13782 -14493
13873 -14406
13963 -14318
14052 -14230
14142 -14142
14230 -14052
14318 -13963
14406 -13873
14493 -13782
14579 -13690
14665 -13599
14750 -13506
14834 -13413
14918 -13320
15002 -13226
15085 -13131
15167 -13036
15248 -12941
15329 -12845
15410 -12748
15490 -12651
15569 -12553
15647 -12455
15725 -12357
15803 -12258
15879 -12158
15955 -12058
16031 -11958
16106 -11857
16180 -11755
16253 -11653
16326 -11551
16399 -11448
16470 -11345
16541 -11241
16611 -11137
16681 -11032
16750 -10927
16818 -10822
16886 -10716
16953 -10610
17019 -10503
17085 -10396
17150 -10288
17214 -10180
17278 -10072
17341 -9963
17403 -9854
17465 -9745
17526 -9635
17586 -9524
17645 -9414
17704 -9303
17762 -9191
17820 -9079
17876 -8967
17932 -8855
17988 -8742
18042 -8629
18096 -8515
18149 -8401
18202 -8287
18253 -8172
18304 -8058
18355 -7942
18404 -7827
18453 -7711
18501 -7595
18548 -7479
18595 -7362
18641 -7245
18686 -7128
18730 -7010
18774 -6892
18817 -6774
18859 -6656
18901 -6537
18941 -6418
18981 -6299
19021 -6180
19059 -6060
19097 -5940
19134 -5820
19170 -5700
19205 -5579
19240 -5459
19274 -5338
19307 -5216
19340 -5095
19371 -4973
19402 -4851
19432 -4729
19461 -4607
19490 -4485
19518 -4362
19545 -4240
19571 -4117
19597 -3994
19621 -3870
19645 -3747
19668 -3624
19691 -3500
19712 -3376
19733 -3252
19753 -3128
19773 -3004
19791 -2880
19809 -2755
19826 -2631
19842 -2506
19857 -2381
19872 -2257
19886 -2132
19899 -2007
19911 -1882
19922 -1757
19933 -1631
19943 -1506
19952 -1381
19960 -1255
19968 -1130
19974 -1004
19980 -879
19985 -753
19990 -628
19993 -502
19996 -376
19998 -251
19999 -125
20
7511 2036
5165 -14550
15544 -2467
-2245 13496
19711 12807
21968 25846
4114 36238
-7678 -6376
-203 -7101
-5483 -19931
16148 -9505
20999 -17742
31642 34839
5518 13704
-5056 -3898
36133 -18073
15524 29938
33674 28849
-8602 17455
4053 19075
