20 20
aaaaaaaaaaaaaaaaaaaa
aaaaaaaaaaaaaaaaaaaa
aaaaaaaaaaaaaaaaaaaa
aaaaaaaaaaaaaaaaaaaa
aaaaaaaaaaaaaaaaaaaa
aaaaaaaaaaaaaaaaaaaa
aaaaaaaaaaaaaaaaaaaa
aaaaaaaaaaaaaaaaaaaa
aaaaaaaaaaaaaaaaaaaa
aaaaaaaaaaaaaaaaaaaa
aaaaaaaaaaaaaaaaaaaa
aaaaaaaaaaaaaaaaaaaa
aaaaaaaaaaaaaaaaaaaa
aaaaaaaaaaaaaaaaaaaa
aaaaaaaaaaaaaaaaaaaa
aaaaaaaaaaaaaaaaaaaa
aaaaaaaaaaaaaaaaaaaa
aaaaaaaaaaaaaaaaaaaa
aaaaaaaaaaaaaaaaaaaa
aaaaaaaaaaaaaaaaaaaa
141744 691125 361616 233590 490853 366694 978571 611428 533690 25469 627953 946759 264671 972841 368654 41486 166859 808723 472776 977216 
732036 855619 702531 408653 355988 710848 215767 166717 620255 315929 745173 680293 643042 860277 565255 555174 537200 10285 174700 189122 
134014 917721 496554 83725 908475 627684 44276 985017 147779 416599 513446 797001 3885 652493 10690 629139 302218 873696 670118 864123 
454377 166911 492969 438796 43895 208599 709554 825044 978313 890750 326227 810990 826591 391527 689696 955519 369959 315645 325468 507183 
510316 480008 994192 530425 13566 539969 946485 439701 226677 490563 208607 441207 47969 671052 640198 290327 156730 872324 779014 437362 
515257 183752 793964 348328 393533 344791 698007 73102 290157 395805 353820 530123 762640 338510 389043 442084 198591 162584 691618 89315 
464198 358488 182489 70160 620032 255700 565816 207864 74872 790583 895581 467725 388407 241096 121853 70467 503031 205607 29662 424867 
45763 840497 888814 215802 967732 8054 155433 398838 596037 382710 139711 262199 26405 311637 955869 104364 153997 947798 625394 255393 
164092 983062 405386 978150 428020 859751 830008 168301 741493 963129 561560 430809 223834 691647 435672 890435 485861 758143 534042 265123 
30056 82864 129716 899730 517934 62302 662540 876299 643653 38257 217055 586106 733355 433355 204971 171620 918457 607084 120967 434370 
417711 268255 913875 633516 154498 542016 884682 718154 329028 811008 549662 380315 407442 704022 545653 836794 268638 700293 499548 211304 
790549 424002 848675 581117 643331 695282 86726 978378 867116 481529 600641 231531 620233 27116 494177 810338 120100 814060 462142 423873 
908501 453093 247892 698134 611336 187245 363698 328324 13929 935729 195937 542357 189693 816304 746450 639236 533143 302668 702326 701364 
988283 244283 484212 917687 277205 463826 181653 55126 719778 729347 228469 23698 40983 10725 427890 159213 8271 609145 523227 47804 
713167 755459 996746 485603 640927 968757 959054 680518 750303 411899 671303 609689 738284 521855 632094 694955 934137 446246 892032 401238 
457122 674074 251038 498464 938246 582911 830037 476032 429914 537579 349253 877968 559367 889760 624222 832265 752325 247 347783 561132 
439815 163181 147603 579622 493232 180434 227505 266726 59921 95612 629331 576436 95606 580757 576731 712514 154324 599162 763400 810871 
106907 442866 83252 654117 649105 207747 287355 573341 656391 830096 53240 421353 415059 306826 493642 772622 881558 259692 392862 462859 
498331 700315 460216 600033 885386 964190 375946 266943 458838 651271 42702 204227 57712 278544 343749 505525 326127 283113 908077 801894 
122153 248142 645458 40358 249639 179512 914655 721230 884252 197282 590309 84931 223575 337284 51607 870021 409305 815011 470461 175776 

