20 20
koidklfvcqusmjttnufq
xsclpondjnpclfkcqvoh
aroxtzelmaoofjdwtfux
ckdvtimtrugfenfqyetl
ssnyajhjwznfkzlagire
skoemfpvqqseypriqgun
uffcudclhwblkpkuemda
unzicveawrwmqasgxtfh
bnmtewmpqstxmhdugazq
fqkluwjynlqksbisojdp
kdmuiazkzlgejfufvceg
eosiqiuufwbhlpfpodua
kqmaqrslpyomfriezwyt
kircufdlxljdlvlpoxhw
mdudrwawcpjvyzoelvun
gnykmzsubbzahdrscdpg
zrsuxmqnenvccmssvqjb
zfwyqphcbvxukczedzag
wvohkeqyymfhxjgwfars
kbknirkivukeimdpttyg
27155 39026 79038 7145 6424 9879 27236 92752 98930 41997 78795 80591 33259 21952 78630 90308 85374 74198 52921 66349 
55569 96332 74149 35094 31333 84750 41947 32634 86041 58249 84520 47519 74746 92100 31026 12255 29049 88097 78745 1905 
28097 54573 42808 33473 28994 98050 78246 39173 43000 31222 37882 79860 22490 83158 3862 19206 47934 36047 86893 91964 
25679 10908 91677 56985 3888 71834 1862 39411 15685 83580 415 63793 46119 19691 3393 83744 95972 36174 30051 56726 
84898 3268 72312 94154 92882 13818 71560 72264 1367 59852 78578 60315 11309 7841 77571 52162 22487 18073 91849 1243 
39222 79522 63829 59674 8573 71753 92063 70925 16784 27068 36485 15559 75852 48254 25232 99046 4155 65207 98655 73568 
36438 98919 20924 22209 74702 80488 87122 45765 62874 74537 98771 37812 92924 25906 16245 44716 99587 38011 57018 85617 
5662 8320 1972 74131 34277 14628 79312 11842 46876 32336 83180 65686 78634 30149 5765 22363 88362 35631 80470 8313 
20591 64025 38038 38601 47069 64136 70491 4514 61577 47478 87413 36228 14377 85340 12771 34997 58289 52035 18009 56700 
33394 79530 40665 55653 26549 90077 60272 76235 52223 27249 45185 5601 45895 90569 11554 83140 30513 34348 72043 43002 
19806 80366 85154 73510 90577 15526 13320 99976 9623 74554 62207 32592 2038 69109 17049 89787 95109 11442 19268 46247 
2486 16716 78213 7360 96789 19113 75116 21957 82859 75983 83894 83164 70070 17415 40525 95749 40231 20631 80032 23112 
79670 52780 3868 92690 81450 35100 34826 4768 42700 82743 19135 48161 4570 64244 63694 15225 33210 54048 33767 59685 
67129 23942 26894 98214 22709 45771 9204 76503 1707 27379 74220 18966 70428 53887 2864 13396 83366 64736 21407 55789 
43433 85536 97648 21535 35426 78849 79152 64234 67451 57024 11006 46070 57642 60820 9335 80915 39932 55388 88620 54492 
22862 12178 7467 85849 74981 20979 93397 74181 42105 30916 59859 57201 69388 20075 48964 22217 67524 44279 91299 68740 
92905 95475 8648 74256 83710 93234 20493 61586 80631 55327 99983 10400 41262 1794 46120 56961 78273 51054 70009 42462 
55631 1268 17715 81625 43713 17109 41482 51001 38188 49985 91828 11226 67689 64905 17527 70272 93148 84616 65431 37693 
36773 49037 98239 39076 10462 12212 77293 3091 78806 99127 68400 14231 26167 58229 96177 58396 29 49107 21990 88449 
74572 39858 70597 57592 64835 31079 20006 39211 80637 976 90509 96738 37804 74578 55150 26962 71467 94819 73171 59189 
