19 19
ecdadbbaccddbeadbaa
debdbeecbddaaacbddd
bdeecacbeaaacbbdaca
bddacedbebdcabaeabc
bbbcbaacebbadcadcba
ebdabcbbbdababaeeac
cabdbccababacedeadb
cdcbcabcadddaccedcb
dddbcceedbbceeebedd
abdecaeaaaeebdacecb
adbbceaabcbbabdccbc
ddaadbcabdeaaaedeec
aacdaeeadcecdbaaabc
ecbccbeadbdcdeceacc
bcddbeececcabddecbe
baecaedcbadbceebeec
adbdeabdeecaaeeddea
dbdeeaacdabdeaedbcb
cecebebedcbdacebeee
45947 11558 88540 56192 94014 8802 36036 51796 70766 47135 15314 77151 29736 65587 65270 66371 17324 6512 57915 
54006 79998 82781 4259 33796 17240 91291 16013 34513 68830 17186 11431 96359 74214 65504 67237 57600 58997 88805 
82945 67226 28329 57120 79916 67168 74177 80762 96274 97615 24714 17339 45832 61041 55557 28366 52967 63000 13612 
66499 56506 47883 61582 23199 4735 53827 86845 49424 82788 44950 50200 25858 39511 22615 77128 72935 19172 53580 
74234 85495 77025 5708 60135 84241 69677 9947 12234 127 92642 35156 16356 56558 1444 66747 82264 5657 28304 
92714 90749 74039 60244 76421 81889 46933 86138 34087 11194 15067 44555 17930 98410 72302 23611 22764 94042 81570 
1027 63321 71363 69518 45262 61385 14688 38734 69836 45776 81471 82635 4630 61209 79328 87903 8946 85755 4807 
76680 13008 42621 4607 51391 39161 1439 24091 59858 62393 28326 42806 19963 13194 24469 88108 44500 51649 17549 
76710 69586 15535 60621 87603 62304 47855 45213 48721 52403 48554 59883 70811 61649 39302 90735 97827 3591 85400 
34868 7122 40684 17006 48854 84183 25632 12247 1106 12095 29260 56516 56374 45258 56518 26332 77346 36597 88587 
19648 21027 6786 17503 91674 24668 81226 47261 83607 12995 11925 64138 80678 52343 8273 54352 92286 10629 49650 
10312 95437 62941 46848 92963 34896 9340 22609 29340 48913 34473 98065 40315 82340 80396 75233 86118 88666 38327 
87752 36176 22959 60635 58724 64487 12560 34384 27816 70910 57751 45512 73568 36136 89075 63279 91541 59831 40724 
26846 48952 89367 76290 79910 93760 96555 88094 11805 82293 58326 54340 26444 45532 90175 33702 76339 40179 11652 
75575 43064 74309 99644 88597 25816 76613 29683 52150 29104 18350 90301 46652 38889 19045 18490 34097 7551 87362 
16931 72014 58373 23710 83512 9860 14839 33943 60637 62269 25202 87353 86625 92249 78667 97614 37447 79277 42706 
68464 30009 24832 25009 52870 87351 30353 18944 84845 84435 26117 35287 76490 11005 28289 20846 78877 5730 90030 
95306 75912 8178 77768 85777 54565 82264 6993 83593 36042 50135 24434 67069 81257 13969 31707 46805 88579 29697 
42352 86565 42050 3004 68579 59176 82904 59974 28385 95344 58056 11695 69445 72062 52451 45989 16690 26663 8013
