20 20
abbababbabaaabbababb
abbabaababaaaaababab
aabaababbbbabbbbabbb
bbbabbbaabbbaababaab
aabbabbbbaabbaabaaaa
bbaaabbbbaaaaaabbbba
babaababbaabbbbbbbba
bbaababbbbabbaabbbab
aaababbaababbbaabaab
aababaaababbaaaababb
bbbaaabbaabbaaabbaaa
aabaaaaaabbbbbaaabbb
bbaabbbbababaabaabbb
baaaaababaaaababbbbb
baababbbaaaababaabaa
baabaaaaaabbabbabbbb
bbbbbbabbaaaabbbaaba
bababaaabaaaaabbbbbb
baababbaabbbbabababb
abbabaababaaabaaaaba
58432 147837 409676 150741 569918 143712 254163 34546 534288 676911 641559 264940 286037 697167 712160 281878 752205 77132 619193 170453 
512664 28622 811051 839587 114369 601861 64075 883330 742897 511206 747423 521931 677819 346044 958676 597960 276733 158448 250242 950076 
634277 675884 910631 662279 688190 203935 149105 16138 599175 961750 206737 795007 347554 920004 102545 370933 376246 607365 45782 214675 
413699 521990 873642 544399 263996 692442 160075 995986 619751 510451 366886 907199 138645 660767 229786 721916 993269 569702 802083 20679 
856791 777200 995396 691970 902081 132397 715093 117188 428274 563363 456631 330234 689757 601556 25448 953040 138890 830097 794535 70965 
603541 159532 988455 129057 3210 746752 62614 804436 143741 282599 2653 294680 653380 672145 525484 259773 668187 809500 971839 614124 
108519 348678 623694 743008 553192 573352 552737 896626 193836 986862 788851 157621 105454 236430 739863 351401 900604 804934 899019 388106 
514094 197389 100674 981634 273652 968337 686676 621317 184637 913984 701041 461883 8115 437942 59825 861159 364905 183314 561785 475767 
246060 591383 605461 429776 666062 756397 497315 336311 116706 462431 595434 753755 773913 562447 197376 20909 10152 205716 320799 793517 
289655 2064 673588 343829 956020 217651 928141 349528 424833 237054 760897 992281 932221 682854 624727 955385 80971 95598 831579 347322 
831252 88271 165762 222253 479900 609965 481944 2320 713783 164391 212421 858519 915966 299743 685112 548734 617015 842378 100141 849150 
885525 45250 405621 433046 243707 562383 138103 325625 578369 453024 165031 259967 296909 144659 614462 810424 706591 475412 827239 616882 
236543 541845 809500 630199 315574 477709 994543 184216 928951 189905 934664 466332 460135 630691 713342 699634 97110 349304 447369 467957 
14225 672878 216368 569769 175185 125885 753101 893289 971472 870040 793181 587255 133282 852178 276903 922397 751685 726981 294167 577288 
883218 136279 197394 17712 415706 120729 160126 312256 782084 66838 770720 931919 916266 365552 658502 427565 47895 372798 767125 297705 
394603 489339 933976 647954 123289 779314 392528 279932 19048 116960 91301 530200 707304 926489 304388 751478 512332 976473 279022 355510 
696419 224178 98323 50269 919062 362748 373897 842061 298077 653666 81241 283115 97965 57629 709250 696121 955375 639976 901622 729175 
277202 714354 17147 454645 406665 842126 619711 656381 68504 263029 685430 983696 122077 340989 190839 544458 258648 340872 235222 497230 
127400 371118 722053 788954 933100 525983 972016 439682 722040 623330 409185 526128 718896 499962 33181 343458 177721 78035 58011 710295 
589674 675346 911226 660500 955462 344524 507789 801010 512769 545334 189999 886001 791170 26343 65012 202136 169001 847641 507950 817241 
