26 26
19 288 247 3 227 138 309 332 212 47 283 55 326 62 166 289 245 335 324 184 30 74 135 270 16 14
210 152 48 299 197 57 255 333 189 334 267 147 124 266 211 292 260 58 248 6 233 106 192 261 225 64
89 144 36 34 293 253 329 265 83 182 111 320 228 114 336 273 244 206 77 100 103 98 303 231 214 52
207 158 113 21 325 53 246 338 164 294 31 174 279 264 317 143 73 305 90 116 5 68 291 9 307 271
319 10 112 170 136 70 127 304 44 157 203 241 79 311 238 107 179 165 186 82 316 42 32 151 216 139
167 315 301 276 234 310 243 188 108 33 194 65 63 12 159 161 160 156 27 274 331 269 81 24 202 176
96 153 187 222 50 257 172 145 200 66 337 69 323 105 102 199 236 25 146 38 251 134 142 20 242 86
61 118 321 278 84 29 133 240 126 205 39 256 137 221 91 129 297 318 132 88 263 249 59 312 13 141
226 43 128 122 262 18 282 150 306 217 22 117 168 169 72 183 149 173 40 230 115 290 213 26 190 23
204 277 235 93 314 119 171 17 252 49 131 284 155 35 8 101 191 295 85 300 219 99 60 4 28 280
322 1 185 92 41 218 224 46 7 94 201 75 272 180 209 104 259 123 51 285 67 2 330 87 254 37
178 162 239 56 130 232 54 327 120 308 195 281 177 328 121 175 198 76 154 223 268 15 208 287 250 125
229 296 148 237 78 220 215 45 163 109 275 258 193 97 95 196 286 181 298 140 110 313 302 71 11 80
175 326 117 318 111 287 18 12 231 307 125 6 299 65 144 27 63 87 36 156 277 164 199 25 177 100
143 187 107 39 173 88 265 99 317 309 129 222 275 128 218 255 81 171 289 314 269 293 291 310 319 20
227 23 161 105 147 220 50 276 29 49 115 153 202 311 267 228 162 91 219 136 116 244 224 140 78 294
225 79 178 333 83 322 1 8 315 106 252 3 305 54 279 207 31 337 134 46 272 19 146 300 189 235
133 264 184 283 132 102 2 186 28 24 108 197 282 237 155 174 230 32 85 233 232 241 86 40 320 149
198 223 306 210 240 211 338 93 188 157 301 248 127 216 74 336 59 249 121 122 251 114 76 209 60 61
274 200 103 321 57 109 154 284 201 84 5 185 92 192 234 239 33 183 217 268 196 208 101 194 77 215
323 254 302 313 160 330 80 124 270 296 67 151 110 9 298 130 38 246 221 135 295 112 253 75 120 292
258 98 324 247 180 51 163 250 47 266 271 58 259 263 70 182 7 113 203 137 193 64 94 123 179 89
242 66 42 312 34 152 245 181 280 71 22 262 278 82 44 95 297 257 169 285 26 290 328 334 37 303
325 119 316 11 43 243 141 52 226 16 238 327 167 256 166 170 191 139 159 53 335 329 176 48 331 21
62 35 145 56 168 104 72 206 158 69 195 261 332 30 118 73 286 126 90 172 212 229 68 213 4 304
13 308 96 41 45 150 148 10 281 138 17 142 55 214 97 205 288 131 204 190 260 273 236 15 165 14
