80 80
3107 1621 2515 385 2784 2742 1838 2089 1231 591 1654 3178 2575 2127 2773 907 6 1788 52 2547 1920 2919 1913 2107 2338 2464 1198 2025 2943 2024 2126 1345 441 2726 3063 862 1627 1433 2683 929 2184 262 997 1642 1521 2427 148 1506 843 2400 2884 1728 753 1724 531 1754 5 2054 2008 278 2703 2424 1244 1130 2903 2803 1889 3066 2279 1525 1956 2896 1360 2666 2826 848 453 1458 882 1323
2648 2391 2036 1222 224 112 651 1876 1954 2081 2352 2807 2220 1615 956 1252 65 1824 2396 1026 668 1890 1160 962 176 24 1145 2641 2544 1696 1591 1261 941 1560 646 2747 1752 1441 1785 2495 2746 2605 2226 2394 2087 4 897 1264 1796 2321 2102 2350 2217 308 1445 325 2951 1715 1704 3124 208 2589 827 1794 3159 942 1769 3114 1039 1188 885 144 2351 1722 3165 1324 603 39 2578 302
2635 819 590 1499 2090 1897 2428 1089 1964 133 1727 2266 1044 1087 2028 2009 1362 2213 3152 410 1556 493 1618 2375 3106 1213 3099 2953 601 1650 2399 774 3198 589 1534 3008 1325 88 1201 1527 314 210 1578 150 9 2788 1093 346 1761 2893 1919 1078 285 2694 1817 1076 904 1397 2284 961 3157 2759 641 2318 731 1641 299 2509 2006 1284 1253 1869 462 690 1593 1949 1524 3120 3151 1223
2610 1407 2644 914 2645 2152 1766 3134 3097 1595 798 492 22 434 1831 619 2774 2994 699 2601 2663 582 2280 205 1440 2671 1736 1833 1148 650 456 658 1978 1941 628 2796 1286 468 2954 861 2447 2991 365 58 2949 430 2657 345 1549 2143 2086 2685 1287 2606 2881 35 155 529 438 719 2616 836 1128 952 3156 1749 609 2602 607 931 199 411 1946 423 279 1461 416 1045 2552 1576
1338 392 1703 3017 1067 3144 1778 201 1319 98 1447 760 1765 1497 2166 1767 2465 2150 1806 3079 2765 286 2537 1559 1768 1723 2689 1436 1391 1532 1558 318 1364 1661 2621 3011 2821 1382 2978 505 573 2708 525 1875 512 1825 2296 1438 2450 986 808 927 599 3024 2300 1991 366 1490 2732 1594 593 1285 2753 115 1179 1331 2568 2385 1730 3073 1192 1300 1821 2274 614 360 2268 1572 998 2225
3138 2236 2221 3139 2330 2586 2792 802 1748 1297 3095 1195 37 295 81 1211 869 566 351 2335 1760 727 2557 2661 2267 2810 1152 1171 1891 77 522 1368 1596 2332 2811 676 2222 2730 249 583 935 2898 2739 315 162 2312 736 2990 693 2403 1318 482 3132 258 625 1470 733 2192 2819 33 2843 1369 130 1629 2072 902 273 2899 2749 3147 2510 1887 398 704 2196 413 3036 1329 913 1701
378 2646 3172 1423 1110 2613 2193 62 1062 2946 1127 189 1424 940 2626 1493 107 2863 3034 3161 28 820 239 1268 860 243 1616 254 2620 3092 1348 1342 1104 303 1906 2993 810 169 2369 2470 38 3129 359 1815 1218 342 2145 837 2219 588 1013 1383 2556 3094 899 2419 1800 253 3136 555 988 2203 1694 390 2301 768 1413 3039 2307 1705 1716 2914 152 2449 501 2310 2059 2786 2825 2007
3123 1786 412 1577 1829 773 1643 945 3191 374 158 1140 737 2617 1156 1553 3100 1330 2162 310 2915 2542 784 1916 281 3058 450 1245 2955 1157 2731 1667 2455 1737 2988 1485 3000 3180 999 1580 2935 1138 2665 1090 233 2986 2854 76 319 527 2049 1852 229 2625 1459 1314 2103 858 1478 2590 2836 490 1564 2173 1303 1809 2488 2342 332 2272 179 3101 406 1312 636 2149 455 679 2186 73
2229 1873 1990 618 3006 891 445 2429 1420 745 2398 1608 667 547 747 3093 1528 2619 232 2622 2989 2633 509 1308 1456 617 1265 1810 2650 117 1066 120 1702 174 556 766 2438 750 1326 1282 748 1480 824 2349 1662 48 1049 2062 1526 664 2261 1207 600 3 2548 1291 1516 160 1674 508 3051 2787 3145 16 2932 2523 339 694 480 2831 1446 816 1877 83 1535 1033 56 1112 2472 469
3143 2536 1484 1166 716 86 1040 1905 1881 1958 649 2618 1396 2348 853 276 518 2956 340 2206 141 709 2000 2371 1346 656 2937 2906 2853 1403 2722 14 1298 333 776 2512 2115 2767 1363 863 2720 2458 1914 386 1706 2570 2679 551 2417 1818 1586 1320 1460 523 1750 1579 2558 84 3197 134 3064 2924 526 186 417 2078 3048 2533 2389 968 1898 2763 832 1861 2210 663 513 705 1840 2141
769 1132 1081 277 2776 454 3169 471 3010 1340 2940 487 1226 2918 42 75 1250 1965 579 2469 475 2071 142 222 992 814 3187 2518 399 1236 1505 2815 404 671 2561 804 2627 3155 34 1989 1322 597 250 1882 1206 1365 1070 1457 1032 661 1757 692 2702 2159 2061 1386 2740 2567 2966 2334 2857 2124 3085 3018 3186 2950 909 1434 1232 2649 2911 1004 53 1952 364 1367 2492 2104 2850 2827
2290 2524 324 1108 2212 1900 463 1234 1923 1035 3153 2298 290 3047 1357 2777 2076 2912 2026 2701 3004 967 686 1646 348 3065 563 491 483 2609 498 427 129 685 2354 577 2328 1781 1784 2656 497 568 886 1292 2251 132 380 2834 500 3020 1682 2553 1414 1472 703 175 2939 1980 1759 1048 557 3045 2099 1221 2034 2136 2112 1522 2600 457 1498 1547 3068 1695 1393 1979 2235 2636 256 489
732 1111 2082 2871 1306 2882 1246 1299 2822 2758 932 126 781 2920 128 182 1415 181 2944 640 495 700 688 2205 543 214 2211 3037 245 1376 2942 1790 2755 2832 1180 1640 2655 1624 2443 192 1632 2311 1935 2816 1388 2496 2095 1474 1117 794 3116 2917 3148 15 1874 1219 1942 1103 1537 1439 660 2693 237 2748 2864 1259 2484 1224 1849 1249 49 2769 1689 2460 1569 69 2073 1356 1455 2091
1290 1353 3128 3059 2682 1421 1389 2174 255 2529 2060 829 578 1847 1531 846 1601 930 3091 2345 1639 2445 171 1267 2346 3087 2800 763 1717 3150 2096 1777 1530 1713 1186 857 396 93 754 2260 313 2574 2177 669 1680 835 1789 2052 1937 1136 2582 1328 1409 1635 467 1566 1266 2299 3052 1017 2015 634 3119 2965 44 1008 706 1001 41 604 2069 1542 2534 3053 3005 637 517 1437 3001 2480
2675 297 1672 2410 2035 1508 1381 3009 2197 987 2297 17 796 2516 2885 2697 2182 1645 534 1602 801 2579 1408 352 2494 1149 322 511 682 2699 2779 2134 1019 2172 2808 1242 2498 1161 2564 2716 725 11 1337 3083 2468 532 2303 188 1901 982 2123 1031 1289 1795 1587 1204 1988 2080 2859 1985 448 2019 867 922 422 2327 99 1349 2232 330 2554 1782 2405 536 2360 856 1274 1683 1540 3046
1834 1305 1025 1966 1176 1721 1350 2322 2479 567 1658 2370 2629 19 587 1846 1678 2948 2900 950 1430 1202 884 825 266 2744 2374 786 1563 331 2738 2356 1739 1167 1659 652 1726 316 1238 3173 1241 757 2408 762 2306 915 2241 1719 244 809 240 841 959 3110 2922 2781 2526 2384 3177 1510 2317 2493 1633 1050 2706 2144 486 1448 1102 1294 494 2672 2094 2813 515 284 271 1570 3105 916
1435 2289 1126 937 3102 2569 759 3060 481 1147 2845 1153 3072 2372 948 2984 1976 608 1272 1552 2365 1779 1598 1756 2549 535 1119 642 1623 1631 2775 713 1316 1255 2729 1828 2041 78 3167 893 744 1412 2013 983 670 1634 139 2259 1538 2962 159 312 2383 1664 1257 123 1109 1588 3054 2502 477 156 2379 2433 1681 287 3104 1488 2514 2477 2442 1228 3168 1392 574 3007 2048 1057 680 415
1948 1614 2368 689 991 1995 1571 2415 1909 373 2047 571 3056 2890 1832 831 1209 383 46 1401 2315 2828 1074 761 301 2581 2614 1617 2931 2255 407 2959 382 510 2421 1868 2801 800 662 1823 2760 887 2309 2684 2957 2420 1973 2175 3131 2719 889 898 562 787 265 1625 71 1503 2170 1710 2432 1281 2793 111 2677 3025 2721 576 2607 681 2860 2505 2180 2114 1837 381 970 1428 2851 3016
476 2573 1961 80 1030 2467 3032 2506 2824 439 985 3062 2541 677 293 743 2849 2444 1994 980 2559 3192 1835 2681 272 696 433 2122 473 584 865 1083 1051 639 2387 2240 1609 405 2475 185 327 2153 957 54 1454 3061 542 2839 2686 2248 2883 2817 1853 2904 1811 153 2979 530 2528 1693 1041 854 137 2877 2840 1792 1912 306 2608 2292 1442 1384 1046 2631 140 212 440 2249 874 1603
2698 238 1953 1892 459 1352 2908 2743 3023 1164 3166 3137 879 2771 2761 2323 1275 2457 1482 520 2151 2462 1970 2580 788 1655 2344 326 118 871 207 823 2011 1029 979 1466 1170 1020 425 1233 228 420 1893 1476 51 2909 1972 2604 2023 2234 1520 1230 350 3080 2439 3125 223 554 388 2395 2018 1968 1895 2891 320 1263 1915 1237 2202 2142 2293 472 1254 1220 3154 2363 292 3182 2668 2189
3019 2652 2980 260 1541 408 2347 701 102 2045 1805 1971 938 1491 502 470 878 2388 2709 1144 2275 2728 1899 1904 2165 1258 777 947 3075 2638 611 1141 3003 1122 264 146 1746 586 2381 1307 1247 2416 3067 2591 672 3090 74 3035 1799 896 790 1182 275 1071 803 246 3043 629 1088 1021 1162 1227 2926 2263 2313 1684 3089 131 1053 2928 1082 2131 1509 1922 2925 2596 1129 114 1850 2037
64 3185 1205 195 2489 903 361 1605 1059 2977 1151 1936 2829 1725 2820 294 598 227 1992 1400 908 2201 1215 516 2751 2794 3193 2 172 367 1091 2109 36 1720 419 2519 2326 1515 421 200 321 2367 2358 248 341 1883 1217 2754 1341 638 528 1940 143 1758 1611 1584 2976 1967 964 50 1120 2111 1740 288 1042 702 3028 1826 21 2938 3071 1544 8 203 1100 2653 2097 2121 1714 329
1644 506 2233 1055 2907 1429 1910 1315 1178 767 2392 1154 1471 328 1550 1187 2804 1190 2146 1707 444 1783 113 230 2762 2995 1848 890 1327 1776 1836 3149 428 2545 89 626 1487 953 2042 216 2286 32 368 3111 1734 3041 2717 1751 2659 3014 839 452 2952 1962 1575 643 2032 1416 758 1501 2500 1426 1872 1753 1304 127 180 552 2497 2188 446 2466 338 1191 717 178 868 2855 334 602
2448 305 2667 437 18 875 2377 1432 919 10 2870 645 1652 1406 2597 570 1054 2688 960 1270 3135 215 963 519 474 2662 125 749 400 1554 2531 2441 1599 2215 138 2340 1977 1687 1886 311 1628 877 2003 3158 3084 1512 2710 708 3108 2098 1374 2982 990 620 1092 2027 1452 1864 488 1885 2930 2437 2733 1839 2068 746 3086 1158 72 1582 2974 354 2106 362 2521 2696 1199 1061 221 3196
1668 1619 2539 2083 3189 1043 1085 895 304 1986 2430 1884 377 198 3184 2623 2704 1933 336 850 3194 2637 1260 2513 1212 1698 1134 2998 2355 478 2491 550 883 1005 1173 1277 572 1354 269 1410 82 267 3030 1065 1637 2088 2320 1216 184 2139 2527 2195 12 1072 876 2285 2997 1007 2705 2975 1052 2418 1741 3015 2039 403 1137 673 2120 177 1917 1492 1293 2128 521 3112 1273 2031 2357 2996
2207 393 1344 1495 2968 2412 822 580 2929 2116 1425 687 1380 1770 164 435 1404 1387 1747 432 1208 1332 1011 67 1427 1235 1172 458 2194 1908 2876 2651 665 946 2795 376 1169 2246 622 2380 3022 1762 1355 721 1464 2799 3188 880 633 778 2108 2137 2155 2161 2858 2643 247 647 1670 1562 2936 812 2499 2798 729 2670 2805 1155 1097 1150 1610 2560 372 2157 1444 1193 197 1842 1675 1463
872 1638 1926 337 1539 2187 402 2160 2639 2673 60 2434 1496 394 1366 1047 936 2895 194 826 1084 1184 414 977 2022 813 2741 2802 785 116 2690 2291 2156 2230 409 1280 1931 2517 1402 726 1037 740 2632 1086 2501 1390 2585 3077 2014 2972 1802 235 507 558 3130 2100 3115 2550 2713 1347 2566 1888 2079 2373 1015 1975 2390 632 3070 3074 925 358 2406 2440 2208 2861 282 2830 2242 369
2262 2934 2778 524 257 955 752 2010 2401 3199 3160 2185 1142 1929 3190 298 3013 2711 2278 2147 1243 595 1653 866 2074 1708 1063 2737 370 280 1999 2393 2540 2214 2456 2594 2700 2875 2413 241 2888 2119 965 2250 2426 2064 2664 2411 1095 211 202 173 730 928 426 2562 55 424 1911 545 1450 1513 2446 1772 3057 1321 1168 2963 2889 1517 2692 2565 63 57 3126 371 2305 26 1006 379
1561 710 2190 1269 2960 1064 2065 1107 756 697 1573 1666 1959 2964 3069 389 2453 918 2768 791 2269 2435 496 1529 499 2476 3174 1023 624 1928 926 648 1094 2176 1431 978 2901 2847 1469 707 2135 309 2880 1590 1372 2253 1738 1229 2508 2452 1993 675 612 631 1309 464 2734 2967 2336 1583 2772 1359 3040 657 1858 2595 2030 1604 1585 996 1742 2256 187 2325 954 1027 484 920 3118 3103
92 1124 1626 1819 3146 2264 2101 343 838 2341 363 1921 654 905 1418 147 1411 384 1295 924 2118 2624 103 2687 70 1744 1981 720 1073 135 191 45 2987 1902 2764 1764 1370 615 775 2302 105 3082 546 2724 1657 2844 2436 104 218 817 738 3171 1690 3021 1405 1514 119 1358 1896 594 449 581 47 2725 2397 418 1551 2243 1996 635 1334 1002 544 514 2852 2199 2715 13 1801 1688
828 465 183 881 1203 401 2228 1733 3042 1647 2504 1133 1123 981 1548 353 2770 1131 2386 1984 2923 2016 1313 818 2324 251 2382 1311 627 2584 1500 168 1773 3109 2571 815 349 2138 1925 2067 951 2277 1036 2588 739 2247 975 375 2265 2897 1918 323 949 1709 2727 892 1024 1301 691 921 1185 2736 933 1612 2981 145 2483 2862 1333 613 2905 2021 3200 1385 204 206 3044 2485 894 806
2295 397 610 711 1557 1878 1060 1729 1686 2669 1950 2046 1803 1196 2511 461 2992 193 109 2117 2797 23 2654 2538 537 1163 356 3002 2252 1943 2040 2473 1822 2050 1982 2878 2563 2378 538 1622 2463 797 2218 1336 1296 2092 1398 1998 765 1546 2244 2785 61 2319 96 2077 1028 2587 1536 1808 2970 1867 1565 1483 2612 1114 1453 2780 1636 1880 989 1663 1068 209 2294 1630 2020 1038 888 3179
1859 3176 479 994 2530 2520 1375 3038 2546 1165 1395 2872 2969 395 2680 1481 923 270 1649 2874 2017 2958 2766 2273 1763 900 2204 1841 548 2451 1310 2331 2168 1543 1851 1732 2837 2927 2308 2029 1079 1774 1077 2425 1676 2756 2075 592 2158 606 2364 2757 1399 1718 79 1930 2238 1225 2487 429 87 1288 917 630 2647 549 2005 2163 2129 1771 1523 1944 1279 1845 2869 1475 3133 1343 755 1745
2066 2329 387 1 1443 859 1697 1214 842 2841 1656 834 1009 782 2916 2985 2921 3088 307 1679 442 1798 2316 2333 1865 149 1034 29 2551 1712 2093 1743 2490 1974 1755 840 347 1870 2270 1620 136 2750 97 2842 2239 741 2113 3141 2125 2886 1465 770 2782 443 2735 2033 993 1969 2812 684 1735 166 2376 94 2848 2361 1283 2461 27 1361 2576 1417 20 1651 783 1121 1422 2593 2198 2983
722 2282 1907 231 539 1003 2577 1200 2231 1844 447 1351 3170 3140 1105 2257 2868 1932 799 2783 2642 1533 289 1335 844 2164 2873 751 3076 1504 1797 976 1699 1945 2695 2555 165 1473 2789 161 2063 712 2044 2209 2105 2865 1665 1613 1449 1174 2572 355 2056 2833 2459 1197 1987 906 1018 2718 2359 2287 666 225 95 540 1685 2454 2535 2634 821 2002 2288 2258 1477 2707 1183 1248 2973 1113
2714 2304 3122 655 226 2933 3096 66 569 807 1927 1660 561 944 1939 621 2281 1597 2422 553 101 623 3050 2423 2353 2431 1016 2603 163 1589 1189 1862 85 3163 1115 1116 2971 2592 1240 728 565 3012 1479 3033 1251 1807 966 2678 2058 795 2216 2167 1934 771 779 851 236 1648 2640 1592 1101 1276 122 2130 2362 2866 1960 1010 2276 678 300 596 1857 2818 485 59 1462 695 870 1378
219 2245 151 873 2809 698 220 3142 1098 1924 1058 1938 268 559 3026 772 2179 3117 2154 1210 1125 1856 31 789 1339 1175 969 2660 3113 972 3078 1827 742 1791 3027 1860 2224 2110 2892 3049 674 217 2474 1813 40 1957 90 2407 2522 466 1194 1700 1903 1373 121 68 1879 3127 2913 1951 1494 1581 1146 1467 2227 1600 1507 974 560 1256 793 274 2611 958 3164 1143 1518 2676 2835 1451
1486 460 2910 735 2723 659 2503 2691 864 157 1377 849 3031 1855 845 100 2148 108 1606 847 1118 1177 564 1419 683 2507 2814 2712 2337 2894 2856 616 2085 1106 1780 1863 504 1567 2254 2051 317 715 3055 724 357 644 2409 901 2200 1555 1317 2012 910 3181 2947 259 1135 196 3175 912 1677 723 2191 2140 1545 2314 811 263 110 1502 503 1056 154 91 30 2178 2001 2790 2183 943
106 1820 1271 3081 1139 2132 1894 792 25 1080 830 2791 190 984 1000 2599 2482 2583 2745 1866 1239 1787 995 2223 436 1854 261 2271 2404 2171 43 764 1014 1830 431 242 291 2055 1775 971 1022 2004 1843 1955 2169 2339 734 1731 2133 1816 1262 1096 714 653 170 2343 1711 2038 2366 3183 1997 2402 2237 805 1692 911 2070 2486 1814 2945 1371 973 2838 2525 1963 1947 1607 2846 451 2543
124 2283 2532 213 1075 1871 939 533 2084 1983 2941 2902 1568 2999 575 3098 1671 1489 344 391 1812 833 167 7 296 234 1099 2867 1669 2414 2887 2478 252 2481 2471 1159 1691 1793 2752 2961 2674 2181 283 2823 1804 541 1574 1468 1379 1012 718 2043 2598 1519 780 1069 2615 855 3121 1181 1673 1394 2053 2658 3195 1511 2057 2630 2628 1278 605 2806 3029 1302 2879 585 852 934 3162 335
2188 1687 418 3149 1570 2861 2090 964 1658 1376 1735 2017 954 2916 2565 1947 1308 2633 514 2988 2288 2078 1589 934 3045 2771 1417 242 1426 1158 716 1170 2979 2543 1769 2468 1596 1361 190 2068 1826 2540 474 689 2981 2626 906 2058 1192 1956 2766 1328 2697 2195 3066 42 241 3193 2400 1577 1532 2855 1473 1228 2109 1675 506 1537 1669 1374 2102 1726 2803 376 1338 273 2605 1592 2831 1185
2165 2229 1849 846 1452 1024 109 2957 173 1852 2992 12 289 618 1268 1760 206 2515 1880 3 1981 55 2776 2469 607 610 2622 46 980 2028 2604 1697 1382 62 2510 1105 1843 2790 596 3062 1523 472 961 2660 2339 1313 1422 1896 840 777 1041 1716 2997 26 2062 3121 240 2389 1264 2152 1112 43 556 2264 878 2387 136 1611 2054 2408 790 2320 2401 1724 1922 1132 1895 680 654 622
968 2785 1799 795 1005 1304 2089 2200 1538 2242 2428 451 2116 918 3161 2627 853 2046 2511 2842 1497 291 1503 644 2682 3006 2607 829 2589 774 950 651 3031 501 985 1372 1878 3043 216 2489 3115 2828 2016 2296 1125 1189 813 1301 727 2686 239 1299 1231 2971 1040 1020 3081 2355 1150 365 2901 3157 1051 1385 910 656 328 2003 1816 1535 589 2703 823 108 1383 830 543 834 439 952
3105 2810 1069 3138 1664 1543 784 130 762 300 1475 2176 592 1779 75 1520 2029 1277 265 1599 175 122 1651 2419 2047 2125 374 1012 166 1625 936 1938 2371 956 962 2492 1054 975 2819 283 2618 2693 1881 3110 789 2984 1693 373 767 2262 332 728 3017 2673 405 1729 2042 648 2450 845 1954 2219 862 743 756 1975 389 107 2050 2244 2498 244 2478 3086 2479 1282 2923 2811 160 1145
590 299 3001 2111 2329 39 1907 515 546 805 469 1179 195 1812 945 424 891 2851 2844 1100 2151 1129 3181 1135 2783 3050 2567 183 1045 2913 304 1762 359 1758 286 1973 679 2821 262 2902 40 1400 1025 2402 2196 706 2912 360 1846 1306 2541 2139 1721 1209 1507 1744 2079 1391 3013 2738 1914 2443 2953 1985 2914 658 1767 1253 2728 2297 2437 1557 887 2915 1351 321 1354 2184 3065 1874
381 2705 274 2328 2168 1083 1131 1790 2451 1876 601 1900 561 1143 1480 2714 963 646 1258 849 1830 3183 2680 1169 1334 2021 780 3099 1979 2493 992 771 395 2343 329 2807 2128 3145 3005 2353 85 1720 296 2261 2485 1163 1137 2603 623 2418 591 611 1232 3119 1085 668 3002 1955 2038 2122 1977 1815 207 1303 2990 152 1428 2053 9 836 528 2669 843 1940 52 1032 2143 196 1424 797
1261 2599 486 234 886 396 703 3047 176 2189 1756 1937 105 621 2588 2825 3126 3084 1052 2448 2421 530 1213 1447 18 531 2077 1199 2969 2224 1659 307 1235 2036 3020 2809 1044 2727 2893 2270 1073 2911 2341 2415 1119 2454 713 685 1102 2495 2098 1015 3011 3199 1373 1861 1728 2308 68 2606 749 1034 2978 2509 1363 2508 1350 2679 1715 490 1632 672 2182 2628 947 2174 2323 1741 2652 1733
3077 671 2788 902 2228 585 3171 1673 1243 1965 1712 1794 1061 1033 2133 1017 164 257 2057 1773 2349 2566 155 1994 20 279 1157 2961 922 2996 409 1530 1460 1443 1867 1781 1847 1358 2160 1714 3088 1240 2625 269 550 831 2571 2920 2214 1109 8 2429 3173 880 126 1230 2779 2814 1860 1365 422 375 1978 1542 379 1791 2941 2245 2688 2322 2394 48 1623 882 2613 182 2570 2382 1958 3023
717 1403 2948 538 1319 2552 513 1401 1251 541 2466 527 641 800 976 1933 944 2816 1504 2621 2639 3094 2665 1420 570 11 605 154 2877 2542 1839 1549 3144 1142 2404 870 371 2672 1941 1517 2233 3090 3074 1487 2080 1236 2575 2268 60 92 1316 47 1540 2396 772 477 2420 2595 1279 1104 2924 444 270 1398 1367 1583 888 2977 856 782 2431 2424 1053 2211 1285 755 413 284 2475 1885
2899 33 791 673 1256 701 2271 1656 1263 2965 2043 7 2765 411 2217 2123 1872 1321 333 1654 818 966 447 1216 1525 2872 1739 3139 2755 943 2882 534 185 1409 1982 3128 917 2407 2931 2140 1042 3152 2794 957 2560 2719 937 1217 574 253 854 1257 2591 578 2659 1929 2018 1498 3153 308 1600 2201 2344 583 2827 1379 794 2283 2683 2488 518 2234 2039 2259 2012 900 2894 1476 77 1262
763 698 1613 2364 973 65 1111 2351 1572 2982 2157 3030 2164 2573 1949 2462 1730 2145 2729 1188 3038 163 1466 593 1668 1894 925 1642 131 555 1370 2547 2486 3059 1855 2004 2845 2617 2286 545 1010 1609 2874 1463 148 526 219 2721 972 1065 2500 2797 350 2854 487 2276 1318 2432 36 694 2772 3010 635 877 753 2494 2998 926 2839 1154 2120 1449 3151 844 2918 1140 1828 1820 2186 1031
1183 1177 2925 1470 14 512 494 320 71 1247 1770 2786 1825 1856 6 1064 385 498 1181 2834 2014 2365 2146 2641 1276 1667 2562 35 459 354 881 1976 1875 1823 1877 2615 1411 1461 1193 3195 1136 343 106 1484 3143 1307 2775 1084 2750 627 1071 1776 2502 3108 362 2391 2119 504 1602 1074 2701 1995 1559 2968 2303 3137 1674 1796 597 2327 520 1068 2171 781 1806 2535 342 1639 1087 2294
1138 2484 2180 1284 1692 2632 1774 3027 2101 2300 1563 3061 1446 691 2372 1510 915 194 2649 417 2563 1113 1690 1676 180 2611 983 132 1353 1196 1743 2759 1536 2321 151 29 785 1241 1787 302 1734 2629 2840 2833 2805 2761 683 3154 2928 2410 2181 1314 1921 2147 1836 2967 688 1414 481 535 1026 478 23 113 2782 890 2311 3075 1384 303 1116 798 111 699 2596 1090 1326 2692 1732 2593
98 2135 2280 138 3172 2041 450 1529 779 1147 147 31 213 1028 2533 2030 939 2558 258 2246 272 1435 1650 2985 2973 2440 1043 955 2385 90 168 2653 3165 1320 778 1927 2678 1023 2532 893 2943 991 2585 2348 2578 1590 1835 127 946 2210 1086 1587 2411 1218 1394 99 21 2706 1380 2521 1059 2370 1859 1727 1628 1871 1903 1723 581 1081 288 1092 875 2658 2986 584 2392 1946 390 345
903 1722 1290 2170 1019 2206 1618 146 678 916 1526 633 2974 1580 2472 529 1184 124 2162 1272 210 2076 1037 603 3155 851 2269 358 2975 769 799 1635 898 475 432 1522 2025 1737 1474 3185 2239 25 1593 643 1106 3114 3016 378 1344 999 3136 319 3019 776 1172 2250 2661 2461 2671 609 3092 1244 1233 1706 2742 2137 1482 2960 1360 2442 1191 335 3051 2707 1527 1546 1278 2317 393 1432
1931 1844 1331 221 1999 924 562 820 476 1986 2282 2768 1810 1805 404 17 572 15 896 3141 2898 2333 630 3037 3012 2645 2150 2709 2313 2331 521 1423 1567 2099 657 1672 2423 2774 1891 503 1060 1980 1124 2361 2609 2514 1126 1834 995 187 1683 2354 2598 719 2304 491 662 1222 2108 2544 935 628 330 282 1809 2082 1295 3134 1897 626 1267 2216 2748 1679 2708 88 2034 2620 1493 990
318 3048 2760 3082 2357 2175 1309 1483 2824 930 1983 1665 909 2336 3132 198 499 3150 1362 2954 2081 736 1864 1630 2015 443 1121 2592 2995 2163 1298 1009 442 2601 3063 1785 2112 758 1709 2664 1695 2095 2148 336 2945 1457 3130 1454 79 3127 1430 1194 2083 2315 2958 2581 650 1433 2781 2263 316 1511 1803 2332 1686 1167 2314 45 24 51 1259 564 2756 1648 250 2503 2008 3194 1096 2097
204 1792 266 1123 2183 2378 1564 2337 941 3166 2265 1817 725 3053 1575 366 2619 742 1091 3058 1797 2574 2723 2694 427 1488 2356 2520 368 1152 835 1265 1884 2793 801 3147 2048 2643 1704 1369 1547 2883 2497 3112 1168 3175 2838 1347 718 1440 1736 587 2414 2222 2895 482 2817 2896 1524 2780 1077 786 2512 27 2393 428 3044 920 435 1610 2316 402 1657 2568 1393 1595 652 1248 212 1807
2940 426 693 275 32 1076 2086 2947 2741 2746 737 2427 639 1708 1134 1909 1528 2338 455 1661 666 226 729 2718 1990 247 1288 1056 2700 2425 338 89 1317 2256 1569 197 3000 256 745 2231 3125 3103 2350 115 2676 441 773 2237 315 2687 456 1340 3178 2955 759 1436 1750 1974 1696 159 2275 1865 2285 188 3054 2107 2720 3025 1660 895 1906 2416 1221 2624 1701 575 2754 1402 676 236
348 407 684 1968 102 245 1514 3116 1740 254 1399 1335 2859 967 1341 2074 209 2091 1562 1246 3179 2330 2551 908 3140 1858 1890 2929 2463 2273 1560 1066 322 863 1814 261 807 866 466 1223 1883 1905 708 2166 129 2487 912 2887 2281 1442 2198 3187 1966 2011 1098 3071 2258 357 2218 1939 19 822 2347 2696 2027 1210 1249 293 1533 267 565 600 723 392 398 1957 1108 2999 2403 2037
2638 314 58 2009 2667 57 91 1653 885 1273 3111 2702 2689 2340 1088 2094 932 1829 1688 1007 110 2467 669 202 522 1444 1153 1622 3003 1899 1918 2435 921 2399 3168 1501 2637 860 1156 738 78 2536 2444 49 612 1851 10 2155 1534 2445 3122 580 324 2433 1427 2734 1207 445 1841 2238 775 306 2657 3089 1180 1920 2906 56 3148 2142 2235 2260 2106 2951 988 1518 1822 3026 1387 1873
510 826 483 128 2194 1418 1322 2870 1366 325 430 2910 248 948 2764 2517 2878 1419 2026 2006 557 3118 227 1254 2369 3078 573 2312 2818 229 484 2023 1464 2409 1627 1203 649 1640 2227 1211 1072 214 1171 1544 1772 754 3174 2376 1901 566 1910 1486 1606 485 1155 1886 1502 1850 1130 2879 495 2334 217 344 1793 598 1225 588 2272 1763 1186 3156 1305 2293 2129 34 2158 987 255 2832
549 1001 2935 2197 1819 1472 161 87 2704 1333 3034 2546 2716 2762 2412 747 3033 505 2631 364 1198 1678 1294 471 1368 2232 2553 1027 2032 3009 2528 579 2857 462 919 243 2040 969 1882 1048 511 1349 1637 2045 408 3049 2087 848 613 3069 1749 2226 425 2154 1620 1206 2434 1330 2426 189 2318 2991 81 620 1022 1804 1833 1458 675 726 2905 2305 563 2711 3056 1795 2650 434 803 2813
2499 660 2747 1911 3200 238 3036 496 1451 1624 1485 894 614 2752 1926 1574 2885 2248 1421 2522 28 904 938 2072 211 2345 2822 1283 66 2889 2758 353 2580 1586 3117 2732 739 715 2927 1080 2726 869 2207 1094 1148 2052 440 1545 2325 1202 637 53 3106 619 2938 2846 2802 2685 118 301 1960 480 883 2843 1707 311 1214 2698 3029 1713 41 178 1837 3093 150 1948 816 1095 199 2684
1099 1754 1561 1515 419 2406 750 624 1608 978 277 1348 1972 2213 682 839 3057 2383 1684 3176 2476 201 868 1783 1441 1548 488 1571 768 2884 3022 1013 1389 1853 3163 2236 1410 929 1766 2856 224 3046 2149 746 2477 551 1139 2963 2549 2757 1950 3091 814 569 3035 3170 63 423 3107 2630 2005 2113 2602 1078 1607 83 3190 686 1162 2051 280 174 1731 347 828 1178 3032 2397 1601 735
2725 2342 1711 2453 156 2743 2873 285 1269 208 2888 2390 3064 2513 1128 732 3087 2976 1516 1698 351 548 2789 493 927 582 1738 796 2590 116 940 1827 2104 1471 1425 3182 532 2066 2156 352 1591 1479 2691 383 1456 1021 1375 2836 2002 889 2579 1568 1857 2529 1993 228 1821 2395 1035 492 1386 1554 1840 2880 446 554 1197 817 647 2169 1477 1936 1481 1149 655 958 832 1356 2490 2798
850 298 2253 1801 1208 2576 824 1201 2178 2093 1144 1239 981 993 3113 2792 93 1953 559 134 631 3096 386 80 377 3076 1271 711 2346 1685 1531 2115 1496 1989 3159 1453 2438 842 1775 1621 1963 2000 2777 865 3079 502 1626 468 22 2458 135 2972 2987 2812 1491 246 2829 858 100 317 1311 463 2864 1691 1694 1934 1703 1838 2117 2422 340 536 3184 1058 1310 2712 1234 1260 2301 2681
1996 629 297 2367 2956 1004 704 231 751 1245 2763 2266 1751 571 2159 1605 2516 1429 2989 3072 452 2530 2675 2917 2457 2491 2071 121 838 2179 733 464 2980 1753 2417 2736 1141 305 323 114 2640 337 1212 1415 326 1467 3124 2430 458 1616 3060 2298 1943 467 2274 1742 1063 1761 553 1478 1663 2847 1505 412 2739 2221 3100 2550 2326 3015 5 2939 1396 1789 1887 2088 1323 1802 2199 2044
3008 539 2753 1120 720 2064 1655 1725 2770 1987 1582 2190 2559 783 1771 1719 2654 2949 2358 2959 1585 1649 2161 237 2203 349 1612 730 1964 3039 802 2577 2192 2173 2564 1892 949 406 2267 1345 986 2299 974 3192 714 864 2506 1492 1405 2635 276 2110 1292 899 1615 203 394 2610 331 3167 97 3131 606 533 2362 2131 3018 1006 1998 3040 2534 2983 3004 2891 576 260 2964 1780 2548 994
552 3067 372 923 2713 2600 3007 1646 2937 3104 1969 2907 388 143 1945 1778 1315 278 1992 1117 982 2820 1870 2013 1371 3197 1619 2749 861 914 700 1971 313 38 1747 2247 2480 1160 2801 171 1521 2065 149 3041 2482 2291 1541 2249 249 2138 547 2934 1759 453 1055 1190 382 1146 1300 416 223 387 1710 734 2507 184 821 2582 509 3146 233 2993 1573 1552 1342 3070 2890 2800 2525 1165
837 2114 2035 1339 1634 2252 1565 722 3164 1097 414 2904 2569 1755 951 460 2126 2662 2307 2033 695 96 2526 1406 2257 117 1395 2049 1645 1614 859 433 3189 2922 179 2481 2787 677 3169 1046 1468 2209 367 2310 1603 770 724 1842 3052 615 1748 2651 640 2474 2554 1151 1302 1343 659 3142 2287 1919 2132 13 222 1067 82 235 977 3196 1598 165 2806 251 2852 2932 1336 169 295 3042
3021 2061 897 1641 2377 687 1888 997 181 731 2063 3186 1437 346 892 913 2677 2608 2056 1219 252 399 1784 2795 1115 2449 2295 2436 2204 1666 1832 449 3085 2642 1556 507 2815 2731 1337 519 2167 1003 2699 2572 1089 2022 1717 1227 638 1924 2994 1745 2865 2212 461 1902 1831 1631 363 1448 1935 1327 361 2375 712 1462 3180 933 1413 2379 73 339 162 2241 391 2456 3133 1215 2519 1280
144 141 2319 1879 397 1818 2930 1408 2302 1039 2587 740 2240 215 1407 2277 2539 709 1800 294 3080 1173 69 1062 760 1788 616 602 2306 1431 3162 2724 1255 3135 2871 1122 2292 2243 3028 2118 2024 2740 1079 50 960 2784 1281 2363 2710 2950 2069 104 2134 72 232 225 1629 264 2278 1576 1182 2909 1962 101 3123 516 2501 811 1680 517 1070 1237 54 2225 436 1866 970 2202 792 1101
2663 1889 61 1195 2545 271 1161 1439 1765 2360 1578 415 1893 1916 847 2837 2172 2386 1961 1200 2505 1416 1494 617 431 1049 1220 560 2103 268 809 1862 2616 1159 86 879 664 928 2841 2717 3055 577 2193 2860 2059 2926 1499 2557 642 1450 2215 3095 2092 2537 1757 3129 133 310 2352 103 1489 1782 309 1913 2773 1551 139 1643 761 744 2413 2830 1293 312 1082 327 157 3191 1508 876
1289 1093 1908 2791 884 218 874 2007 2084 872 2067 1014 2373 1275 410 2646 2368 825 1000 1075 2441 1057 1509 3101 3083 1 674 2384 1250 702 341 965 568 692 1638 1118 1752 2205 2751 1677 2897 59 2380 1777 2863 1512 2020 1824 2908 2921 259 2648 1412 2060 998 1604 2962 145 2483 153 2538 741 1930 2524 2970 1378 1050 2523 2850 2942 1252 2070 1204 959 867 827 1133 2105 95 1584
1558 3014 2876 2121 2464 1325 3188 84 705 1662 3024 123 355 931 855 663 290 1991 437 1984 3109 2835 44 1434 2892 2381 2666 1352 540 64 1103 1176 2230 1581 764 2933 1925 1932 1647 1670 1465 454 2470 804 497 2374 1988 558 1008 2586 2290 2695 697 1579 857 2869 3120 465 2668 2614 2075 200 806 384 2946 1681 2745 2867 2518 1869 2919 1270 2808 2594 2144 16 1942 2096 1798 2875
2223 500 2944 2656 608 470 2185 2722 1324 765 815 2251 523 1359 172 905 2858 1445 1868 2191 1566 752 1917 125 2556 70 766 2647 1682 192 2866 812 667 2612 1229 1332 2460 287 1469 2670 2254 3073 1296 2767 1030 508 2359 220 2398 1346 634 2634 670 1397 281 2388 2848 2849 989 984 4 525 696 1671 1287 911 1970 1002 1404 2405 76 2735 625 2936 2531 1226 1205 1490 1699 2868
1291 2473 595 1038 140 1029 1011 2100 1786 665 1364 1952 1863 1127 1357 2019 757 1594 230 1652 473 167 567 2952 690 2690 1944 1459 599 403 1175 2124 1329 2796 1390 787 524 400 2527 1636 1238 2778 120 2010 1388 2309 788 1967 681 3160 1016 1848 710 542 594 448 707 1164 2220 1997 193 1107 996 479 645 3068 1513 2471 2177 1700 2561 1018 2496 177 871 67 1845 2465 3198 2715
1392 1500 489 1312 2141 1951 2823 793 1617 953 74 1904 30 2153 2073 3097 2208 2279 1746 1813 537 1644 721 2733 1854 1036 2886 2597 420 2446 1588 1187 3158 2 356 636 2623 1539 1923 808 2737 1898 748 137 1355 94 421 2862 119 186 2439 263 653 2284 369 2799 334 2655 370 1297 3177 873 1174 170 1110 2001 1519 380 1808 429 819 2366 2452 457 841 2674 833 2584 191 971
1495 907 2583 1718 2447 2744 401 2055 1633 1553 158 205 1811 2644 661 2324 1506 2555 2130 2853 1597 2730 604 2804 1912 1915 1377 1764 901 586 2127 1689 1242 1959 632 2826 2881 292 142 942 1705 2031 1438 2085 979 112 544 2769 2255 3102 2903 1224 1166 438 1047 1266 2966 1274 1928 1114 2504 1286 3098 2900 2636 2455 2187 810 852 1702 2335 2136 2289 1550 1555 37 1455 2459 1381 1768
