1000
1
2
3
1
5
3
7
1
5
4
8
6
13
10
2
12
11
7
18
5
1
18
20
11
8
14
20
1
9
2
25
16
14
26
10
8
4
15
4
29
17
7
18
8
1
43
44
32
29
42
51
1
4
26
18
5
22
58
50
59
2
7
62
27
59
65
49
44
10
69
7
48
2
33
5
59
61
75
34
28
29
80
69
44
14
60
10
87
6
13
33
59
79
10
26
9
31
69
3
13
60
31
45
58
6
13
77
59
108
45
15
26
19
2
7
79
41
22
84
47
50
116
87
44
92
103
67
44
121
53
99
120
13
95
16
10
91
133
55
51
3
64
100
128
53
11
61
41
97
72
132
43
82
108
76
64
5
33
99
91
3
79
153
101
20
99
36
24
60
98
95
17
93
63
137
123
88
162
56
171
11
49
75
26
85
75
71
78
163
74
141
40
90
20
189
100
32
131
38
80
73
147
168
182
196
108
45
77
179
6
48
139
36
45
129
17
72
156
201
98
119
217
193
125
33
38
15
227
103
218
38
130
158
26
120
88
117
209
185
59
219
165
48
127
62
220
56
85
122
199
82
1
156
144
250
57
86
61
205
253
232
76
237
6
104
175
57
90
26
214
231
104
109
212
110
8
132
153
83
269
30
64
143
243
101
193
218
124
78
62
179
248
102
32
270
87
60
288
247
173
147
196
132
180
288
48
107
44
4
308
257
219
97
279
209
194
109
92
108
205
90
149
266
172
292
24
14
122
299
13
116
112
168
50
75
118
88
174
105
120
306
75
33
97
44
6
86
135
293
196
310
43
337
113
9
258
47
90
302
57
259
317
205
325
337
289
327
119
171
362
24
299
25
59
200
221
356
321
125
308
142
300
353
267
91
202
35
36
242
129
298
74
304
35
32
374
188
308
59
342
238
106
36
290
63
21
258
7
245
269
309
367
362
261
351
218
413
89
81
3
320
85
365
307
295
255
164
347
363
85
255
305
102
73
238
340
52
294
326
383
332
141
290
187
159
174
209
110
62
38
189
57
187
138
290
105
120
217
226
251
277
271
27
383
8
196
457
267
8
138
37
171
307
108
397
307
397
39
150
101
309
434
51
472
62
363
321
470
263
134
404
479
60
491
218
400
31
283
58
345
189
401
73
47
255
124
446
204
454
425
28
465
403
84
235
127
66
178
518
347
247
178
516
442
483
323
488
229
467
331
287
202
527
78
12
173
314
132
391
357
373
163
504
507
287
361
533
228
500
492
25
354
148
447
323
321
138
22
10
551
341
297
214
191
108
263
409
484
266
410
262
242
554
520
151
501
13
364
401
432
517
37
43
571
81
457
566
424
371
197
39
591
516
100
352
136
240
288
24
98
405
546
63
524
107
515
250
81
135
420
76
35
512
371
120
215
424
211
231
128
506
381
101
16
293
34
153
384
490
357
503
345
596
166
535
403
238
545
352
635
520
214
587
52
433
541
364
390
198
87
401
151
495
540
108
279
291
575
563
425
319
197
416
478
419
469
414
393
490
641
670
544
484
642
181
330
371
353
240
648
174
300
117
250
403
226
426
612
92
317
653
131
492
547
17
13
109
130
48
616
503
276
144
436
502
434
19
249
569
562
143
413
354
332
666
564
138
624
502
207
152
580
515
709
12
416
44
264
433
533
351
419
374
728
367
199
635
68
339
327
698
252
5
467
682
651
616
252
34
554
361
304
248
380
600
232
360
522
169
674
175
366
366
178
178
176
568
105
719
76
3
501
716
416
420
21
638
443
504
128
312
661
770
373
200
480
583
668
73
486
641
347
316
47
591
744
188
414
75
613
533
193
86
262
254
204
782
609
426
132
459
26
444
500
750
694
629
226
266
278
350
622
138
611
803
618
170
432
262
401
332
49
380
387
278
169
705
434
822
474
696
212
17
535
552
369
286
780
488
357
89
379
162
775
494
43
73
44
631
744
137
143
130
115
387
25
443
206
30
363
229
828
406
165
592
707
109
287
3
316
810
528
623
537
238
684
729
750
406
1
501
524
820
282
792
337
119
83
279
86
696
537
149
578
352
168
211
813
886
674
780
138
538
432
748
567
423
910
65
11
350
865
299
187
829
68
869
131
558
436
484
124
287
336
276
884
742
27
573
691
356
655
863
606
40
320
686
511
52
653
66
263
841
329
305
468
630
743
282
193
91
251
901
507
104
813
698
963
10
555
217
364
725
911
646
367
307
310
956
820
961
199
139
802
553
394
45
680
603
144
45
992
569
442
217
844
777
424
49
