10000
1
2
2
1
2
6
4
6
9
7
10
11
6
1
7
3
3
2
7
4
16
13
5
18
14
13
3
3
20
27
3
17
23
8
23
6
13
16
30
3
3
27
5
18
11
25
43
30
17
41
43
39
7
21
17
43
43
19
31
38
26
37
7
54
39
17
9
36
26
60
16
55
45
63
74
21
60
33
41
1
72
43
40
18
11
43
62
70
63
32
75
48
36
13
55
80
3
30
55
85
45
67
83
56
79
94
3
34
89
18
55
30
66
4
35
76
84
12
75
1
78
82
102
122
89
84
63
114
81
19
28
90
23
35
57
68
71
115
114
29
56
75
125
37
104
80
57
82
79
87
22
147
83
13
32
68
102
74
83
57
136
36
128
114
125
53
162
88
94
61
163
116
169
62
165
75
161
94
146
157
46
36
53
51
26
184
60
137
105
20
112
98
125
157
119
82
57
175
151
193
139
46
142
170
17
167
1
158
153
192
49
3
59
127
38
11
115
143
208
84
25
16
39
103
41
189
11
194
23
54
191
196
226
92
12
170
175
231
198
114
64
221
24
215
241
207
91
151
5
5
223
226
215
173
26
62
38
60
249
166
8
154
62
140
220
89
189
262
150
140
161
250
124
191
251
262
46
30
19
253
271
10
139
184
158
123
13
49
39
2
38
137
239
197
106
228
152
146
237
41
54
25
95
197
15
110
79
112
182
51
266
213
76
304
303
66
290
13
178
269
257
70
240
37
85
143
81
49
73
208
122
58
254
275
199
9
61
294
29
71
11
150
312
79
302
32
220
68
160
127
313
176
136
185
272
82
161
192
109
148
337
138
199
176
268
133
132
352
85
124
358
268
340
331
134
27
334
185
321
106
103
206
173
276
344
236
352
13
110
176
272
176
387
15
40
132
13
342
69
306
78
303
317
30
404
129
100
20
81
59
172
107
280
249
171
82
202
336
392
303
152
180
28
69
156
425
157
189
77
239
411
382
92
293
108
141
282
406
138
224
227
41
300
249
349
431
64
223
139
216
193
444
149
6
2
152
375
224
394
364
170
358
409
215
114
349
145
364
77
265
197
275
298
458
311
190
446
195
176
54
453
424
268
206
319
421
485
272
18
458
72
304
81
435
444
307
211
144
449
59
68
204
161
317
99
362
125
500
234
388
103
401
240
303
208
16
434
498
235
485
376
52
455
457
195
42
7
481
383
122
42
278
17
283
205
251
8
215
228
1
4
383
510
133
328
477
184
300
320
64
263
52
178
28
542
536
524
535
557
180
111
276
155
535
438
377
265
315
537
241
299
548
416
225
554
400
137
84
414
16
324
571
518
73
559
225
420
213
390
188
523
199
429
511
350
254
98
295
581
419
83
458
385
232
402
78
214
398
447
176
27
538
264
527
202
70
423
209
481
426
343
212
562
401
383
542
501
384
616
370
538
392
242
465
537
513
71
16
60
100
74
412
487
29
165
200
399
18
389
252
22
617
509
34
522
588
275
315
427
160
274
55
598
362
62
307
496
581
593
600
106
316
651
82
517
195
494
246
251
201
72
682
676
574
674
586
268
325
180
515
258
540
388
53
620
136
470
231
206
522
516
38
202
49
289
331
490
595
136
462
359
246
241
149
354
152
180
674
37
358
326
405
251
530
664
123
3
707
475
510
167
663
96
433
357
461
365
91
392
365
432
681
560
383
515
729
53
668
679
671
397
551
608
236
148
69
700
427
115
605
332
25
26
646
752
40
218
617
574
695
413
432
450
64
709
16
513
146
379
776
422
413
71
720
139
161
410
521
710
732
339
381
168
110
679
24
251
63
766
488
694
341
299
169
146
420
620
361
332
243
583
704
74
6
534
716
752
710
388
622
750
659
457
18
344
710
612
465
283
134
1
300
651
521
210
239
593
342
320
722
575
277
783
703
245
827
194
277
189
486
519
697
654
787
475
275
165
406
762
344
830
213
313
76
452
347
228
212
850
325
496
691
293
216
27
205
772
424
730
251
274
446
857
49
478
666
776
381
158
270
93
738
698
95
605
551
857
206
406
477
437
870
382
653
754
116
775
521
37
52
428
549
831
644
408
154
220
360
249
545
319
477
854
245
710
53
877
323
612
382
575
783
517
620
265
455
484
213
908
57
791
919
883
178
264
810
684
211
813
50
53
929
159
78
84
153
552
650
313
888
505
455
811
861
70
776
22
207
699
427
294
117
600
830
556
486
975
747
37
273
414
12
827
919
75
573
509
696
737
502
611
423
613
678
920
48
597
746
731
32
79
297
199
747
243
869
591
174
358
669
298
1011
14
875
881
14
727
826
621
724
654
208
120
18
298
102
868
218
981
752
907
795
919
791
713
655
125
787
1018
184
473
794
995
871
388
6
270
423
12
731
961
298
834
764
161
806
779
689
634
423
83
406
72
756
626
649
707
422
349
953
696
221
872
1012
833
398
1075
541
843
494
176
246
1067
22
1018
65
652
164
413
571
831
395
811
711
379
66
790
1061
740
828
482
389
1029
328
978
1028
9
389
335
407
1000
11
883
111
879
728
951
621
1111
183
333
1035
467
934
41
804
899
330
273
322
35
163
790
619
895
960
374
803
723
835
206
772
60
477
933
792
282
862
825
620
750
628
3
612
374
180
203
710
72
472
1069
219
123
570
457
1120
679
892
1094
849
594
745
424
417
858
101
488
964
450
81
343
956
165
939
314
691
433
1125
1051
475
442
1072
23
1133
136
683
41
552
1073
477
726
836
973
444
1203
1013
150
1029
1018
115
422
163
595
742
793
251
126
91
553
391
264
645
31
473
667
477
812
860
1164
639
979
614
599
1159
1018
175
1159
833
298
111
1119
101
924
475
629
1240
331
822
602
1062
1018
28
962
161
1129
428
142
260
625
730
1161
61
99
751
124
1155
1052
112
862
72
361
1237
776
1243
124
37
383
464
571
105
740
588
770
1094
412
414
904
1057
407
583
980
474
173
970
548
621
652
246
402
1062
5
501
478
626
1068
304
369
965
68
986
212
954
713
380
721
622
690
205
733
1026
945
569
556
1093
457
253
843
479
394
1184
343
530
500
1060
108
1186
882
422
537
409
447
237
852
1164
980
651
159
891
904
1176
587
951
1243
293
860
5
685
1105
744
126
498
817
572
920
26
400
762
320
243
1049
259
275
869
78
451
1190
554
205
294
1163
683
1218
38
582
401
368
387
1126
1143
579
969
717
1002
1125
1204
1292
633
115
1061
871
896
1114
402
1359
804
1258
1185
1026
24
200
327
698
34
221
1193
120
116
438
1022
802
717
888
1337
1061
1194
610
1002
780
242
1174
314
859
128
929
652
1169
684
580
257
411
1142
579
1015
417
1102
688
660
724
1114
1196
158
210
705
581
1089
949
107
408
1340
256
588
729
1136
1151
1327
1237
806
155
1229
600
967
11
1051
610
984
1342
378
1082
600
1237
1132
866
176
952
14
1377
628
377
1480
1150
1191
807
813
1326
335
362
631
780
1295
269
436
984
693
456
1003
987
710
705
717
395
425
489
618
595
227
144
159
741
123
932
909
1069
922
1211
1200
1102
166
1366
915
550
388
617
529
1014
912
1108
576
1052
422
1457
1003
1456
888
284
315
1438
474
875
1108
399
1153
1045
1127
241
1540
852
860
1043
108
614
444
492
982
1257
837
1314
366
288
1499
1058
396
181
216
83
394
120
1046
534
474
801
277
762
892
1092
84
1383
833
479
1067
842
973
145
952
1365
78
1363
587
1507
1033
1151
552
801
1172
1187
898
1329
973
623
1589
1253
377
1583
1599
1469
566
1438
654
1179
279
1224
264
1233
68
1394
1457
506
362
1418
388
172
1564
213
868
373
1246
1163
601
318
871
1107
1004
137
731
812
386
634
1389
378
475
1215
1608
680
1569
1317
49
1603
1628
536
910
448
1343
1257
740
1407
1532
897
1534
1176
113
895
404
1433
1301
1208
1633
464
1196
24
909
874
625
393
356
1020
552
206
1601
937
267
954
142
1509
22
806
491
693
1098
1400
949
1442
277
756
284
529
1684
916
1036
367
373
1273
1635
1001
1061
1039
789
196
1148
1608
963
1428
840
990
1235
593
714
435
1055
1718
189
400
1371
735
434
1259
1343
1044
50
543
713
67
365
402
1167
270
1149
17
410
559
842
129
513
424
581
1491
1174
968
12
172
1032
1057
765
1355
914
1691
375
1561
1186
153
811
1208
997
1016
374
158
1628
1263
1772
275
498
72
1086
5
422
1283
1369
108
557
665
402
544
25
797
442
490
1469
638
1748
702
533
183
1751
1352
942
360
207
1651
187
1783
1390
1051
50
872
899
903
1031
385
876
708
688
1671
1416
973
704
846
712
1267
829
120
599
1724
807
1268
1073
1691
259
103
848
1261
452
832
1536
1052
1291
1302
709
285
993
994
1715
561
929
669
1605
529
842
38
1725
1399
592
1625
49
1009
92
1305
759
1857
592
850
487
1117
979
1761
1333
634
1675
427
405
103
1827
81
793
94
1141
112
548
836
822
955
1645
332
1509
1618
1728
449
1142
405
634
246
1854
1257
1162
763
426
609
184
488
633
884
1300
1206
333
863
589
1510
538
1232
908
890
96
867
345
567
514
974
1685
1216
1365
1019
459
939
437
1426
1255
226
1190
1546
215
1588
1562
1332
443
555
445
693
432
1418
1202
1434
1422
1649
13
1628
1457
826
404
1021
320
821
1893
1735
483
721
1265
48
1672
1295
410
184
244
53
535
985
1923
1748
330
1958
243
33
150
1408
373
951
142
1392
1749
1830
1183
1749
823
1988
955
458
767
1563
1265
153
604
1322
478
1456
476
1064
462
83
1861
115
290
105
1597
239
574
66
1431
1939
363
1109
806
1155
1852
1420
1473
326
1454
899
746
1296
926
117
1283
168
351
1480
845
1877
825
603
268
97
1566
350
1830
559
1865
626
1552
1532
850
449
1896
1808
1224
909
2046
603
1082
185
1394
1640
557
1644
237
456
1014
1098
1822
459
795
1118
1754
1928
676
1553
1780
732
1383
1838
1669
809
1292
96
1913
1634
485
2047
23
781
1233
2026
738
921
98
319
1153
1382
254
687
216
11
1130
1209
1434
862
325
1672
1822
1601
1571
104
66
1186
1641
1274
131
1107
488
359
1049
130
1009
220
1979
939
1956
915
1654
1076
1167
833
1837
1468
1927
496
2036
1394
831
1424
1918
1138
972
545
2007
2016
1790
588
593
1452
1798
1472
164
1026
970
1007
1386
2101
386
1301
1094
2101
774
1855
570
374
1907
1208
1649
1502
550
760
517
1764
1892
829
54
564
1426
1737
468
1131
1758
448
976
1889
1355
1221
595
1188
1505
2088
985
1953
1887
1574
1364
1909
858
1523
531
819
1362
249
887
1178
66
1124
681
184
1435
969
177
491
1314
1582
974
772
99
306
1524
796
1678
980
982
1535
595
1104
487
1818
1368
1009
1880
1310
782
607
156
1267
1661
1291
1151
1578
2088
19
2157
1175
1437
1991
1164
902
1830
1837
1199
1473
76
1763
2109
368
1322
1618
975
1759
792
632
1008
2105
2114
210
1083
693
376
2198
861
837
216
515
883
1296
2110
1466
1151
1243
2171
1270
1594
1699
2268
720
1990
646
1379
752
1026
7
1517
219
1369
76
1693
1522
1287
1734
667
2138
230
647
635
1564
1324
1253
1364
2026
841
34
1066
598
1654
2032
867
1177
2017
1114
1774
230
892
58
155
1689
752
1917
1217
1945
819
2129
443
1204
567
1573
562
1229
736
884
1112
2087
1753
2323
889
307
1929
641
662
1439
284
401
1423
914
2351
1033
409
2220
1847
1643
1165
1867
774
2010
195
1484
2356
72
2355
960
37
2073
1485
1131
977
1731
1105
628
1747
1299
913
833
645
256
1093
1705
2099
2178
142
704
479
36
446
970
85
1351
2266
1629
1148
1839
1496
1090
1240
288
1624
1085
2371
1752
351
2381
1188
744
2302
729
2232
2315
1334
1129
390
2189
1298
808
168
1826
1025
400
615
803
2234
257
1821
1357
779
2105
1750
1152
1422
1278
574
223
2250
377
549
1919
553
146
1861
301
570
2247
1682
2410
1072
255
2129
2002
505
1383
697
1441
2131
761
922
2273
1831
1898
1143
202
1434
1815
1049
1890
2142
1542
49
1945
644
2474
2362
2382
1931
2225
2253
719
920
365
734
1547
2126
224
1592
2007
950
1845
2479
283
984
2094
9
1332
92
2255
2347
2137
855
2394
1913
2348
1597
1631
2474
1176
1096
2428
957
280
1554
1189
1583
1107
304
338
1545
481
44
711
1018
902
665
1763
1798
1226
576
2127
2405
1287
1503
1494
987
2317
133
1595
1620
2023
1467
1150
1159
1066
1804
226
2429
2418
363
957
1489
719
2406
183
2335
1695
582
1781
431
1647
2042
449
2073
2544
1869
226
2471
60
1132
2469
1520
1375
440
703
627
2044
1049
1306
895
1677
1784
400
1103
1861
1412
2316
2111
2146
341
1176
953
693
1670
829
2346
1511
2297
665
2498
796
1286
1770
281
371
2555
2341
1149
2544
1539
2349
2168
1977
691
1670
2009
1129
1469
608
1141
216
1287
896
677
1998
1068
981
816
2619
1978
941
1708
2367
1494
1025
146
2414
1870
585
2552
2019
2526
94
2467
782
1256
75
56
100
1742
2602
1310
1538
2638
644
1088
989
1006
341
1500
1565
334
290
2174
2620
2401
2639
925
180
1636
1707
1993
697
1208
87
1401
1518
1675
1586
1727
988
2030
327
1281
720
2
1414
1226
821
1313
989
927
960
2568
1193
1127
1285
2184
535
1521
1473
1509
206
901
2176
60
1512
2424
942
2565
671
104
137
2363
671
711
537
1402
413
1
1018
1436
2020
1995
846
2246
1486
1203
397
1180
494
1582
924
2473
217
610
1705
577
210
361
232
1203
2439
853
1634
2116
126
2454
778
1712
445
2164
1532
1540
9
2243
434
983
951
1697
698
2247
1810
530
832
2529
140
2433
2751
1719
2468
2130
1255
1107
1506
143
237
1606
1307
900
1385
2387
1465
1442
1119
2754
1168
1083
1012
1400
1295
1466
1465
706
1956
1900
583
611
616
2314
406
1822
2084
432
1007
1267
131
762
2020
1644
2626
629
18
887
1877
2207
1236
1132
2745
2070
2652
2788
2512
1201
1693
432
236
486
313
2804
1033
179
1679
882
376
585
1052
213
2004
1849
1831
2769
188
1912
1514
2837
2144
1018
1439
2502
269
817
1513
2132
2196
1850
1912
2731
2230
202
1848
2346
780
2199
97
68
2430
1718
2781
1325
2747
947
2339
1501
1515
580
477
1446
331
2731
2790
704
923
1109
92
1755
1616
1026
1702
108
1071
2179
2566
367
682
117
825
1125
2072
2245
704
2528
1299
2735
2091
1894
2266
2803
2617
652
2818
762
1500
2649
2623
540
240
1320
1229
2274
2402
1768
2103
2571
1823
2505
2219
2280
474
68
1353
66
2531
826
1016
932
2603
18
1751
1002
1132
1196
2846
179
1871
167
142
2032
1089
453
2400
2949
852
2598
2342
2616
2720
2786
785
921
995
1212
1126
1734
1214
1729
2751
824
363
1108
418
607
653
2896
1154
2014
803
2863
2810
2244
2589
2632
2121
795
1126
2043
2856
1754
2804
2556
1162
310
487
680
1048
423
1322
2763
125
1766
2954
843
382
1638
435
2366
2978
551
2545
307
382
529
1923
2503
446
2843
482
1794
1500
2816
1030
2525
3019
3001
1506
2960
1247
2574
2177
1577
1479
263
1837
2675
2971
1750
154
341
583
1259
3010
2454
2305
2784
43
2404
1330
1372
903
1596
2599
1707
1146
2172
2614
2407
919
703
1161
67
1180
668
497
1977
680
322
1956
2923
865
1065
2079
1747
1769
2664
1743
292
475
2528
1915
2434
1992
1776
1569
1601
2833
1856
1212
2724
2860
309
1983
2325
2904
2841
2401
1440
1821
870
1273
3056
654
2312
2629
329
966
1328
638
283
525
1149
2872
597
672
965
2813
1148
2215
533
76
838
1195
2130
681
1751
1394
2384
1097
1577
2053
1054
1753
3111
1353
986
1515
548
2346
713
2143
2130
1317
984
1942
1556
800
218
506
2770
669
469
1494
284
2
1124
1366
546
1706
2630
333
567
2012
512
1489
1605
1490
2742
997
3114
574
766
876
1158
2808
1995
309
2822
1389
2461
388
2862
2258
1659
2103
2903
2847
720
2283
2420
387
664
2797
1450
3182
491
2356
2446
453
2740
853
451
1580
386
2618
830
1621
2698
262
378
1115
469
2664
438
2292
483
196
1402
2869
1662
2899
2085
1142
2283
1302
2439
1245
1241
1209
2412
31
2292
942
2734
105
521
405
2836
2711
2638
1974
3155
440
879
1194
1158
1113
374
1769
1550
1092
2721
870
1988
2163
2048
1375
3210
858
1387
1498
1925
2623
826
1539
938
819
1245
1900
2349
1387
2586
1049
2939
2094
321
1237
1296
3165
664
971
388
184
2887
1934
1462
1630
2132
682
2186
1699
1160
259
509
643
330
2419
15
405
341
2875
1009
126
922
1616
1585
1028
2455
2538
1171
2986
3263
1379
1900
2893
1491
371
2524
1423
698
3311
2446
2523
802
2198
1211
285
2189
2528
1619
2335
1997
1367
1923
1732
203
2365
42
534
2376
679
966
1703
1166
2858
2532
1762
3309
1090
3024
1888
2923
956
3140
2619
1369
3348
2181
1752
2200
2570
1718
2956
144
2840
919
3353
697
2330
3076
2869
1829
1751
1298
213
1130
2717
87
1748
878
197
1369
98
2623
1486
2037
2408
1078
2940
11
1362
1948
571
1982
685
3108
847
1470
3274
3148
1849
3359
3045
2894
1925
1887
2272
3126
294
28
1432
1867
42
2037
2683
372
3253
1091
1656
650
1844
507
2581
1242
546
1831
316
1233
2234
2845
2129
2114
2293
326
2658
601
45
3124
249
2533
3415
2795
1659
1893
1622
2699
3064
2614
2338
564
1644
1146
985
2930
985
2739
2821
310
1055
3332
884
2646
2721
2144
1755
3337
562
2390
2260
3427
2575
2212
3291
3009
1493
158
1061
562
863
2510
2952
2447
2809
860
2719
2412
1326
3123
6
2062
605
1302
725
3333
3195
1616
344
2335
976
1348
1812
426
2039
2483
1462
934
2620
1152
3386
3125
2279
248
845
288
1899
1926
947
2480
971
3395
2431
1981
1550
3199
1647
1896
1034
3004
382
3474
2415
1947
1884
2218
1242
787
206
3507
1614
3069
3135
1093
755
2340
817
74
2914
1504
965
2962
1399
722
2116
2219
650
2789
499
1401
2779
3150
709
774
1617
3139
3432
2660
3237
322
1448
270
1832
3262
2979
1779
3471
262
3517
166
149
1614
2904
560
1338
2050
2243
1769
3188
2807
177
988
2165
747
696
6
2310
1091
2401
1443
2608
3240
2543
3317
973
2873
3103
1246
1502
336
2577
1521
2449
2474
525
835
3597
1923
3204
1538
2849
537
1682
1667
2228
650
277
2835
1495
315
3606
703
972
1410
479
2709
2805
738
286
1388
3205
2574
707
1863
2338
1590
2671
1667
982
479
1512
223
332
2367
1269
1441
2855
454
2970
1651
1786
2121
2750
983
2915
1708
2136
1438
3116
3175
3480
3014
2899
3122
2854
1223
1020
1895
316
2123
75
447
3072
649
578
78
759
1798
390
3427
3042
2801
2749
270
570
2010
2249
332
20
1512
1485
3094
1919
1210
1583
1569
887
1413
3518
15
1867
3655
1249
855
1230
1658
3293
1236
1971
3101
3653
3701
2598
3424
672
710
3253
3382
1796
1738
1526
677
685
1540
3156
993
3286
393
47
3170
2030
1448
774
1409
2343
441
400
1911
3482
243
652
2111
116
61
3296
1202
171
3455
2330
1392
988
847
1349
980
918
410
736
184
332
3329
3146
3211
2432
1921
2886
1628
1468
3095
2665
578
2801
371
2650
1107
1854
994
454
1533
1324
2493
2377
2493
3235
504
332
1818
1221
1593
3189
755
3282
3792
968
2679
1780
1726
3467
2238
1636
3170
1133
1931
959
1438
2226
1692
454
1878
1046
825
3696
3777
3563
2553
3795
1511
2337
2500
3365
252
35
1444
645
3527
1460
3112
3148
2193
466
1089
975
2309
1349
773
2331
517
1649
2674
1676
825
2840
1770
2457
1132
1616
755
1180
1304
1382
3811
426
1423
1339
284
3015
2863
919
835
3767
2434
3027
2524
3057
1782
2521
2280
2886
2345
1972
778
433
2148
3469
3421
2776
41
3787
2017
2530
613
3561
3448
1166
3473
2214
1364
1138
812
3513
1243
1663
1529
1405
1226
1342
2430
2476
3476
2892
3107
1390
2918
1022
1155
2671
2360
947
1916
164
3894
2365
2646
3538
713
3737
2049
106
3671
1308
1061
2685
3506
2071
533
613
3905
1861
2333
1561
3277
3127
2652
2203
1504
1387
3073
2083
3200
873
3907
2703
3162
3307
3449
1367
1420
1090
789
3909
3578
208
3307
2463
2201
1482
471
70
186
1501
2298
3390
1456
2092
1777
289
2805
3684
1599
3489
41
416
479
2176
2393
3080
504
1044
366
266
3507
1317
2100
3863
3779
111
1298
3811
512
1470
1055
3216
258
1591
911
3245
2276
1905
913
2769
2437
3303
2365
1914
2861
3308
2949
115
3729
2401
1653
266
947
574
1489
100
1478
1819
2147
884
2720
2312
3871
3685
1420
1247
3312
2819
542
2876
2977
3790
791
2085
2453
3160
3117
3716
3272
1745
3846
1223
1022
1412
1024
660
1110
3817
1442
3305
423
91
726
2243
2668
484
1187
3389
643
2876
1788
170
1283
1752
2793
478
1827
3778
3414
1140
2221
2799
957
3513
526
3388
2980
469
1449
467
2210
1604
489
2733
2267
3027
345
2362
1363
1649
338
397
575
637
3438
2613
1865
4059
2479
3225
92
345
3686
675
689
3300
2575
3806
3587
3257
2308
968
912
727
3707
2615
1248
3537
305
2655
672
3325
3782
1196
3250
2564
2135
1223
1482
991
1573
1142
4064
1645
1043
1231
1394
1305
1791
1678
3649
538
3099
2231
3730
3408
2343
526
3100
923
3147
1461
3881
3116
114
3647
3791
1482
3401
705
419
2436
3862
772
28
3727
2762
1429
3024
2985
976
1866
1202
2315
1619
1590
2402
1453
2766
959
1616
653
1326
1103
1600
2444
1520
3273
1257
2630
3539
3510
883
2506
1815
3594
1149
3898
391
4067
3066
2310
3559
1987
1974
3577
1552
3517
2522
2090
318
4172
232
4070
1239
2171
1175
3905
2912
82
1731
2674
1829
1056
384
4148
2469
2656
21
2588
751
1329
2447
3211
102
2837
2806
1389
3117
4009
880
1239
14
2383
1103
2196
1165
3716
2442
3933
42
1740
3849
3454
257
1725
2873
3189
2981
206
2882
2626
1341
1144
554
1518
2207
1136
2519
1074
626
3359
3225
3421
3770
830
3041
3581
2535
372
2950
3629
3433
2786
148
1366
2308
2875
3223
2521
2609
2515
4295
2440
1428
4139
2997
3934
3501
3024
745
748
3714
63
3919
1154
4064
2325
2451
3348
1924
2217
1342
1517
263
2740
681
92
3292
3487
1344
3174
3472
108
885
2817
3887
3805
2945
3002
4210
3836
284
2820
4136
452
3498
35
3005
1574
1044
1319
856
4316
1945
180
2629
1615
275
3238
2774
341
4246
3299
2516
1530
2403
2748
1089
4217
948
391
3633
4127
148
1239
3824
2972
4230
183
4057
4336
424
2212
2643
2887
42
3063
4000
3681
1874
3189
336
1143
543
4124
1176
1734
4357
2630
592
270
2382
1966
3929
2055
1686
3517
709
2156
417
1294
1666
1911
974
2118
255
3567
1724
1249
274
2599
4304
10
1955
4414
489
3397
4005
1114
150
3488
2932
991
811
2776
3961
1008
2736
3092
3784
937
552
4187
380
2855
2316
2887
1853
22
3439
1146
4190
582
1954
1309
2501
3692
4054
3964
2778
1979
4192
1321
3513
4456
3518
4407
2559
2596
2598
3307
1472
2883
1919
732
4265
2490
997
651
4075
1939
203
3005
2465
2287
2121
694
2789
4018
2698
3970
1328
4455
2182
2331
118
3982
3926
1046
798
752
3896
657
1148
2093
711
34
1892
4006
1581
956
623
250
1609
20
3753
3537
555
2244
116
2598
2287
4304
516
1557
2332
2441
3500
1233
2802
3915
2309
1258
2837
1350
1766
2745
2364
1161
3111
902
1436
3373
3319
217
2595
1393
1828
390
643
493
815
2537
3763
524
4350
770
2247
4501
1727
137
1479
515
27
153
2084
2884
3122
3044
3144
3214
3758
4352
914
1253
1827
1324
2376
2380
2021
1861
219
676
1700
2707
3767
2241
3964
2513
3572
1986
488
895
1564
4093
4114
1762
679
4586
4084
647
170
4014
4324
76
87
1626
2717
403
809
1931
212
3972
1483
2810
3239
4012
2720
1234
2727
4045
2596
1571
2866
3516
52
518
1118
2882
4172
1711
4002
1904
3422
1624
3096
2018
606
3106
4367
1618
1474
591
4180
2111
2948
2304
3889
2150
1198
882
798
640
465
1627
1459
1763
233
1428
1592
3203
2524
1965
3345
749
812
4031
3111
186
2651
944
3527
3619
1667
1445
1563
3248
3821
3363
1029
4332
1457
3209
3352
1297
2156
120
1796
3311
39
3041
193
4591
1292
2
3269
1015
3630
4221
1789
751
467
286
4697
838
3195
4383
3274
3555
4570
30
3385
38
4564
2984
1180
2228
4063
522
3790
1270
3501
283
1478
738
2325
3723
1301
2520
1260
3439
1933
1645
2909
3572
1527
2985
3998
438
3178
134
104
3170
308
3056
1416
1738
2167
326
2114
4497
3684
860
710
2639
4433
886
3881
4086
4491
2798
3200
2504
4488
847
4370
2898
365
1080
589
4438
2580
277
3546
1295
3696
4519
138
2154
3556
710
601
3911
1981
504
506
1230
385
1390
2306
101
1596
4285
3970
4778
3128
2078
1548
4764
94
4735
1088
1035
2789
4630
652
2493
4367
4337
2609
2580
3453
4377
561
1955
146
1425
4618
2112
1387
2128
4338
2062
1987
1531
994
2118
3285
1005
940
2701
2768
2521
3989
4375
4144
455
2862
2919
3842
2546
2649
2956
4049
791
2288
2322
111
3820
529
68
2843
2573
2957
3898
1850
440
3672
3635
2686
1157
1046
3695
3587
995
1058
2111
3017
3114
2588
3711
2642
2929
1750
1705
2304
2409
2305
1157
1013
365
4329
2818
3621
2725
3370
217
3844
194
1054
2439
3790
977
2342
1292
938
807
4826
137
1903
117
1232
174
3347
4359
378
3602
512
3751
846
1541
596
3674
3809
3519
1507
1631
2029
346
3645
1646
1880
459
766
8
2082
3147
4765
2619
123
4224
93
2663
2863
757
2155
4000
1736
1835
3218
3558
83
1771
1816
3394
3977
425
1794
1931
4130
2316
2636
1143
397
249
3182
3442
1461
1983
2211
349
3660
3093
807
2706
2437
4858
4526
4517
2403
3966
4469
4093
688
4143
892
1922
3995
4525
2417
2539
2292
1285
3762
1375
1105
584
3426
2451
1393
3669
1421
3795
2591
1878
1472
2123
4300
1930
2478
2288
1615
225
3383
4019
4033
1410
4277
4613
4637
1916
4191
3463
1025
2277
2280
4637
2959
4178
2386
4773
2891
1613
3121
273
2117
4894
4865
1048
1442
3178
1034
116
1374
1562
3241
1311
405
3428
45
4947
4233
4463
1223
3298
2376
3747
564
2434
1468
4083
878
4924
1105
3476
3520
157
2824
939
3748
2250
2019
1312
1261
3425
1166
3042
3752
3135
4450
4055
3834
909
1947
334
3789
3754
4145
173
830
4905
1035
1541
1320
3480
3840
2827
290
1990
3521
2775
2176
1476
1916
1153
1423
1735
3394
4729
4541
2459
3294
4750
4776
2433
189
1334
3918
3749
5009
2
428
3631
2649
555
3053
3452
1799
3687
4871
2871
598
3883
2498
591
2646
4020
1737
4591
1040
680
1173
612
5050
4575
1421
1654
4241
59
78
4907
4863
4664
505
3460
3342
16
3584
3568
2241
3605
805
1706
4482
4814
1588
4256
116
1805
357
3409
928
4658
2852
4299
3619
2631
4608
4417
855
2245
1050
624
836
3364
4469
173
3945
4777
2811
1883
4381
3726
1720
2615
5153
1144
455
2420
3056
4050
1537
1974
4772
1047
2527
3091
5121
3882
1195
1206
4819
4163
4397
1220
4949
3504
42
1421
3646
2010
5045
2272
3658
4751
3932
491
1324
532
609
3497
522
4455
2877
3580
5183
4578
3941
1220
3918
4819
4358
2839
4644
1919
2814
1986
2173
3667
4712
1828
107
990
4915
108
2537
1829
3568
3398
3825
2619
4994
4316
1140
3373
4596
728
3261
3572
4166
3687
3910
1977
2237
1913
3360
725
1123
4897
2449
3123
1617
3811
2874
4800
4034
472
2942
4983
3494
3590
4252
107
878
3330
4072
3218
3217
1887
2044
1765
2594
2671
2043
520
2730
2500
10
488
4485
349
5237
4777
4956
2985
1193
3514
3529
2807
2728
2403
4416
1140
2753
4124
4155
663
4015
3395
3413
1727
5286
4136
5285
3184
363
1420
3161
87
4702
5303
4671
2182
4756
5075
1422
4289
2545
227
3431
5034
5289
2194
1269
3653
3133
3222
95
4625
2691
2037
4633
2460
4398
2053
2245
264
3485
1037
5315
1829
1843
5187
3824
838
4071
2037
1834
4941
1765
768
1974
4561
1409
2863
2668
970
4975
2173
3953
320
3727
23
1367
1125
742
982
2264
2781
4772
2513
2560
3057
4737
772
1678
4266
3751
717
820
4806
481
1935
828
1096
1401
835
4916
1140
1565
5008
5196
4629
4205
1144
2709
1043
576
1084
787
2942
1504
992
2942
3697
2923
1122
903
3943
3803
3418
3961
3735
1612
4378
3979
5208
2584
601
4937
3194
4456
4776
546
5434
2231
4772
5095
2735
1327
3096
1249
1095
501
1275
1866
4480
328
2703
675
626
2789
3068
281
3695
2040
3483
210
3247
4101
933
564
4278
2112
4656
5331
1538
1136
4220
3290
2914
3692
3368
932
3971
1031
11
213
2913
1590
382
3209
3084
1746
409
3715
699
5326
594
3422
1568
4631
367
517
4285
8
1401
5271
622
3645
5401
4493
2576
4634
2888
2156
2401
3844
3121
4779
1584
395
4294
693
776
5425
3017
786
5091
4211
1078
4905
1564
3965
417
513
814
2137
5296
4010
2880
5484
2649
98
4668
5452
3990
3206
5255
4774
2976
147
1837
4493
2169
2610
814
586
2437
3272
1830
1529
1148
4845
1888
5519
2420
5255
4475
3475
3632
4932
3158
5410
466
1825
3973
4705
3213
2598
1914
2389
4027
4134
4744
4378
4796
2330
2626
1583
64
3085
179
1048
4897
5531
209
4890
5099
2403
2285
3379
5137
3941
516
2454
431
1205
506
138
3284
4936
1594
4743
5108
4999
4158
2182
4584
1827
3429
589
2839
4327
390
3341
5142
3943
4121
1761
22
1135
228
3780
3869
525
1267
5318
2645
1280
117
3380
833
4226
4002
466
5201
3951
1182
532
4902
8
5515
4555
2272
4492
314
168
3323
753
3107
5139
3734
1772
1478
5566
1696
4831
3578
4576
4881
3810
2614
590
873
3342
4362
4047
1896
2487
2479
235
1378
1927
900
3964
1343
2791
5575
3109
5688
5104
1018
1434
1449
816
2724
3484
2340
2361
3682
3449
3162
2708
4018
2447
82
419
2724
5395
4955
4916
2883
656
2112
2683
2248
2364
2063
2978
320
1840
4076
269
927
2080
4041
4818
339
3101
4917
3303
5096
1015
702
5162
3879
3033
1535
341
3555
1905
1828
2545
4011
4039
4822
1179
3166
3538
2257
3981
4107
3501
2882
1756
3302
253
1973
2947
2582
4588
4468
2880
3737
4337
5419
980
1205
5518
2737
3815
3649
425
4753
2448
268
3893
683
467
2520
4502
3505
1281
2207
2976
246
3536
5427
4960
2829
1588
2888
2719
3177
2860
782
4820
3867
968
5551
1330
4093
2143
2226
4686
3345
1057
1
2726
4627
5493
4932
2561
3096
4725
4661
3977
4847
2439
1474
5405
1872
2547
468
1440
2888
3648
5697
3637
4983
1337
4874
895
255
3147
4588
5674
4138
251
4970
3189
4529
3799
314
2962
1217
5396
3653
2902
4780
5327
3931
3609
5146
3038
3018
5663
2083
4587
1344
3345
2161
3648
5285
173
93
5298
2182
1312
5790
1995
1152
3470
3608
2328
5086
1747
478
5544
2773
4403
366
2665
1835
5610
4134
1129
1421
770
5289
4157
3377
362
3903
3750
4500
5597
2624
1741
4240
3914
3509
2577
1183
3053
3784
5466
3556
1627
5801
5049
4930
2369
5904
3748
2337
7
1878
1734
1471
295
4832
2559
1508
3928
4152
5219
5453
452
3885
4436
2177
563
610
2626
4851
9
4727
1195
3790
620
1821
584
3847
3136
4581
4872
5088
56
573
4150
1756
5300
1247
256
1510
1508
4647
436
1160
284
3343
1483
5669
86
1332
4134
1968
3422
1514
566
2219
3032
4537
2430
4289
1525
1928
5558
5913
4304
3267
4066
3308
5723
3573
2456
2012
3933
3991
8
4633
1072
5954
4696
2507
5245
5576
5736
4503
913
473
2371
5836
4992
2984
2593
3668
2939
2224
937
5034
294
3647
1872
2391
652
566
485
678
930
275
3008
3768
3275
4904
4440
1495
4171
5198
5644
2993
2699
4994
1031
336
4334
2285
2125
5404
5256
1192
5770
1231
346
398
1812
5353
5301
1532
1330
222
2934
3955
2045
3778
5153
1705
5646
3721
847
925
543
2676
5577
2394
857
2056
5610
3586
4969
3551
436
1496
3367
2218
1787
78
3178
742
1645
1521
5420
2307
2637
878
6037
1966
5959
4032
4366
3442
4347
4545
3032
1816
2717
2194
2316
2259
2987
4216
1121
466
3539
1788
3593
2802
1026
3636
2347
5851
1969
210
160
5193
2268
831
3659
1882
4827
92
5297
3487
5700
3712
3609
2052
1919
4493
3129
6
1261
3343
5624
2330
3152
893
2119
4515
5461
3887
1096
5626
5917
3590
5632
1660
4019
2090
1307
1121
360
4873
5433
2087
4358
1453
2903
1330
6028
2946
3980
5495
161
431
3236
2667
4238
5244
4780
3045
5799
4609
3825
5817
199
3507
1549
998
1435
5419
5450
3125
3294
574
1167
1444
3732
4893
3988
5267
3108
1461
3322
1719
3231
3230
2242
6024
6155
458
2214
2457
880
6165
3274
2869
1310
901
5823
2714
1451
4346
2607
916
5898
4462
1009
368
4484
1646
2607
6115
425
4207
2133
2524
4904
2578
4108
2818
3025
1660
2648
4922
6197
3068
4187
2211
1311
6047
4339
1516
4038
994
5529
82
2385
591
1681
5767
2912
2121
5092
4195
3955
5644
1782
4861
6062
4066
399
4108
1404
4122
5299
4965
4352
4719
1302
1402
3051
4816
5804
2313
1861
5179
666
4305
54
5399
5774
4514
6050
5045
3694
5508
3169
4424
4810
2452
5770
5211
3382
2245
3705
5774
1442
1934
1528
1310
5160
5245
2102
6254
1511
2779
4743
6029
1835
5920
2670
5957
4861
434
1489
4575
6049
6077
275
1653
2214
2453
6188
3252
2892
2938
188
461
242
4702
4856
5998
3427
573
938
3761
706
6069
5710
6075
4374
595
786
2808
5968
5047
4493
4057
5915
6036
6035
4225
284
3125
6226
5928
2526
2740
783
171
2487
4592
4773
1605
4506
5584
1861
3934
5939
3379
1260
3904
585
5000
4494
4314
2953
2141
5226
4931
3615
4018
5181
2929
3666
2422
2949
3553
3137
5627
87
4213
1151
4533
5997
3145
627
1753
1106
2112
2920
3650
697
705
1420
6027
4588
3181
768
3999
1556
5379
6309
4410
906
5784
3268
4887
4306
3690
3925
363
4376
1601
2249
872
5970
5899
4412
6280
4822
1063
3512
2789
4999
2887
3726
4941
4922
5573
1988
4231
910
5240
5513
3258
3318
403
2903
94
5323
2760
3291
4994
1123
928
4761
5674
5673
346
3908
1513
1548
3314
2183
1477
6313
4768
6283
6109
569
1974
4727
3246
1967
2828
1314
1465
1199
4134
3439
1248
6337
5760
3775
4682
3990
5596
4186
4160
2157
6148
1217
1591
3287
5429
572
5658
3317
2704
2589
613
293
869
6386
4883
4336
724
822
2971
1072
1
2883
2642
2489
4928
3140
2383
1229
4096
2738
30
1589
575
4387
2777
4760
3455
3348
5640
835
166
5237
366
5640
3696
4820
639
2703
4
6397
1070
1959
5485
229
4598
954
1200
3722
807
712
3521
6032
5196
5523
2253
6458
6273
5030
1725
680
5395
1971
869
4782
3428
4923
4729
40
2547
922
4148
4976
2053
168
2166
2252
3791
3205
2313
5916
4994
6145
3838
1220
4825
5771
385
4208
6002
3922
3151
5023
429
815
4584
2682
827
1700
1898
5470
4454
521
1577
3649
6192
1181
5332
2598
5323
6606
1432
1284
2465
2323
1431
4806
4746
2930
5214
4990
344
4674
703
6270
2503
5741
4384
1603
6314
4322
1988
6162
5434
5881
5443
174
5496
1203
5087
5018
2250
3009
438
2537
1698
3282
2515
3336
164
1650
3033
4019
3987
840
2456
6335
4371
3208
2580
4404
4276
4374
5979
896
3646
4135
318
186
4174
10
1110
1924
5450
4238
2850
1264
6427
329
5579
3661
1121
5451
2766
6128
5606
94
1960
2632
3098
1392
5235
818
1299
4669
2278
3425
3842
282
4557
5825
399
3495
3464
6313
2122
5483
5500
2373
516
6386
6593
4301
2078
1427
4442
2559
1595
5031
226
6389
3488
3453
497
6721
6351
1151
2034
5372
3941
1673
1653
6279
2085
5957
438
1793
3291
4673
4373
2942
3337
4010
5865
6330
668
3980
3171
5101
251
2541
6433
5354
1127
3475
1119
270
197
5881
2799
3377
1486
2704
846
2827
4520
2443
2707
5229
178
5303
3201
729
4403
2220
1988
1697
2424
4050
6540
1178
3321
4708
1109
1570
3600
1267
4104
4282
4540
5441
6712
3032
5932
6737
349
5831
4358
816
4394
5966
2218
4859
2041
1194
1484
250
3918
5721
6130
2653
2196
690
259
4116
1079
4094
6307
4966
768
3860
6156
4204
1123
2690
4270
1700
6784
2578
5935
341
2671
4033
692
3149
259
1963
2237
953
5880
4527
3568
4449
1896
4980
307
5849
6541
6791
5864
2479
187
2192
2919
6039
79
4666
816
5690
6355
2642
249
2093
367
4759
6817
518
1626
703
2211
6748
5333
82
5221
4312
2531
1944
4426
4625
5389
5814
4626
1189
2638
1075
2714
3225
1673
5992
5790
947
290
3408
6590
32
1023
4983
6040
2991
4485
5631
4103
6759
5841
5984
2624
1006
4817
673
4553
3783
3561
5509
1950
4059
5021
4885
1867
6792
1599
2604
5655
686
339
3694
3085
5478
4979
1237
6693
3365
5549
1992
3319
4574
3486
2182
4125
5388
5852
4551
4067
499
3316
238
5394
6345
1742
1813
2377
2541
247
1716
5349
3150
127
6490
2150
2320
6903
1478
217
2669
5850
2613
4842
2785
4191
6239
4667
4817
4108
6966
2891
5937
2012
4215
2669
402
6525
4410
3326
6286
6373
1067
634
3604
2823
4894
6341
1323
5309
1078
4041
574
6799
3960
6945
6031
912
1948
4048
1956
3422
847
1760
4437
3459
1707
6313
3651
4055
1661
1863
3655
3064
6485
4680
5819
1323
5486
3620
5251
1678
4943
6032
4748
6296
2953
6371
5177
3167
2529
2761
4934
891
6223
5324
969
1350
5955
6158
2150
489
1903
1893
2790
4860
183
2629
5765
6553
1517
2904
32
2060
3813
4834
6361
6146
3741
4541
5005
138
2266
344
3185
5317
6125
3805
4768
2772
2957
5804
5736
3817
5778
1154
6103
634
5985
3963
419
5079
6043
3631
5482
6567
6734
6830
6072
4481
700
5208
5025
5276
2022
2417
3425
4478
6722
974
5879
2163
1103
5676
6953
3062
5387
3200
6920
2449
4621
2652
1811
2884
4258
2345
7056
6608
5470
5172
1893
6664
4051
958
3205
5740
5151
6607
2725
4491
6103
3571
6098
4588
5270
3738
490
4060
943
4353
3317
5423
3527
5190
4035
6271
2069
4615
3975
6977
5025
5100
4635
7018
1637
2691
7060
1121
5634
1207
104
4956
6140
3098
69
2980
1259
800
1530
4144
6051
6624
5188
219
2059
2106
6220
6432
6933
107
653
4604
379
470
6186
4102
6675
4006
3378
2649
2841
1827
1041
4531
4298
3984
887
405
5898
1931
5975
1462
2632
6232
2023
2529
2202
2560
1615
1144
1862
5284
5275
7075
2791
2649
5235
4320
4757
1693
635
5357
5414
671
4820
1608
5889
5297
4877
5825
203
4536
3537
2978
2303
1419
4770
3767
838
2029
2740
2252
1784
4523
5381
239
3561
6890
4089
116
3942
3096
2000
3091
6601
958
6879
2869
5080
4508
3452
5331
3824
6906
4889
3842
15
2718
1963
5796
6275
4487
1361
2495
1564
2353
6808
5093
6119
6861
6995
2734
2195
4576
4942
4104
4710
6127
4164
4986
4085
6306
1864
4901
3580
6991
110
1106
2560
2659
3248
3783
1519
1520
4389
4489
4465
1761
7185
1447
1583
5187
5581
5553
6979
2057
6300
5907
6530
1987
2975
5705
5842
7220
908
1076
5178
5725
5829
725
6866
4856
3788
6100
2538
519
5132
23
175
4765
4030
4690
3210
6925
5078
6583
1004
5875
1073
3188
3431
5580
2642
4645
6246
6987
3641
5112
167
4592
5418
7275
3969
3864
993
4974
4309
4912
3015
5308
3536
4008
5645
2211
3703
539
3168
3797
47
3550
5593
1055
3748
5443
1881
5142
5884
6580
1012
3724
4927
421
5346
1687
2607
4863
4190
115
155
7236
6430
6436
4465
3744
1561
4034
3285
2590
1914
5339
4123
6425
3493
1296
4461
5360
4862
1522
1069
480
7420
4382
3903
3083
4386
3334
5500
878
3879
4684
2682
313
173
7171
4879
4354
4227
6985
2929
819
7411
5440
7067
6934
5974
4913
5795
5477
5477
2791
1768
5120
1102
3930
6318
2863
6098
3872
5176
4979
6417
6526
685
7071
7065
5610
2958
3875
2207
6490
2395
6449
5954
3278
6032
2147
1001
4876
2785
5577
3444
1578
151
4081
6647
2149
3032
1460
2995
5802
2906
1026
1131
1822
2263
2803
370
1762
5041
6169
2985
3668
3862
1523
4463
6486
3158
649
1335
5199
5652
5685
3432
1338
5219
5390
5724
4930
5048
803
188
5163
391
571
3482
234
1183
831
874
118
5525
7064
1292
3589
5864
1357
6409
2756
3246
4500
6950
4726
3830
5486
6520
5261
944
745
1225
4
3397
3365
4132
6852
3895
3036
5794
5305
692
2649
2465
1948
2254
7525
4823
4053
4489
7487
6478
1245
7441
3327
5598
4926
4684
6449
3151
219
5239
3472
2158
4975
6862
545
3397
1367
5760
4724
1382
5551
3248
4846
1029
5134
1966
2579
2696
6451
6291
6363
7449
1722
6309
6956
2151
1651
6327
3375
2101
1030
6271
3808
2368
2766
3238
3776
5861
1275
6077
708
2264
2233
5583
2034
6042
2962
6546
3629
5880
1262
6256
6243
1454
4175
2113
7153
5396
662
2995
2946
6482
6417
547
7452
5565
787
3235
1533
3030
6674
7032
3318
6898
3775
5602
2571
4057
6239
271
5753
7121
566
4714
1482
2557
4900
4624
6790
1527
1230
5233
2594
5472
5695
5819
3644
297
240
4580
1942
6406
4054
4259
5098
1132
7659
6081
7137
863
156
4154
3929
3608
2645
3724
1483
6792
7019
2873
6938
3159
5278
3805
6432
3204
1989
6813
313
4964
7430
776
1230
3054
6822
4567
3560
1565
2400
656
6666
1167
6131
7001
88
1836
1990
3979
3352
2236
4061
3810
2232
6941
4672
4582
5907
1978
5278
3432
2140
804
2171
5650
6138
1772
3750
5674
3297
2507
6480
1405
5813
1335
4126
771
6701
7583
4919
4172
1443
5130
7104
3898
401
6354
7488
1807
4009
5113
5360
1161
2593
1085
5660
2775
2781
842
4101
7433
5530
2657
3417
6170
3760
111
1634
3910
1834
5730
4731
3226
2838
6061
1336
1028
2670
3908
1640
7466
5660
3151
4233
1869
1885
131
3352
5867
2962
740
3968
6007
937
7444
5395
2513
2
1652
4378
4211
4107
3712
4824
7298
5200
4137
5164
2082
6387
5353
6155
4555
1594
7037
4999
1891
1063
2852
3313
5850
1461
4101
1395
406
2701
5772
3189
2409
5891
2267
931
3725
7005
3666
3532
4131
3069
1543
2446
7084
4479
484
3064
5756
2192
2874
3444
844
144
552
1736
5538
3606
4097
2264
3956
5672
6626
252
565
1653
4098
1061
7268
3802
912
7757
807
4551
1158
14
3766
4629
2084
3908
2769
60
5408
4746
1835
4808
4895
1066
3039
2063
3842
3939
7283
892
860
5847
4971
6998
4130
1485
3115
2713
3306
3454
170
7067
4370
5077
6704
2097
5828
7496
580
2407
1680
4575
1465
4566
2535
3675
1386
413
5906
7333
912
3551
6777
3095
5563
4862
7621
1807
6959
7914
7538
1804
962
5012
4641
4921
3359
4839
2902
4823
1509
1345
5630
1910
4182
2429
2142
3623
5959
3725
1773
5175
5577
4256
4026
2832
3917
1754
447
5530
4426
3739
2226
4698
2006
6431
3591
1737
6612
3489
7821
3421
4506
2806
1285
5365
1405
5654
5307
5430
67
6901
6455
660
1086
5079
1635
3002
6078
5222
4247
2924
4591
5002
683
1036
6715
5884
406
41
2885
5109
995
5229
2985
3933
3727
6538
6241
506
180
3494
1710
1332
1977
5340
6585
26
675
894
4090
483
2464
2455
1982
3840
2594
6007
6270
6894
6678
1545
7999
5565
5345
4928
7910
4152
4158
3739
7231
2790
6162
7920
6350
5809
1284
6396
4601
701
4641
6585
1116
5219
5711
5405
7097
3842
7527
7610
4407
6228
7010
5862
4063
7574
6341
3748
2340
2561
5006
917
4055
3784
6434
594
1557
6997
3681
5192
3448
5837
917
7718
1615
6337
586
3360
1667
3726
2987
4933
7796
7206
2521
3130
5694
7574
1112
556
6560
1476
3969
7980
370
6504
200
6132
6187
4842
7409
7543
8091
1930
4491
1385
2290
4470
371
3930
5186
3922
449
7875
2766
37
1740
1616
5165
6510
6887
6351
2567
4330
4248
3094
4026
4266
3342
7745
7902
3257
3222
7947
1599
7954
4492
2210
4729
129
4647
266
8131
4530
2658
7681
3183
6331
6643
5140
3673
5710
7306
5901
6943
3441
629
2528
7172
1563
5821
6017
3063
6043
2537
5530
7611
6426
8040
8092
1675
209
5972
3433
7857
4375
668
3258
7054
419
5680
3808
999
950
575
6653
1392
3793
7312
6801
7132
2277
7436
5552
3386
824
41
3822
7303
2144
3977
6907
1863
510
3840
2162
2705
150
1156
1539
3724
7512
415
2220
4288
1187
6481
7439
2032
7127
6110
7538
3032
2228
3557
6224
4325
5175
390
1065
7681
5558
4262
2734
7455
1843
6892
3091
1505
7075
633
3707
4442
5875
5246
39
5174
1612
7130
5062
2183
318
2057
7485
4003
5596
5975
4903
5074
1018
5019
4642
3274
102
1146
6473
5765
8041
4297
6310
4280
2495
5489
7905
2551
7072
2354
1648
8011
5261
2441
7487
2491
4815
141
3274
1957
4602
277
5673
4523
1338
7395
2342
2495
5075
2387
4115
4205
2729
3020
4393
5387
1480
2220
5087
6042
2223
6676
7755
1299
4394
4808
289
4725
3342
4751
3882
5754
362
1542
7649
1771
4448
8329
967
4578
856
4647
4251
1489
1758
2088
8185
3272
2858
4128
4360
7501
8217
5367
5518
1886
5569
2204
4193
4099
788
2798
8052
3366
5643
3343
2752
8189
263
6671
2895
7992
330
3185
574
913
2838
3408
3842
3628
498
1536
6317
3507
8013
280
8179
2136
4439
4186
3853
2643
5857
5
2034
6291
7329
7599
8269
528
687
5102
5597
1500
5129
2849
5183
3802
1321
4098
6634
922
5609
7934
7609
8358
7685
932
6987
4489
1630
159
1865
7008
4672
4424
3396
3837
1460
6229
4832
5269
636
3970
5147
3343
5082
3014
1251
5399
2245
433
5929
2624
7916
3880
7796
1564
7173
3014
6367
3231
4268
1897
6440
7272
6678
3305
7225
7196
646
3344
1087
1166
1277
5847
3513
2870
3479
1051
1853
8154
715
4543
7724
7274
3251
3221
4953
750
7569
3812
4794
5965
4998
1145
3625
3832
4681
4474
6000
6973
6183
3627
6242
7449
5391
3853
3804
5798
546
8422
5084
1645
8480
3901
433
1479
3360
371
7423
1613
676
12
2992
5078
2688
1077
4560
5450
906
6838
7070
4280
2045
2991
7634
3687
1908
3102
5856
1115
5141
4173
4822
2124
4995
8349
8102
6899
3377
7673
3945
136
4055
6233
2596
5385
4755
4821
6851
7426
2591
1981
2423
2628
745
4116
7790
8258
2078
1015
1680
2859
1876
1091
4916
2943
5329
6877
3383
3861
6763
8226
3051
39
1252
1097
3095
317
7921
5675
6203
2293
6174
1668
4721
5933
5373
5956
2102
4706
4796
2087
8197
1078
2936
8281
3629
2817
7568
4268
7448
4945
5663
8098
5818
5583
7303
5341
7375
7465
233
6718
7379
1229
2601
2523
1075
7994
5405
5156
8018
3298
2939
4776
1816
4984
4552
4448
6651
8020
6995
3027
6178
3244
4051
996
4368
5307
2338
4781
5824
3711
6543
5612
7192
2327
3173
7460
7415
3436
2943
2784
2983
3192
6899
8137
343
3796
2225
483
4356
3774
2873
3059
7226
3610
3300
4923
7103
3832
2107
3207
5763
221
8087
2238
5320
7586
7999
3040
6484
5975
4095
1893
7002
527
3137
1402
8308
4647
1930
5900
8427
5859
354
4222
1076
1575
8152
7204
5934
1720
945
5782
7206
5881
4765
3285
1913
3382
1704
2712
836
8624
6809
4160
2603
2122
6207
7573
1191
6128
3873
8265
7103
5857
7314
5573
8397
6041
1012
1021
5946
5522
8591
6294
1394
1455
8202
4340
2002
3488
2732
2761
1457
6780
5103
3255
4591
7022
4950
2823
5473
4225
5944
5914
5228
113
4498
1590
6956
8042
1192
3872
4757
6858
7796
3981
475
8591
968
4055
8150
5203
1260
6023
8415
7046
2183
1252
849
7173
4186
1931
7164
5559
7375
3618
1759
4787
5477
5914
7194
6279
5431
7084
7409
5591
1948
5760
2266
6244
2304
3316
3962
8180
7410
424
2899
4542
1431
1073
2607
7418
1115
1217
8672
1953
8041
8662
3489
2860
2054
3793
6361
1198
8388
6656
8317
1820
3661
1664
3396
3910
100
3251
3798
3448
8732
3565
3056
8604
4076
468
2248
1723
8557
5161
1987
978
8840
144
5722
1585
1309
6420
411
4485
5593
5377
48
319
7033
4499
3652
7883
1858
123
6405
4213
4673
2954
6790
6498
3381
3339
7508
6922
1111
5801
5531
5035
8119
3072
1514
1812
1893
751
2930
4060
8547
5386
371
6667
2455
2974
6568
8547
3051
1786
1423
754
2416
2959
4828
5202
4739
1629
8190
622
2249
7260
6541
2995
8902
2176
1806
6905
8515
5279
3585
2833
6404
4527
5356
77
6921
8207
6024
6605
5438
4799
7928
909
2813
5371
4124
3152
3207
8926
5920
1627
8263
7129
7752
8117
5278
7877
5224
2587
3363
3842
8230
2112
3855
780
4847
4531
5888
8842
8241
8037
2786
2252
8345
1312
8081
8794
2189
4974
6202
3916
5982
8396
7103
1259
8821
3424
2801
7323
3991
711
1020
6301
408
2552
6476
2467
1158
7348
403
7641
1228
4884
8076
2408
2152
2444
2070
2353
3681
2052
2242
5514
377
8495
7522
6651
5340
4652
2594
8925
3127
903
4910
3060
3355
3971
8931
1433
4601
2053
3487
3792
6634
41
2757
682
8447
1882
7800
4630
8456
5365
8824
2348
5530
5224
8971
3117
2025
8824
4626
1182
3149
6449
616
7888
3746
1642
8503
3223
201
2678
3351
8148
2116
119
4138
1679
1428
7668
5641
7506
1737
6288
7573
3644
2508
6668
3163
5631
6209
4306
1452
17
6570
913
5218
5886
5132
1670
9022
8969
3211
1368
7882
6521
7144
7042
6679
2681
2689
3510
6577
1537
5602
7735
1390
5161
531
1067
4073
4988
8413
8636
3986
603
3276
5574
6911
8451
8146
5128
3118
1976
2751
3676
188
8257
7668
2793
1290
1811
6642
1280
1638
6425
1646
6780
197
8785
8105
5911
6245
2735
4175
2721
2296
7368
8935
8870
4537
3588
6499
7656
6263
3243
9049
4253
6734
2610
3191
5182
7498
3735
102
7296
7875
1878
7678
4188
7492
1300
6536
8758
6597
5668
2671
7134
4151
2524
3894
4620
1172
4844
7455
1365
3209
1646
7207
6587
3995
6821
4994
7660
8843
5630
6711
7578
205
8324
4844
4792
6578
3592
7833
109
2389
8210
2493
7108
5097
8173
8403
1418
7929
7394
8130
3849
8449
8922
3336
5660
1731
674
4046
7303
5767
2907
2614
962
3367
4147
648
8165
3401
4783
6038
1912
6141
4009
9107
5838
7035
7464
8248
2104
2208
4873
2114
1820
1997
7616
153
97
8995
927
7819
7472
353
265
5251
1927
5344
7826
4186
8684
628
6232
5
5524
2160
8965
308
31
2627
690
959
6203
2993
7434
875
4817
521
7162
1545
2719
6662
4095
49
3363
1325
5328
3716
2736
9203
1147
237
2853
7356
472
924
1391
7165
2251
4527
2546
2816
1732
5534
9026
2087
7424
6216
3871
8204
242
1549
5107
4504
2605
3636
4140
7859
2929
4924
2228
6144
3995
1400
1884
8928
5963
2013
2164
1341
4381
5355
5030
2951
4599
4159
6340
1343
8392
4504
7688
5693
8584
4782
3999
9269
6280
6403
3491
2061
1082
4765
1104
1099
3974
1164
7704
1774
6561
1167
2201
2635
670
5842
8069
8295
387
4532
2253
8848
4784
3401
9306
3950
4570
4489
982
4043
1272
6677
8445
7017
2206
4339
2076
778
8211
4543
3290
7542
7304
8531
1243
5785
374
5617
6550
7570
5082
7393
4416
3742
8827
7506
4617
712
6743
8108
3299
624
4336
9226
6771
5635
4173
1034
7567
3230
8870
2270
7202
342
2868
1681
7587
9157
3373
6912
9130
6080
7611
5563
7324
7860
5590
538
4122
4474
9060
9294
8270
4129
2606
3135
8074
8548
9062
7229
2517
4018
8351
3613
4526
2442
5533
6451
4951
615
6461
7392
1799
1424
7401
8656
6246
2583
8303
8559
5450
2140
7902
952
4474
1122
7070
3692
6525
6453
2302
6318
5162
3620
8400
5087
279
4294
2567
5920
5679
3420
6363
3081
7105
2804
668
2677
3489
2510
2022
3657
5836
6184
2338
1595
964
4415
2628
3414
8705
6801
5598
6554
6773
2386
1432
7168
7327
4546
1975
5569
4789
3033
5516
4308
9336
4317
1710
5260
7202
5404
2765
3396
9489
247
7800
3876
5606
4945
5799
8969
9171
4244
3178
9189
6894
7734
2574
6090
3365
2855
2702
1899
818
8091
7804
2727
3376
7601
5090
3174
1514
6568
3931
5883
6845
7734
6208
6571
6941
5508
2537
300
3193
3991
32
6923
7609
1064
3985
7994
1116
6547
7288
8174
2685
2933
4595
1588
1304
4138
4667
2323
2449
9472
6540
4394
1896
1921
7396
3095
4592
3003
3986
2495
8634
8096
1492
7768
9396
647
2697
5052
6483
5093
317
3675
1217
5141
2619
1081
8532
8629
6486
3241
3290
1301
3147
7345
2914
8982
6597
4444
3601
8016
8698
8067
9279
2461
2766
1871
3655
7518
2627
302
9113
635
3112
6598
5375
7257
1168
8860
2743
5964
6143
3101
7974
9441
1265
1202
8956
5146
9505
8901
437
6125
3339
5942
3497
9300
8710
709
8720
1688
7482
7579
4842
87
9657
9502
1413
5086
7688
7905
5469
7644
4073
5746
3174
340
2943
9487
9672
6016
3318
802
3750
2584
4498
4374
2414
2979
8148
2350
4450
5836
4614
826
6992
6083
8168
1962
7939
1585
3176
8836
188
1563
60
1297
8140
8001
9368
7153
2820
5806
6091
2679
2126
8991
6542
6816
8473
1031
7860
8169
3705
5188
8459
5249
4051
2661
1299
884
83
2209
718
2197
6521
7626
3232
4080
5294
4157
2243
6105
853
5584
46
6596
3503
406
5211
6153
4361
4476
3845
6572
9734
964
5446
7078
9379
4584
244
4621
7667
9517
7957
403
5661
6723
9279
8546
5004
4983
1593
5774
273
7453
4470
5819
8602
445
298
4039
7215
8671
4581
2200
1170
9177
7098
47
6690
9079
5311
7340
4713
3028
5291
6339
4440
9063
7329
7900
7766
8480
9823
730
3318
5506
8327
6237
8958
5192
1791
8911
1701
3121
2969
7092
4809
3594
3756
4428
8388
1624
5251
9327
7623
5625
9586
4788
7286
3864
9160
8545
4266
9371
1009
9253
3459
8803
5928
2008
4473
662
4826
4413
139
7154
6559
4248
9840
2338
1590
1182
4964
4468
4412
2694
2498
5376
1165
6542
5994
7538
9611
9379
6453
3031
1767
8037
446
8944
1833
3465
5155
3956
9158
6365
8142
4616
5823
3065
4917
7094
4810
301
5901
2406
8170
1435
4286
8417
1072
6042
9692
4881
8878
4524
7082
9249
4106
2331
8907
4028
3918
7659
9851
6617
3112
677
9197
7051
1320
2556
4801
5173
4922
3022
677
3659
3002
1237
5327
9347
1002
8996
8720
2108
3115
4199
5396
8427
5453
649
4202
5110
9603
8360
2469
9467
1206
2365
2332
1813
411
3804
3071
8880
4863
3789
3097
3604
5948
4498
7025
4513
6269
486
5660
866
3874
31
8139
472
3769
769
7920
4502
3399
