423 500
xfz
kacy
dyk
p
u
ad
hig
w
mi
tcac
cnym
mjql
d
w
ez
q
bcu
qx
vclte
gaamu
qun
lmre
ksvdl
hehce
p
ld
d
ivtre
edap
wukul
dujuc
audj
wxz
bmz
zzw
ka
qelnv
gen
spe
dbnrk
iwvfu
o
vjg
ghngg
a
bxxi
m
gymk
ngcex
llgjj
p
xdh
pm
fs
mfpnf
sugd
evqx
l
fiec
qqf
nufhu
v
g
jwj
plt
it
vg
uwoht
hh
srd
wullt
c
qsm
uyl
plh
yadf
ydh
da
sal
uz
t
ntyhz
vtly
yy
cuih
oyonx
jlp
j
ei
pfj
km
afdde
thyxn
zqgmy
sknhg
sqo
uwvym
i
ntk
gyhks
k
da
zxoar
wz
xwt
td
sfi
r
naiag
xlk
ujj
q
w
zja
qe
axvh
qzbni
dff
wwj
jwgdv
v
a
y
j
g
rahz
h
ped
y
v
vhmz
k
dhzme
faz
vyj
pqrs
zbuyr
yw
r
edjlj
knaqz
y
qgm
vkdnd
j
tb
wjtm
h
ou
by
dklaj
kmltf
r
bxg
yem
vvq
zckmy
tv
lp
ok
ki
dgonb
af
zozb
me
zuc
wtlh
ckff
i
jysdq
jou
zh
e
u
jhpgm
n
vm
dxtb
mcrm
g
rjf
vca
n
wvhjl
e
xlexc
rtyl
fd
aqop
vg
kh
iku
aou
vhc
fcbv
rtrx
aq
tfa
tub
fgr
bl
faxzx
ot
dx
lgdpt
kxidd
rgde
dr
qgui
ohhr
bjd
e
m
pxzz
ldjv
fuq
rhp
c
vmwui
jnh
r
jaos
g
fu
qexu
yrs
xgw
c
w
vxbzs
ilx
mbo
kbvs
qdzy
y
ma
mpko
qljak
ebwx
dnzij
l
plvg
yztse
lo
d
lln
cavsz
zgo
dvfyi
pp
rzlt
nh
ngj
mbtg
f
djq
ybmjo
bcoh
ml
sc
cjydo
kas
rmldc
mofp
ysu
l
nyaxb
pnz
jag
a
kge
zyf
ukw
ssaxk
fout
ks
f
tnns
pz
drjz
bzw
iyw
tojmv
mqtw
iblsh
naa
ptg
m
azlhv
wbjkl
rz
oosbp
wtcf
q
ahum
tnzxm
zhb
m
bzxr
omy
zumv
vqq
s
ubs
d
adsty
y
whtj
gys
yfegl
lprk
u
v
lipko
rapts
lbmt
l
eez
knpyc
hh
ny
prmm
g
ulkud
va
ep
oq
vcfk
qoeie
bd
i
ei
bcc
qfcbr
tpv
a
k
e
umv
lnunk
ayz
kmgkm
otw
avfl
qwyaf
vs
inyqg
rs
k
nfmn
vtkeo
nk
isa
uy
sfcrb
keo
omjzn
vthr
bmo
pvxb
imkx
ezu
dsw
y
bx
aqsoi
t
okgri
laep
ub
nj
ctcg
qqbhx
qvl
jz
b
kd
ufu
as
f
l
rkna
pp
q
dh
tcp
mwho
is
ljcj
qn
vast
gn
ecdod
ed
xbxyt
gzgc
sf
h
smzqr
g
aq
h
gk
c
p
lcayp
ijr
acx
ccipu
ixl
qntia
aq
pjlxc
ea
md
hd
weph
gge
rtday
xfx
fk
ja
og
10 183 41
302 410 423
221 355 166
20 390 231
347 356 84
180 256 235
334 393 374
145 181 326
360 385 269
386 391 380
360 372 288
411 417 328
339 363 292
159 371 309
395 421 208
394 394 240
157 172 232
238 401 371
223 403 318
314 339 308
264 300 323
286 313 214
155 393 209
203 249 279
315 362 387
72 361 292
262 359 130
287 396 339
247 383 269
299 410 423
172 367 365
120 182 149
1 312 414
135 266 331
334 346 298
354 359 134
311 320 118
378 413 86
68 308 87
293 401 325
191 252 388
71 221 195
27 281 80
280 314 29
213 396 398
200 411 51
235 391 217
101 388 340
153 289 409
405 417 208
272 306 292
51 337 407
36 193 93
157 387 308
137 216 152
396 403 66
204 351 422
216 288 302
192 291 192
96 236 297
341 402 147
64 137 244
170 234 170
112 252 92
260 274 336
278 353 78
36 126 131
239 373 54
294 332 148
262 410 282
213 221 169
262 333 180
359 392 338
166 203 189
288 367 73
311 401 221
342 382 109
303 303 28
363 370 248
179 271 238
224 356 156
332 422 393
274 321 174
85 320 76
193 343 359
343 401 55
406 409 89
176 193 194
290 359 262
126 353 162
287 363 125
95 384 268
184 278 88
79 389 193
360 366 63
29 277 233
201 349 412
283 409 308
243 284 89
341 364 25
84 319 376
394 421 193
246 338 341
70 241 404
318 364 374
171 301 174
270 291 82
128 150 353
3 252 281
227 388 128
298 299 301
29 238 23
108 348 280
98 267 92
111 115 131
405 410 372
241 289 232
307 346 265
79 127 80
56 335 159
249 406 400
85 121 364
313 395 199
306 343 400
220 301 203
233 363 180
263 407 81
119 390 420
195 389 127
394 419 113
359 391 293
268 322 227
153 379 91
281 345 169
85 270 69
290 328 109
332 343 67
184 347 182
96 400 304
232 304 338
297 369 268
232 389 269
74 254 19
218 332 266
124 228 158
206 240 322
253 421 239
186 294 237
370 394 152
1 375 151
177 224 316
355 422 64
194 285 339
171 361 176
261 402 412
252 343 364
407 422 338
37 345 85
257 421 208
112 419 279
279 332 39
244 272 33
268 326 150
178 202 292
360 378 266
331 355 111
297 349 70
258 383 153
321 412 330
208 276 398
145 330 344
170 233 11
88 138 351
153 316 111
422 422 133
111 114 73
293 338 354
307 347 122
252 356 49
313 351 242
412 415 365
267 312 38
173 362 6
160 332 1
317 376 274
243 376 110
60 404 165
267 284 382
312 419 138
274 324 371
325 362 72
112 345 29
245 400 61
136 404 272
351 408 240
31 132 67
126 192 71
414 421 310
206 343 67
181 245 95
249 316 408
89 201 273
209 254 259
83 224 43
380 415 179
163 189 238
268 297 405
329 355 85
228 332 123
272 285 11
184 330 177
350 380 296
180 233 66
393 411 149
325 346 124
325 392 356
308 387 288
61 353 394
70 115 366
281 321 246
216 299 380
3 139 30
356 414 356
147 386 161
131 373 289
278 378 145
88 131 45
90 109 299
232 407 197
110 391 37
193 406 211
67 87 50
46 51 409
396 403 242
306 330 405
362 389 361
35 383 4
106 163 123
150 324 250
239 370 22
76 235 290
190 307 408
304 353 128
405 420 304
379 410 149
383 410 94
369 410 259
44 131 353
18 226 394
317 331 370
410 421 176
368 370 316
58 292 256
186 305 144
261 377 279
65 320 306
400 400 82
70 92 419
150 271 177
292 360 62
249 360 363
380 405 55
136 291 321
254 292 414
36 362 166
149 195 54
236 236 302
238 310 23
372 408 86
39 98 126
121 156 132
393 418 305
83 177 176
35 44 374
326 411 192
344 383 233
113 158 198
418 418 373
17 251 218
333 403 272
346 353 212
215 357 407
36 78 374
72 76 112
170 273 288
21 189 82
121 124 100
237 313 175
285 397 417
252 323 374
84 376 253
404 412 114
139 204 308
56 103 237
214 416 44
59 352 106
165 292 165
43 354 99
246 372 415
157 317 178
126 178 418
303 399 197
170 285 259
396 413 407
323 355 369
323 416 44
246 360 42
198 294 240
229 326 201
364 369 171
190 365 326
200 370 201
262 344 196
137 310 120
85 322 192
71 89 119
82 303 222
128 314 289
154 186 63
418 422 359
333 372 271
131 234 20
204 250 399
403 413 29
261 377 319
205 411 182
156 182 335
295 375 306
190 397 108
248 349 51
310 369 67
212 410 21
354 375 118
83 167 321
265 312 5
45 328 4
298 413 73
46 130 212
325 403 50
103 410 405
143 402 83
201 352 254
189 204 94
7 383 405
16 186 14
333 355 309
220 378 99
167 326 216
22 22 22
357 417 216
47 155 133
71 306 117
218 266 16
293 413 133
78 421 265
318 417 31
184 336 262
197 352 93
56 358 327
229 383 62
144 221 27
336 351 415
238 397 402
302 303 69
236 382 80
411 418 85
139 420 7
212 228 383
317 333 78
61 299 156
244 294 395
208 386 370
375 404 100
21 301 268
143 261 325
133 355 323
205 362 25
51 126 9
258 366 359
318 404 414
209 387 114
101 399 291
8 252 240
260 401 56
186 206 394
283 422 224
305 400 411
176 236 118
136 224 300
262 286 181
18 154 226
371 377 162
171 380 417
34 262 50
319 374 228
150 416 171
279 402 171
257 297 97
264 416 248
219 329 170
420 422 92
37 101 389
33 35 315
355 382 204
178 202 127
30 401 326
323 422 333
92 213 303
160 354 414
23 235 232
310 356 195
276 308 35
326 333 52
332 353 258
332 414 348
104 149 246
215 302 125
206 261 249
8 63 34
186 321 383
164 341 8
8 148 18
169 220 381
265 319 342
324 413 260
205 238 57
401 406 305
297 414 144
123 124 77
370 390 121
258 405 140
91 208 395
399 411 180
143 292 273
4 211 30
278 314 400
290 325 282
40 250 207
336 355 21
29 355 212
185 285 216
13 43 170
181 324 84
399 417 277
90 231 335
386 416 356
213 229 28
235 385 89
152 266 161
357 361 299
347 374 18
360 372 313
280 369 298
401 421 177
324 407 236
400 405 336
130 353 38
342 356 163
151 337 186
134 237 77
354 399 236
288 363 403
15 343 356
138 302 383
353 399 202
408 417 314
419 420 166
269 337 178
331 363 345
144 175 107
51 395 75
31 160 70
366 386 121
96 381 174
271 394 421
104 324 236
383 411 305
226 420 377
17 235 342
102 362 145
139 173 4
332 357 163
329 417 324
214 377 1
116 262 64
121 413 1
346 365 70
306 317 146
262 414 295
365 417 197
388 422 292
167 386 370
51 192 212
292 402 376
240 405 202
137 159 333
130 401 275
90 197 43
304 364 169
110 249 375
