200
932630923 942609
28950041 2737240
661412785 4620494
31709392 1715302
843724846 306706
15978252 3516097
873673190 2342143
276249383 198664
229577700 4695832
640272970 4224969
982488039 3665384
722795135 2184114
686508401 792565
378445890 110890
322921538 1868048
693568801 476897
815225605 2778061
281375585 3762162
200032475 4351952
132726856 4391902
413307712 3878295
941047885 322689
126945033 1381584
364471577 2770881
716330958 3084141
615706672 1181232
78231463 3266237
717134389 1905754
62815486 4736150
541565899 1133214
146438954 4504028
940241300 2515527
282088356 3743851
488026262 4425929
549758716 716786
333886292 3881783
27754339 570239
602783181 62229
170844296 3531637
666393519 2783094
906681536 447839
834643863 1962132
657606644 797623
758382984 3979472
45646662 1391516
442647774 3786329
273311354 2270249
805182750 1631968
660997931 4978328
918371154 2990063
958720443 1562655
913981674 1388266
359618848 1318391
297465163 4699060
484268661 812116
769521798 3837398
831386937 419048
518210422 3194549
529467572 135387
296282130 872354
461200798 4956372
166357789 2475309
314728850 3448644
83138431 2998617
94108882 1998229
73180557 1043034
275986856 3473454
347383842 4008459
216464272 1081726
387584127 413126
767117000 3566495
589759190 3868755
857005696 300982
401292661 596785
101207851 2690231
409318694 27395
305460991 4259991
752205797 896354
149124500 62178
542878651 2632026
338854458 2722315
506426455 4405532
186957626 80810
850830807 3580707
923878753 2834174
78685043 4992022
563517785 361380
432959025 2516814
287916348 3949060
10551698 1976097
328379017 3708418
220061563 4123989
53276886 2747600
805896299 4945647
456804806 571854
445444063 420604
669310507 1956796
958186840 415605
31058900 1343814
605177221 2633706
882687077 4254963
339081820 878858
859969969 4138446
323584135 1398247
80427777 4095382
681092910 2799046
106191539 3188819
198028059 3312453
641318658 998557
828292463 3286234
848064706 1966393
551678862 3336286
721815626 1299742
354264564 2149600
121307196 1164100
364937001 3666791
183204349 3573857
241008845 3415542
702890664 633821
2978987 806514
710330829 2556431
501020891 283365
901255532 3831504
284765437 4355124
666214251 4054753
641278177 3601441
254265297 1481083
236244097 237852
296262598 2437433
232413082 4230298
754800150 4460463
924455256 4871768
627489646 2537513
539189188 3061000
770271363 614549
6463603 268596
909720266 2761792
108267530 4539468
347766023 2494694
602714663 1702149
162282086 303367
452462345 534748
326101307 3837495
224179910 1682945
631563904 1888989
618306242 2732331
46887730 910344
306428907 304612
636986389 522108
263668402 4769826
286563151 2253163
781229307 1037487
399781528 2941531
419978513 738782
466781322 950352
236343741 2468822
925436861 2626226
522617406 919218
18594025 666901
855821556 208250
37598541 2740144
158899381 2949856
299504855 1519625
732403894 4494409
82538004 4505150
164019884 58697
637540802 1439911
801109033 4591389
93857766 1583599
63769419 721722
265531268 2091247
762161873 1046559
974744405 3377044
594414686 922995
416775286 4326774
635549164 1612287
321268761 3431830
853510795 2804413
671966823 821714
507962759 2443564
391193709 4536757
999690314 2684534
413459635 4994874
744370957 4925330
662034793 2263666
284755850 882
223701744 1099619
780193005 3695493
312524927 2649689
43174115 3270974
301850720 3085053
155388605 480270
662173258 1722465
307770835 1305389
685423404 807121
26676989 1626711
649607522 3363964
661387561 2069647
515191100 1730097
466697805 2263889
