5000 4997
158 3005
3149 1177
383 1824
2214 4999
2793 2623
1011 4397
479 2903
4043 3451
1717 73
3734 2302
1741 2894
2379 1944
232 651
1868 39
1697 2742
2756 2321
3946 4158
1991 133
1387 4202
718 1134
728 4072
1880 2686
4607 2119
2922 255
904 2240
1337 2485
4643 359
420 1128
1064 1192
1989 2141
1585 1282
2707 3007
3351 3986
3205 2045
4475 3739
3277 231
4206 3713
2322 6
2963 3307
2227 3393
3119 4721
3650 1581
1375 718
4773 1955
2237 289
4981 4985
3693 68
2574 2627
3564 2910
2926 4328
294 886
1933 4176
4135 4402
2110 3699
1976 3795
4548 3155
3132 3958
649 1886
267 4641
1997 1048
2532 2804
4274 1130
3140 613
823 2665
2437 4224
2850 1170
436 4674
53 432
4408 1310
4879 95
2696 3986
2235 632
831 294
2794 4685
2854 758
3 3692
2755 1631
4666 662
4319 2814
2131 2293
3591 92
918 1726
2720 2204
1565 137
410 203
916 713
1135 3595
1439 4594
4568 1053
4382 2521
4228 829
1093 4380
4288 1911
3234 2188
1526 2979
3909 1616
3380 2720
3581 2735
4773 4196
2238 2993
1248 4445
2238 2996
1473 954
4875 2728
1683 4582
4464 514
581 275
98 3725
2542 2629
932 1675
3783 4700
1353 1513
2437 785
2053 1237
1663 1841
2676 3487
1592 2504
2555 2344
2516 783
2924 4705
2416 1297
4968 3133
4699 3254
821 3476
3304 221
2235 3554
4547 3703
4300 3819
2091 2259
3343 4229
4956 2340
391 4276
4620 3117
2523 1078
465 854
1455 2303
2320 1450
4561 2350
3576 1921
2033 2004
3137 2187
3023 4954
1840 584
3105 1712
1758 4437
3554 258
2926 3030
4011 2184
1113 1682
310 1427
4194 4861
4492 4897
4662 4270
1512 3483
1488 4312
1095 1708
4546 1769
3921 777
2016 4862
1071 1113
2665 2049
4382 2519
1736 1265
3890 1415
2513 915
3620 4289
2161 3024
2248 4536
4532 4051
4769 2359
2920 3291
3682 1571
2797 812
2801 1380
1319 2475
3970 1627
3209 2105
2167 4940
946 1597
1843 1900
4719 859
438 4284
4873 2259
2522 4707
1163 3409
1427 1190
265 3727
4861 4545
2497 4956
2273 2785
1099 1814
2923 2705
3519 1175
1188 2127
3046 2763
2209 1504
3159 4956
4001 3699
3309 1505
4632 3461
272 748
3685 3113
1547 973
876 629
1358 1912
4907 1248
4659 2689
1797 995
2091 3590
3016 3686
4533 238
995 3175
4064 311
4423 1469
1218 1030
4071 2806
3692 2657
649 4083
3967 521
1929 200
1263 1543
2795 1818
577 4986
2774 1908
432 4588
1339 3395
3883 2843
2743 2659
2168 1261
1723 2877
1141 1485
3048 1911
3591 3801
1090 589
2609 1884
1536 2819
2974 3453
3037 420
3503 582
4518 3613
3589 4777
3233 3201
872 1091
3499 4666
1644 199
4392 1929
3562 1191
1083 1454
418 2827
4330 4639
2311 805
2917 266
2375 1835
4917 2407
423 4063
2827 2931
449 2543
3135 658
2957 4037
439 1482
1603 1177
4510 1611
3108 675
4891 2287
425 735
3271 586
1588 4235
4477 2913
2564 2828
1320 4396
3292 442
1434 2428
4401 967
3415 92
2122 2616
4421 2376
107 3642
2040 4649
733 1333
666 3492
1903 1624
2681 1178
2637 435
2233 2673
3414 2299
3057 995
2578 978
3275 3885
110 3415
2308 2481
4089 3301
4525 1848
656 4028
3789 111
2749 1938
3952 2097
796 3664
1679 259
4306 1826
553 4360
796 1007
4200 4456
3911 4302
2580 3655
4294 2921
3847 257
1645 4844
2620 4999
2054 2711
1290 232
607 3870
470 2499
1231 4621
2078 4386
4038 569
1957 3460
2129 2602
4375 3858
54 686
1755 2821
3209 1660
4682 3423
3584 1311
3679 1656
2216 3292
4213 1902
2987 200
2013 4180
2798 1607
3785 916
2539 156
1934 3035
1471 579
2245 4638
1818 4924
1073 810
624 2370
495 2505
229 4068
4206 4242
4857 4437
556 729
2435 4675
1930 4208
207 298
1832 2211
4658 2408
4580 3110
758 763
392 4592
3453 2944
2248 1435
3734 42
4 3898
597 2006
2852 3455
3272 2742
4121 1342
943 718
2426 1003
34 3867
1898 3105
2309 4593
2096 191
4336 3021
358 3597
2673 426
535 2450
3786 2794
2106 3647
2185 3651
3829 200
2059 4856
2152 1654
3738 4171
1819 111
3214 3701
4082 4767
4850 4486
4393 2526
4482 3790
3704 3340
3345 2022
3248 4661
1509 4189
4604 3600
3964 2485
4704 1700
1838 1621
4321 1934
4989 3938
2059 2200
1315 2270
4512 2511
3647 3534
4616 353
3887 3400
3845 508
3377 4714
4173 1818
1653 1959
4633 4905
236 3672
1320 3036
1802 2859
3011 269
1950 4896
3391 4658
534 4830
38 2577
1393 2100
2359 3187
4797 3427
4538 3270
3849 3754
1824 2101
3859 945
3983 1302
3737 3574
4916 3568
774 2233
1284 3247
1955 46
2911 596
4201 1656
2179 979
2553 2696
1162 1302
2671 1373
3368 2518
3806 1957
4311 4464
3197 1492
1841 1357
3561 4065
2532 3366
2829 337
3597 4006
4698 3903
1006 4966
1885 4871
393 1606
495 3875
1500 1417
982 2025
2952 4640
4053 1553
2020 1917
3158 2958
2695 1059
2939 2223
117 1735
1565 2822
2431 4422
3268 2647
3040 2913
2984 2727
3108 4718
4480 4597
434 4109
4087 1929
3573 4341
4959 2286
401 3441
4933 2857
2387 1365
188 1632
3445 2776
2221 3634
2988 405
3613 3939
3012 3528
1215 1922
4251 723
2677 1124
619 4636
2300 4862
3049 1306
1647 778
1975 4749
1936 2227
1477 4339
2615 4612
2200 1036
432 3179
2376 1182
266 668
468 4597
1828 2240
3376 3058
3353 63
1215 1917
4574 1549
3874 1829
4310 1889
2924 779
2682 501
1763 10
4174 4428
3780 3589
4826 1670
706 1674
3700 1432
3767 4224
2666 4950
4327 4037
1072 3053
3158 3437
932 337
4844 3596
2409 2603
2741 4724
4750 1506
1669 1569
1420 867
4801 2030
269 1208
566 4934
4793 58
1585 3048
3905 3239
2702 3570
1471 4557
1350 2967
2220 2131
2129 68
1131 1631
4344 173
870 1424
4479 3918
610 4160
284 3967
1775 3869
2519 4026
1569 3458
3594 1166
2567 567
1156 3502
1819 13
1835 2248
538 1145
1145 4676
1714 3706
3542 478
3389 704
1107 2383
583 1643
4586 1805
4403 1766
3947 985
1238 3270
511 299
3385 2228
2955 1321
2457 1600
3939 4988
268 290
3907 761
1135 2295
4462 1301
1135 2291
2190 4428
236 620
4977 636
4513 3393
2509 4290
3351 2718
3638 1212
2649 216
3101 4768
1818 4076
3939 2338
3056 4390
1733 3188
1653 1901
3475 2316
141 726
2958 2494
280 1320
370 3812
2952 1518
4999 2431
1394 4274
3864 3830
2523 1127
4952 3590
2835 4111
3262 3246
4200 185
1150 1031
3038 2495
3814 2560
3111 225
1298 4346
350 445
1796 4037
1573 4091
3228 2420
3678 2747
1207 2272
594 3333
4599 564
2157 4276
2361 297
2036 4461
2284 2982
4953 4175
2981 3382
2614 3121
4157 2727
623 1522
4370 4029
2206 1783
3487 2649
3091 3763
2718 827
4921 2514
3083 29
186 1983
948 190
2563 2648
3091 1118
632 1181
2717 4125
718 1955
4846 2578
3581 1382
485 2710
191 415
3514 2940
3317 2160
3699 3122
2452 3914
687 4542
1667 447
1629 4443
4294 3453
1665 4491
4944 4729
615 992
1371 3342
3071 1380
3125 411
3850 3022
199 3506
2684 171
2842 2312
3555 3746
1971 3433
4670 345
4600 4746
4718 3458
3145 958
4086 4013
1325 2217
588 131
4268 2762
3770 4265
2108 1570
3573 2567
3120 1976
3590 1770
455 1962
1926 2302
3156 1883
3232 1956
1594 3384
954 3465
4456 4018
526 3
2169 2947
1552 2224
251 194
2674 4197
3373 2058
2516 4930
2058 3264
465 3312
4262 4677
2618 95
426 2942
205 1387
780 3959
2029 4483
3868 1229
4307 1302
2470 2777
3441 4362
3649 1229
2549 571
4853 370
4744 62
4674 1392
1432 43
199 368
1092 2448
272 3592
1265 2330
558 4564
3349 535
1261 3767
2419 2548
2243 3635
1659 1863
4594 3122
292 4730
2765 3353
2957 1976
2042 697
2066 3479
3439 324
4017 3987
3937 3110
740 535
1452 145
1142 1869
1185 1008
4369 1635
1290 2317
2744 4769
384 3712
1193 2538
5000 4956
426 1635
691 1515
255 1375
4908 1615
1796 4012
2820 1542
1615 3988
519 1531
1635 879
885 589
2419 633
4126 1878
3065 2268
2067 364
4360 4059
2121 600
2344 4412
1311 1803
1474 442
1135 47
4409 4512
4022 579
373 926
2422 327
3340 4261
4189 2693
3133 4593
4610 718
3599 4425
2412 1032
1366 819
2785 276
2602 4217
1529 2925
2229 3751
3971 2248
4810 2669
2580 953
4315 2614
2249 1868
3793 2038
2231 1557
2213 3503
562 2259
2036 1352
1913 92
3355 4658
4197 2875
1452 1053
2935 2049
3337 2649
3309 4737
440 3314
3118 3932
4436 4172
1914 1546
644 2080
4810 1328
4909 147
4662 1097
712 3283
591 3426
136 163
4167 181
187 3051
2644 772
2741 4873
1929 3716
2561 1504
2056 952
806 4721
165 1958
494 3648
2302 1510
4376 2913
774 1805
2811 2423
2408 1168
1753 3556
252 4322
1045 1633
1754 1368
3408 1099
1157 4033
601 2026
2902 3350
1447 4027
11 1523
3466 4587
4964 4434
4169 1068
3106 4075
584 2190
837 4451
1809 3322
4699 242
3576 267
1538 1836
1955 3100
2117 1781
2129 3829
204 482
1517 1362
3002 2374
3606 3804
1480 4226
3363 3330
4669 3837
2638 3003
808 1048
1859 1596
2004 1302
3322 371
125 523
4170 2578
1290 1044
3024 1349
2322 4289
1982 4899
4561 4846
403 3842
2800 4
4389 576
959 1188
1420 3040
519 4667
61 4673
4722 3534
1815 1987
3608 2962
1811 2251
490 3373
862 431
4325 3980
713 2208
2308 3010
590 1457
1617 167
632 3960
423 1739
3106 3625
3603 225
1878 4099
1384 1121
3411 4219
1930 267
878 314
326 413
2861 2486
2612 1644
4816 979
2824 2176
4802 2466
1029 3
3808 3118
1181 4820
4423 2672
3499 3248
3490 1062
3418 3580
1314 3273
3737 3443
3298 4601
3073 4245
3621 3949
2635 780
321 2747
1159 2912
334 1178
4516 1262
3693 3495
2193 2418
1204 4289
4838 829
3474 193
1073 612
876 765
1334 1174
1059 1816
506 442
3482 2194
4242 4979
1922 2289
2738 2477
3780 692
527 3579
3647 3553
4204 2631
4906 4274
874 3451
391 1956
2745 2309
2632 3867
1173 1530
1258 2618
1755 2963
3320 1515
2083 2178
835 2829
3881 1110
4494 3263
598 569
2027 2266
2481 3906
4171 766
3342 1823
3799 1931
17 2569
1617 3843
349 483
3669 1783
3556 3969
2077 4828
2759 209
4474 2067
2745 4942
694 2078
1205 2731
667 1979
2788 2433
615 2583
65 3414
2260 921
3968 2417
287 4277
984 2517
1550 1579
4240 2113
4740 2260
2344 3127
4090 4118
3148 4058
4816 927
3973 2965
4242 4967
60 2664
126 1216
3335 1976
2858 2730
2434 126
3968 1193
3203 235
1318 4768
4545 1573
3781 100
4016 1057
1397 1141
1323 1396
1461 974
3816 3618
1520 3702
1485 1546
3265 3343
515 3251
2880 1412
3522 3410
1134 3152
2314 4128
4983 891
941 4271
4423 2730
2777 1807
2738 663
202 2624
230 1910
4295 1973
2821 41
1905 4489
4043 2812
733 2573
106 3465
4933 3420
2932 538
2616 3555
4520 1614
3935 1179
4453 3536
2764 31
3457 1638
445 3701
2124 2162
3362 1497
3021 2523
1566 1119
1364 4530
1217 3404
866 3829
3643 1630
863 731
3932 4259
3529 1894
712 4627
4587 3228
3300 3793
551 1644
4372 2619
736 1325
1372 876
4249 750
4360 3638
4117 1174
1743 2578
1639 4186
961 3389
4356 3778
29 4985
3426 1087
3434 1278
2014 316
1873 4604
1798 2091
2570 3110
4922 147
1074 3696
2948 347
3937 2761
1575 3162
2305 774
940 3667
193 2489
269 2456
2138 4087
3126 93
4477 1530
2241 2861
3939 2262
1479 1730
490 2079
1665 3900
1053 4846
2537 4244
2999 4016
4394 2101
2641 2347
4352 1791
1245 1310
1280 3215
1091 4019
2611 2747
7 1834
4307 952
1907 4755
2888 506
3648 4259
2921 4106
147 509
1513 3796
98 4386
2960 908
358 4762
532 4427
4868 1695
122 745
672 3826
3041 2534
714 1852
3829 2788
3648 4220
1033 3084
1629 852
4620 947
4478 153
2602 3817
4348 1493
2597 1613
3679 1700
1525 1459
3341 2665
1622 1238
3544 4109
1622 2565
3596 4835
2080 2956
3674 666
1739 2265
165 1024
3618 2897
3192 1235
3620 1240
2693 2614
4124 3700
2164 652
3535 3495
1015 3861
3049 2508
2316 3997
1637 3307
3853 4905
1442 3265
2830 1448
650 4412
1021 2381
148 769
4294 4012
4455 476
2706 106
466 2596
3719 4694
714 1876
3965 248
4705 4876
4839 154
1007 4146
2043 997
2584 494
95 125
1889 1619
672 3879
4750 594
1929 4184
676 1478
3530 1390
3540 162
2064 4482
996 1492
1498 2400
4072 1791
585 3190
2744 1773
4351 4739
2877 3449
3113 2334
3589 4080
2086 502
2573 1872
1824 1796
1305 1254
305 1270
1894 3005
4570 4745
4831 911
1919 1930
1170 4636
363 2670
1599 3752
3927 1484
1115 1926
735 2095
3350 4256
2761 3929
3877 3762
3621 3147
327 3782
4274 900
3940 2551
1700 4322
4083 4967
489 3022
496 157
386 2274
301 4167
1579 1595
2727 2273
2271 4150
351 4181
1946 3204
2943 3563
4994 353
1360 3901
4622 4949
3890 4459
2411 449
3399 4714
4540 3868
792 4616
647 4292
3551 2357
3880 2206
3572 1611
826 78
3877 861
415 1543
720 3463
2660 4359
1132 2328
2244 3306
4271 263
2277 4682
4484 1559
1167 3525
386 887
4325 844
3744 3427
2767 4874
3915 370
1034 3227
4085 3991
27 803
3545 2559
1841 4355
3563 2690
3252 2072
4901 3963
2136 1118
443 4779
1659 864
2051 3524
1734 2782
3041 4308
3944 2705
256 404
1041 2737
3281 4903
1124 2216
4757 415
1363 1385
2405 3673
532 3170
2847 1230
2473 2470
4942 1060
3495 1352
664 969
3217 4192
2237 3389
882 4901
2517 3821
3186 2770
247 4305
2042 4150
3241 2772
1921 2022
1063 506
54 3363
3726 4667
1367 121
3669 2192
584 4765
196 2924
583 2815
4049 2823
584 2108
640 4497
3788 1835
844 3903
3605 625
2934 2818
120 2080
3720 1948
1373 239
1066 355
717 1066
1931 4693
289 2843
4123 3583
3929 2672
2488 501
3342 3675
3925 904
3363 2098
251 162
2399 1715
4621 342
1199 21
21 4622
3093 2884
3222 4250
967 2937
845 4539
1693 3178
1646 4927
1654 4606
3328 1964
4713 4519
1155 4705
2326 277
443 18
1417 3788
4838 4412
3023 3891
3093 4821
997 2917
3785 1088
3459 3854
534 4245
1713 3243
2988 3147
2474 834
3573 2732
904 2467
1371 2235
2734 629
1997 427
3789 2063
773 4799
4274 4895
3779 1344
3569 1349
4100 3056
4293 3806
4799 2466
2913 428
3338 1015
1883 1426
1935 1378
4618 2843
3989 2615
3315 70
4049 3839
311 2364
3740 3158
756 1071
1626 3931
4288 1733
4188 1414
4980 306
2703 3559
3574 989
3476 742
436 157
1303 1790
4881 2259
2868 830
864 2848
3359 2221
4042 2549
5000 4609
3199 4491
3088 1422
2129 893
1884 2108
3913 4141
1463 2317
745 3184
2679 3934
1146 2921
3141 2891
1441 1745
4354 1170
3602 38
4690 3899
784 1358
2743 2402
4760 4230
2004 3498
1423 3494
524 1362
3957 2273
897 1343
1336 2821
4420 1822
3740 4432
3020 3540
618 2386
4949 3069
4178 4263
4293 705
2191 3604
441 4742
4851 2377
2887 2111
2520 4056
4193 3544
2089 1571
2728 4036
389 4026
1371 450
2967 3205
3115 815
1613 244
3225 1443
4601 1717
944 375
2282 3471
4834 1693
993 925
2411 1968
3900 4885
1488 836
886 3448
3369 929
2133 3898
1576 4562
2766 80
1605 1882
3751 708
478 1184
1658 4398
1635 3903
3980 3478
2696 3304
803 4559
1985 3506
4894 2820
116 2147
3078 2062
1959 1181
3396 3824
4777 1872
1786 2717
4265 2649
1265 1780
3065 4522
3504 4286
4710 287
2244 2
3194 1421
1462 284
3236 1987
839 182
424 4952
2539 3489
1354 600
296 1415
3092 1545
863 3946
3700 4265
2495 2078
4845 2663
4090 1150
964 1890
112 1979
2216 4377
1996 4094
3368 1349
3401 414
2995 1394
2586 4064
1331 1639
869 408
3818 2039
319 1272
1171 2513
1379 2469
4737 2193
1681 3894
3793 3841
900 1082
3704 692
2201 1918
1586 2137
4771 2178
3601 2422
1306 3842
1401 2822
3951 3352
2049 2627
3608 1540
4994 4039
32 331
491 3065
3306 957
4859 1675
2979 1338
543 1162
4690 1251
251 1310
1487 4780
2545 4545
3247 1614
1659 489
4317 4764
4092 445
3614 83
4857 900
3747 124
2593 3564
4762 1644
3739 1577
274 4881
751 1172
3974 4248
3050 1279
161 2690
2653 1019
3242 1672
2831 3243
3687 3835
891 1550
3506 1683
4788 4584
449 282
1246 1059
1269 3296
60 2506
4476 1598
4426 1195
811 2107
215 3978
495 55
1449 3757
2861 3620
1749 4289
1374 2504
2322 176
459 1315
4614 2338
4473 308
1022 4602
3714 2842
3263 993
572 1779
4810 580
1455 782
481 627
1400 3055
193 3968
5 4432
4779 2771
1119 1608
3637 2115
4230 2349
3366 4899
446 1610
401 2889
4830 2470
263 3858
3737 2406
1483 4211
1996 4064
4173 3096
2680 2411
1891 2913
1024 1630
4471 3406
2730 81
4192 2437
3594 114
4350 1442
4749 4609
3220 611
4285 953
2183 538
4759 1427
130 2412
4402 2609
4438 1042
3634 3969
3072 4523
1130 2962
1766 1366
146 3394
3607 3122
542 1316
3639 111
4051 571
3454 4312
3574 154
441 1618
3712 3749
314 4459
932 2385
3271 4455
4928 285
1419 4764
620 394
2417 4397
4242 3515
3057 2145
3301 4244
2183 3425
3243 553
44 2941
992 2550
4053 2216
2372 2151
3353 4737
800 1631
2906 806
1695 2852
704 4410
2487 2718
2209 8
2132 1019
4867 1803
4622 2455
3934 3991
1080 4063
3946 1200
1637 3611
1294 4194
847 3028
285 2771
3355 74
997 2116
1777 4479
1780 3931
3093 2194
4263 3518
4759 362
4339 3674
533 1817
4886 4788
4666 1991
4569 1891
605 4097
2564 3838
980 3960
913 754
2569 1176
4508 833
3877 328
255 1955
594 2284
345 2435
1477 1016
1432 3875
3330 4396
1766 603
2706 847
4505 4576
2885 2127
2928 3370
965 3016
2410 118
1358 1764
1423 452
4638 4670
2006 3574
3138 1266
4707 4398
776 4285
2143 1881
4198 4806
4991 1433
1358 69
3496 2039
935 3437
4129 3267
4404 615
451 2334
1760 2895
1809 671
395 4618
3982 3197
889 177
3571 209
3026 4109
4204 472
116 578
4217 2693
2230 4313
3017 4577
3353 2119
2564 3886
313 1024
626 3959
4256 2279
4477 1892
281 1727
1710 2448
3583 2509
4828 1135
2257 2513
44 68
2342 630
3437 3728
427 1706
20 4123
2788 3342
4905 412
2456 4783
818 3354
3981 3666
1000 4024
4513 3131
4655 4461
1095 3215
193 1264
689 4808
454 1742
1815 2634
2055 1422
1744 2486
1710 2467
208 3031
3514 896
1104 4945
3854 3457
3046 3413
2241 2997
2243 3038
3070 1434
1093 1896
1027 2722
3742 659
46 3925
3741 3363
4662 2645
1234 1104
2915 1314
1418 1430
3405 3668
293 1573
3105 2378
705 4314
4091 2780
3674 4196
1183 1035
156 3535
1143 598
326 3019
1090 1587
3633 4222
3518 3328
4551 1046
4257 1983
2675 4329
4195 3995
843 2569
4706 2478
1318 2476
1423 1758
722 4136
2234 2147
4693 1045
3458 248
1552 291
4089 1427
2262 4224
4374 1191
2037 1540
3981 2367
536 4382
778 4361
595 3036
1373 3629
3127 692
4208 2357
2907 1223
305 4892
1059 3636
4404 2332
4430 3470
3654 4112
4599 1404
4699 1701
210 3198
2929 1783
2692 1019
3801 4714
136 4888
4191 2230
2380 3726
4062 3874
1412 48
3488 4762
4497 1002
2641 1983
381 71
2732 3174
4262 4043
2385 2383
2017 698
2536 3168
3360 579
1421 883
3822 130
312 1756
3100 2410
1644 4794
1717 1140
695 2009
3728 2866
3011 3130
2061 1252
189 3784
626 2645
955 900
4749 810
4817 28
2730 1077
4817 24
1497 1921
4251 4931
3934 976
1593 1615
2779 1539
3179 4425
3334 1258
4165 2424
4435 246
3231 2446
3428 438
4304 2082
284 700
2522 4054
1572 4775
1110 1073
2601 4446
252 4736
935 3403
1557 3390
2066 1110
3839 95
2860 4672
2553 1528
3350 4353
2036 3384
4469 4604
3057 2933
3015 1105
4549 3621
2123 1885
4420 97
3749 4130
2444 1831
1087 3153
2174 470
2641 3712
3322 1393
3820 579
1297 3926
709 856
3311 891
88 2729
2160 4273
857 2985
1504 3187
2808 1931
3687 3069
925 1007
167 4578
1894 841
4595 4700
4685 78
4854 3599
1673 322
1451 3696
986 1195
4368 1954
2009 2914
3202 1902
4278 2770
769 2517
1448 3408
798 3034
4004 1537
48 1438
193 3077
1702 508
1478 3880
2871 4397
4216 4227
4727 3913
237 690
3821 4901
2502 1835
94 265
2588 3601
927 1539
1999 4498
3310 3294
3532 753
3015 1120
1584 4625
2345 3460
4273 2841
967 41
257 775
2827 2243
124 3677
1139 1372
3178 4934
36 4889
2417 1204
387 3800
1927 2840
3864 144
2859 90
1661 3887
1193 361
2378 4014
1138 1310
856 2786
2046 4001
4357 1558
1846 587
3208 3544
4619 3669
3218 3194
1204 4485
4985 4768
4668 8
2197 4148
1101 2950
2822 4281
3348 3198
577 1524
3152 1972
3154 4459
639 4396
942 3354
2004 3329
1536 3177
327 3138
1319 3829
3375 2525
699 149
1728 2202
4932 3374
1427 582
820 3545
4443 2141
3853 2153
2072 2095
4576 3733
2451 4006
1272 2912
567 1092
4184 386
3866 2093
4733 1247
3877 3000
2075 369
546 2279
2637 2920
3358 1682
1482 445
1834 1108
1041 331
2811 3950
2984 3567
3843 2532
4902 2542
4897 4385
4502 4827
1896 3205
723 1175
2336 2041
3418 2411
3430 2941
1197 1144
4364 3297
3694 775
2387 4297
2614 1282
3453 709
3552 1401
1787 2054
2495 4793
2417 4231
4683 3161
4991 2096
1055 666
1596 2703
4239 2735
3889 4219
552 1505
113 3284
260 2191
1944 2357
991 4810
2242 4930
4721 1318
2149 390
224 570
2410 4009
4317 4666
287 3559
2969 2992
4197 469
1156 4864
312 302
3995 4492
4754 740
2944 856
3422 2921
524 4500
3016 4464
292 3204
4029 2567
1590 3897
70 4658
2481 75
3973 4966
58 1919
2439 2650
3460 2607
3601 496
527 3705
3652 2176
3222 1008
1686 1221
4461 3047
747 4817
223 316
2171 2323
1963 1732
4961 4144
2275 2308
1700 4521
4489 2906
436 1006
2560 2190
3023 2653
4738 4234
2138 1269
3308 3892
1947 2660
4224 862
1581 3653
3323 3168
3803 3883
2123 489
338 3679
4240 1426
1981 609
280 3375
4840 3255
823 3203
1532 2121
1055 3252
2632 2365
3194 3967
3599 4680
2798 4450
3920 2426
1932 4269
3164 4053
4965 3552
3233 1587
2288 1990
2376 988
2276 650
3074 1139
4935 3823
278 4631
457 3756
4127 4390
4658 2923
784 4303
3732 596
1411 1950
632 3706
2101 4494
977 2348
588 1172
431 1923
654 113
1979 1384
1820 655
3137 2206
2792 4226
2247 1795
4934 4291
2756 654
3801 4043
3607 2581
4546 1472
1709 1986
786 4543
1457 2527
2852 182
4193 354
1442 2155
943 1638
3208 333
2351 366
155 1731
3281 4789
2594 4813
2597 608
2499 2640
2408 4870
3472 1026
1239 2152
2069 2809
1614 557
4648 2622
4849 1939
3082 2400
712 3933
4445 2435
3458 1995
4825 4406
3864 4468
1221 146
992 3792
2273 4638
352 4030
4423 4611
4149 4697
40 4304
4163 734
2225 4521
4796 2912
2783 2221
4601 769
4250 4964
102 1619
2637 2996
3798 3017
3000 4093
4769 3528
3659 1005
4423 4604
83 4741
4376 3116
261 4815
3003 2732
3931 4744
425 4483
4891 3027
1517 3347
3465 547
3868 3696
8 159
262 4149
3818 490
1396 961
1870 3128
91 2157
297 594
2001 1967
483 4057
4142 3124
1787 3396
3587 789
178 1285
4080 2183
4863 1014
4733 3059
1879 1054
1367 3116
438 704
1853 1870
569 3955
3759 780
1424 3888
1354 770
4893 4657
954 1477
3466 2579
1034 3914
1519 3514
2383 517
3786 3180
1683 1586
2038 1818
3065 2042
3951 4764
3700 630
4128 2850
1532 943
3959 1090
1460 3218
1004 513
4541 4711
443 4079
919 1294
1975 3382
3318 3492
4535 1731
1523 3038
3222 108
3090 1398
585 4615
3511 3850
2435 630
3130 3338
2932 1081
4679 2336
4328 4387
29 167
3643 611
4062 1184
303 2870
3841 2285
580 968
1846 2311
1552 1526
2626 1941
3293 1589
4318 2094
482 3514
1076 2073
1480 2692
1976 2928
1738 1352
4532 3072
3356 3124
2208 1195
4287 1556
3215 3694
662 764
3185 4103
3716 2253
2897 4554
3861 1708
3176 449
964 3557
4070 2579
4636 20
4038 2906
1507 2404
3272 875
2974 3019
3288 679
3076 915
1251 2696
3828 3730
1060 433
3659 302
2689 565
1612 1965
576 1353
3247 605
3757 3683
1315 4590
817 3329
3819 1632
985 477
1899 4013
1469 756
3480 4327
527 1079
564 707
96 4748
1709 2432
3577 3057
4066 3488
2527 3659
1308 2823
4420 3773
2885 2041
3142 1549
3164 4892
344 1767
632 3688
913 3828
71 879
3410 2194
3029 1496
1765 4463
478 1305
3359 1806
2907 4432
929 427
164 3772
689 4714
4738 3744
970 2069
565 3378
2954 3068
3864 294
1361 4303
4318 4758
2841 4047
3819 2983
4339 2246
4454 3124
4555 2286
3769 3553
1646 2550
2771 3762
4717 4927
4053 4761
4832 1353
2834 3643
3127 4463
1749 4192
552 4621
2563 166
1227 4167
1416 1059
2014 1126
3761 803
558 2914
2270 3705
748 1856
2879 4860
632 4953
904 642
3105 872
1560 898
4645 2980
3474 1452
2078 164
4785 2425
357 4886
754 4759
3015 3800
2506 4769
1539 4071
1696 1688
3466 3959
985 428
3240 3201
2031 2888
4680 1794
877 2800
3899 2139
2902 2724
3977 3494
1170 3512
1487 3379
3201 411
554 1922
4750 2076
387 853
1047 3902
4153 1970
4588 477
722 599
2954 4384
3667 979
4183 3321
2499 2724
4815 4946
1074 676
4083 3066
311 157
3054 2368
2451 2300
455 3531
1772 4410
3903 4582
2553 2117
2077 3337
4917 4641
3952 2251
1840 1734
1538 2148
3220 4581
4963 3142
4785 3737
3742 4660
2642 2699
1089 1510
1489 2334
3370 2650
3872 4580
4232 4351
1635 3220
1175 490
4155 3210
3932 2271
1913 3068
3149 1701
1464 565
1388 2755
215 3793
2330 1411
4290 976
1714 175
432 3058
4865 4458
2805 2000
1738 584
3801 2240
3297 3862
1402 3511
4116 2019
4622 2575
3814 4012
3773 1315
2633 2457
3106 1241
3204 254
4855 664
1354 2608
2916 931
4908 3969
1271 1399
245 1597
1893 729
294 1881
1075 4450
2233 2074
3811 2612
4943 465
4037 1485
507 1958
448 917
4656 4418
508 2533
3233 495
1454 4655
1169 2373
1883 1378
2517 1438
4782 830
4114 242
3398 2146
3250 966
602 690
2605 1849
3538 3278
2313 1079
3728 1661
2677 4785
917 3672
2769 2301
3258 1407
4786 2593
2845 3384
726 1501
4498 217
3782 563
1285 3350
2761 2832
4201 2045
824 1544
675 4560
550 4383
1874 656
1090 3209
4114 3921
911 4070
2734 1568
3846 3401
3565 2715
4191 2148
1281 4062
329 1699
3055 353
3778 3853
4697 863
2400 1319
1604 454
19 3020
4869 4249
4367 3696
3110 1665
4124 1720
2191 1809
3846 4716
1747 2146
2916 903
3182 4559
4151 4759
3082 4258
1509 3141
1882 3806
4413 3804
3695 968
2670 3256
1508 2523
4739 3041
2978 4993
1240 2145
13 80
4916 1423
1623 536
2736 1888
1021 1215
3369 2768
349 1619
4708 4693
2423 878
4427 656
1075 3155
2749 392
390 2876
2975 2783
1085 4055
3623 4536
4900 1808
3828 1995
3375 3012
4098 226
4833 1537
2486 3153
3889 811
298 4695
1693 4251
3818 2876
4301 4994
2623 800
2124 1027
2116 951
3040 1787
2424 1924
4906 4956
1478 1308
4406 2556
2448 2177
3579 2903
2490 1707
526 3560
642 3261
3611 3343
997 4065
3543 1174
3439 2659
2522 1921
1118 286
1846 646
1856 4499
1472 3083
2259 4734
624 2239
3035 2523
4185 57
664 2201
3188 1519
4884 866
3186 3876
1486 1499
3105 3738
1223 3075
2989 2909
1865 4736
4304 951
2438 3027
13 1209
3146 1288
45 1947
2332 3501
3237 4396
2069 289
1300 865
3212 3181
4651 3248
2432 3807
279 788
4911 1536
1896 571
4314 1061
4681 2368
1827 3751
4029 262
3439 1366
2023 3906
1725 2014
3262 112
1679 1809
3011 2454
2838 746
3590 2746
191 4977
595 143
2474 3655
2707 2142
3718 1050
2319 2137
2035 2915
1457 1963
1602 2609
2560 172
3941 3791
3891 3036
2091 1356
912 289
4649 1087
517 2058
1876 2170
3465 3341
4805 4401
1487 2765
3493 1444
554 1049
4481 4324
3646 2360
4069 213
3047 3863
4369 3703
4994 1181
615 4077
2196 4642
3866 3063
543 83
3706 3390
470 3312
2240 3457
4872 1124
2971 3975
4512 811
3224 1414
521 979
4466 3710
4544 4780
1711 2961
2563 3409
1042 2764
3833 311
2347 2880
706 3007
2981 4251
2074 4635
605 2442
1336 2614
4480 2309
1330 2059
11 2540
1690 4986
1277 936
3346 1430
3361 2035
336 960
3772 2410
2134 3887
2999 524
270 4905
1689 2110
2000 4836
3527 1735
2443 522
4461 3392
1529 1957
4692 4114
1378 3737
4929 4931
4358 2324
1011 2168
444 1389
3410 2529
3007 1027
266 1740
3433 129
2925 1438
4682 655
3942 187
3120 4514
891 431
1084 3016
4346 3326
4123 2791
590 1928
3768 3680
1069 3707
2123 584
496 1874
1839 216
4241 3127
2924 3852
710 1356
2929 572
4897 4278
3481 2446
373 2050
3233 1005
1435 2249
2913 629
1374 3697
4115 3011
1450 3721
3301 3554
3301 3557
1684 89
4763 275
2485 1913
4776 3172
608 1031
4497 679
302 45
4846 1758
3524 4930
4224 3340
1051 1025
1216 4052
1814 381
2148 459
3027 665
2825 4643
2085 2992
760 3977
4865 522
3423 3584
3009 4604
1955 2102
1607 2131
1184 1119
1495 634
1038 501
4964 2133
3406 985
1659 205
2579 2599
4716 4640
1794 4934
655 1172
3231 4420
4016 2995
1809 3685
2347 746
4799 2201
2608 368
2391 2212
2306 3761
680 3704
4579 4621
4974 4555
644 1989
1623 4300
1289 4452
1413 1614
3374 3037
1122 2900
2837 538
1375 305
3065 302
2641 4448
2572 2541
4144 1313
2901 2997
2030 1236
3501 3207
3751 4316
4989 5
3646 791
3574 4937
1785 768
1899 1267
1989 2549
1276 3413
2595 2125
517 4638
1123 3616
714 3266
3998 1983
530 3873
986 3924
959 3493
3956 2699
1590 3737
1712 1833
1751 4889
4049 3671
1879 3380
2551 3199
3357 69
2889 480
1160 2603
2195 194
4201 3815
4840 2495
4749 1785
3383 2203
2343 1449
392 4968
1166 1084
2701 1088
2843 2951
1519 2578
1385 4158
460 4883
4479 2175
2615 1146
1949 2416
406 3427
975 4394
4533 2940
4042 2389
3546 3801
3767 2944
4232 3567
4453 2742
4956 370
3835 2857
2032 753
843 2761
4813 3371
4020 1730
3205 2459
1623 1238
4787 2749
1057 1698
3210 2774
4549 4206
1024 2746
4181 493
3766 227
3441 4893
2422 3107
402 2003
2422 4434
2829 765
1149 3070
3848 1251
580 2534
4650 3054
289 4372
678 2019
1537 2687
848 872
900 4383
143 4535
1146 986
3863 1478
2433 2704
3733 4246
1165 1737
3851 1145
22 1302
3266 4359
3140 1168
1162 4094
3677 4758
4225 592
4270 600
1614 686
236 3134
2984 2325
4291 4477
3589 2537
4124 578
3967 3183
2086 1800
3627 3376
3727 2781
731 2595
1500 2232
2914 3102
1801 3438
3185 3432
3067 2250
2623 3172
545 4565
3329 620
2067 1580
967 1051
152 1963
4511 4519
24 1747
1871 249
2223 1030
1246 1251
4008 52
2489 3877
297 213
620 2685
2758 530
1654 820
2872 2187
3690 1343
2693 4993
4496 485
2155 872
2040 536
2677 2853
2930 493
2138 4492
4491 2439
3273 3796
568 985
929 353
2027 3214
4394 4152
226 2038
2648 3164
1052 2501
2699 2146
767 3174
573 4325
934 4806
2912 2284
209 1857
1336 3044
4400 3233
1904 1373
4791 460
4363 882
261 1474
1604 3
4746 1980
3358 4008
4877 1577
4307 2070
2712 3809
1715 3491
139 4437
1424 2132
2063 2875
3590 3167
3159 770
30 1540
2176 4902
2784 1281
1159 4280
3272 4928
2338 74
2795 3982
1755 3610
4405 1808
1924 3759
1974 2322
565 4114
4213 1567
3532 3077
2592 4072
500 1802
1288 1059
879 4650
334 2079
2056 3385
2195 945
101 321
1672 2273
2989 256
4878 673
1579 4106
3921 2847
837 12
264 3971
813 2332
2978 3154
50 269
1537 4406
1753 3192
2329 1475
4319 183
3341 2343
4510 4240
921 1979
1281 2389
1672 2263
3815 1829
3647 1355
4448 4970
757 4601
1394 2037
2760 3296
3197 2395
312 3303
1679 4895
3771 944
1411 2516
3025 2476
492 2211
1861 1560
1899 3018
4910 4579
1389 522
625 2062
682 4690
4205 4311
3367 4379
531 2886
2972 2876
703 1450
1370 4056
2312 576
238 3709
1491 1495
2157 3324
2481 4854
2754 1889
3948 1091
2596 1981
2637 4473
3596 478
2861 3458
2445 1712
4605 1570
831 752
2552 1641
1272 1465
3877 1410
2064 1687
4374 3148
3425 2770
690 3616
4355 1966
4364 1526
968 3040
1594 276
1586 1023
4908 3664
1895 1149
4019 4528
237 2060
4297 2348
1616 323
1470 2175
4166 1450
3925 3413
1728 3262
3914 3358
3012 2671
1003 4526
4990 4927
3067 4044
632 4619
4343 4715
4518 2837
1356 2362
1879 3288
4566 475
68 2584
1616 3904
1240 285
3813 2663
656 1382
4187 3154
166 1914
2742 2890
379 4371
765 4730
1659 3149
2153 2092
3522 2696
3418 788
4814 4071
3244 903
4248 883
4730 1569
3364 2774
1017 3144
4916 3924
1905 3444
4026 3178
3642 4004
654 4799
13 2237
2878 3292
2109 3096
2420 4776
2564 2361
1636 822
3214 3334
9 2460
3336 2820
473 145
1200 2682
2044 685
1142 2641
405 1419
614 4735
2442 1918
1915 4518
1521 1763
957 3932
1277 3706
4674 4023
3928 200
814 1220
3369 1742
1264 3090
1192 3999
2062 4247
2068 2305
2736 3506
490 853
1029 3482
1003 1402
2901 808
1646 2820
457 4191
2208 950
3433 4692
1594 233
285 327
1380 2905
3861 4916
4666 274
2816 3869
3414 3908
4369 2330
2783 1938
2086 2242
3943 2055
3481 2393
3810 847
986 1386
3255 1934
1714 2863
63 1703
387 1432
3317 4301
4512 4779
4851 3924
2692 3416
1473 2826
398 3366
4708 3035
2757 4771
2015 2311
4801 1176
1829 2808
2706 4417
261 3286
3756 4773
3131 1453
2056 1580
1692 2878
2915 3359
2594 973
4035 287
4559 4917
3316 1998
2071 1651
2040 1927
2352 4900
2703 1512
3925 3471
900 2643
2746 1501
1448 1458
2139 554
1123 1912
3540 2773
4884 1583
197 4745
759 3841
4218 1040
4019 1446
2869 4947
3942 1439
4276 2469
2945 1107
4736 1160
1137 1081
2347 689
4058 4576
2073 222
3793 4064
2086 2213
890 4708
3039 1962
3359 1125
2001 1276
1033 1845
800 4534
702 3691
3725 1985
2753 306
1444 985
4318 4805
2553 562
4278 2971
1601 3635
2322 715
3726 859
1117 4371
1184 3825
3416 1855
2852 3878
1562 4359
177 1026
1485 1843
3276 352
2452 1735
820 2361
272 398
4925 4042
923 669
1454 3040
152 2486
2712 4234
2859 3838
441 3236
857 1432
2782 3521
700 2074
2421 4258
706 2511
1575 1903
2143 2948
1880 4914
4429 335
160 3010
2582 4260
4526 2923
4228 3421
1360 712
1366 4888
1621 325
1270 2238
1271 4267
3187 4238
4792 3470
1636 2359
2218 3454
2276 4995
730 1756
4455 862
3907 206
634 1139
25 3049
272 211
4710 4128
3883 4067
1980 1754
2820 3727
2833 1039
836 893
2692 2861
675 3541
806 3844
2289 4487
3947 353
2584 4784
3908 496
4694 1684
4536 3149
3304 1712
3502 1609
4910 1668
2261 3261
2556 536
1300 2659
1852 4035
2399 3090
2531 3372
4708 1483
3308 3603
2673 3030
3274 702
3621 3535
3522 3072
2011 113
844 2212
4346 3266
2801 243
4570 4254
1648 1354
4991 3171
1158 704
4947 2226
2988 4332
2217 3856
1329 730
763 2603
1110 2554
1829 4713
3226 4038
3846 2815
2747 1795
2162 1892
554 4894
1144 2184
486 4344
1808 1536
3838 2624
3057 4005
3367 2790
4544 410
1264 3823
1156 1145
1854 4727
2933 4812
1366 4849
907 3785
3649 2109
3806 4422
3437 2086
2844 1720
2707 3555
1373 1765
4922 2415
1095 520
4532 4524
378 4277
2895 4461
3735 4011
3076 1227
1259 1937
3939 2703
72 4279
1450 3876
4096 2351
255 3539
3455 3630
3977 1995
2900 1324
2008 4129
2697 3668
4602 1807
865 4571
511 808
144 1892
4220 1553
521 2057
4351 3794
3630 2898
591 2575
1492 4998
1904 4386
4932 4036
2096 2017
3592 4233
3829 4163
2296 2617
3419 2014
3491 4186
210 2315
4733 3232
966 3303
3498 964
3921 3173
3174 4712
524 4769
3440 1401
4278 4647
2712 2331
2785 2797
139 3979
178 1415
4413 3969
2241 4276
4502 3707
2752 2752
1893 3375
54 4274
1567 967
740 158
2894 2473
4163 508
3084 3401
35 4855
1499 549
1012 2535
4072 4377
3095 4552
3640 4227
3972 3393
3792 955
371 4956
3383 4729
4370 1485
2386 2664
3206 3930
924 2498
2005 2495
3864 2024
4112 1267
1821 1262
4884 3147
2419 2132
3899 3143
2589 4906
1350 3134
51 3233
1870 4272
2581 705
1989 2421
1175 1443
4327 2522
2426 1634
1275 327
2583 3207
2394 4810
4960 1602
3286 774
1355 765
3475 4370
1282 3031
1661 2396
1292 3025
4948 1130
746 4411
1353 1840
6 3041
4729 2401
1578 4017
2398 2992
224 4290
4108 3862
1457 2325
3443 2809
949 3749
2319 4019
1302 3368
933 2848
1302 2032
241 398
529 3794
2501 3847
2414 3017
3278 2104
1718 3489
2665 1283
1889 4320
2678 2087
1222 179
1910 1077
1970 1001
628 793
2305 4720
514 1623
2715 9
4788 24
4840 1270
1838 3630
867 3093
590 2327
2565 3130
2346 4446
562 1319
3075 2270
1055 2563
698 2684
773 1775
2415 119
1402 3224
3864 3395
1379 2780
2040 1247
2888 2777
1527 4419
3467 4384
507 3497
858 2874
2340 746
1726 2175
3830 2605
1468 4193
1524 1767
4232 266
403 1620
1305 423
4517 1956
1510 3307
749 465
1768 1584
2802 476
3102 1373
40 2787
2158 3594
3989 2174
1072 1625
4179 1317
617 1552
1474 4901
4910 1686
4093 535
4277 2648
1048 3041
3214 981
1607 1572
1211 539
3119 2453
4395 211
3189 4908
2570 4892
2265 1647
4573 2930
3463 1856
2127 3886
495 3212
2572 3972
1649 748
4697 1378
2883 1851
2288 1340
597 3837
4709 4531
4883 4404
1468 4173
3122 4867
4971 4782
1688 1360
427 3251
703 2595
133 3334
3656 2925
2843 539
2949 3111
477 4526
1553 4698
3562 4788
2275 1621
534 3942
2889 61
437 2765
3184 1588
2820 304
2993 2628
1679 2349
4498 869
4242 1542
1316 816
2503 3691
887 4842
3421 499
4609 4772
3174 2910
842 247
4371 636
4703 523
2793 408
2217 4264
1234 3438
4732 3015
3899 738
2089 2178
1324 4162
1125 4537
3597 3224
1981 1939
2038 1579
207 4310
4486 290
130 938
358 4318
4534 1051
1904 1237
644 3747
3324 4409
4411 1569
2065 1094
569 4251
786 3526
1179 2161
3535 4310
60 4872
539 2038
1855 1815
351 4581
3794 3836
3248 4302
263 1900
543 3747
4242 2850
4712 486
2245 1230
2847 3479
763 4349
3905 1119
1753 312
1243 3242
1431 1750
4816 3134
1734 1858
2707 755
89 499
1868 2749
4685 4041
1290 713
2398 649
4699 606
288 928
3670 3358
4962 4925
2872 3567
248 2265
265 2667
1596 740
4886 3523
3271 870
1678 4831
1723 3010
3188 2665
4179 1392
1575 641
3821 3324
2874 4278
3920 282
4953 1600
4618 3227
4919 708
1832 3221
1533 2480
3192 1695
4211 205
4512 1524
4892 2075
3411 721
3819 4946
2463 1982
1086 287
2955 1647
3316 1253
1952 1747
4832 1129
262 3560
2852 3127
2999 3158
1772 4638
2205 2182
3720 2841
3231 2706
4928 3302
1398 3484
1825 706
773 403
4296 891
475 2456
4396 4602
1681 782
1052 543
2940 3587
2619 1384
1827 301
1789 2682
2841 4241
3578 2505
346 2262
709 4018
1870 2473
2518 1325
312 2132
2175 1846
679 583
2766 3890
2733 3849
278 1390
4297 2234
3046 3796
3849 2744
3252 3767
4602 3689
743 803
1941 3343
4486 4015
925 3991
2379 1309
3872 4756
16 2784
384 823
948 2220
2961 3275
2707 4041
4601 2156
395 2981
1785 2894
3409 2462
273 2399
2543 2315
2023 631
1215 3120
4841 1413
2505 3974
2596 4959
4385 4474
701 90
489 83
4816 1330
931 1187
4369 1124
417 3607
3176 1896
586 2486
616 3675
4531 1850
1752 3729
3020 4603
4574 1848
2050 2090
1187 1785
2574 3319
4185 1671
2407 1399
3163 2701
1626 2320
744 2339
4967 150
4817 2824
3424 1220
4082 607
1039 4894
2724 2652
1850 4620
4613 3799
4731 3368
1508 709
2180 415
4475 4767
38 1757
2025 207
1782 2814
675 2157
719 2272
4816 1353
2859 1982
2520 1437
708 994
2817 2574
4703 2307
561 4757
3506 4037
2623 2667
3454 1658
3570 1714
442 1505
4430 2251
4123 4465
4095 2209
4796 805
4686 4251
4602 4977
4125 2553
155 4118
4708 4459
2500 3624
4625 2799
528 3616
865 1459
377 2815
799 3948
3126 332
1871 3024
2112 4018
971 1122
1051 395
1335 1206
1907 3829
4984 3982
78 1764
3669 3075
1631 1537
3914 559
606 1465
2296 214
4635 4962
3167 714
1660 3152
4072 2603
4533 502
789 3971
94 3318
3917 4538
2587 2091
1366 2283
4668 3234
4949 4780
4275 4193
218 294
190 2009
1351 4580
510 1501
649 3225
4454 2884
3390 1597
4778 4835
3416 1982
827 4871
2802 4432
4871 4900
780 3412
1503 2880
1082 4656
576 2420
4551 4051
1254 2935
1105 4195
3565 1666
4309 164
21 778
1498 2869
3211 4961
319 2744
4288 2850
3834 1120
104 4434
3564 4173
3732 4025
3435 3111
1773 4347
1051 4927
3181 1553
3633 3884
3329 18
3478 3147
612 3040
2693 3430
3227 945
2405 4032
4641 3204
4327 2806
3245 3729
3880 1844
3536 1580
3477 529
4593 2540
1038 736
4524 4015
1189 3003
3797 47
741 4396
1809 3479
3766 2946
2748 3216
4555 1537
1643 1965
4732 355
4447 510
732 442
3653 2946
2881 141
1904 593
2897 1970
870 2114
1762 3880
4206 1776
20 997
3456 270
538 4392
950 1029
2416 1491
1270 4756
1855 4651
2147 4231
1050 4927
2533 316
4435 4213
2126 3474
3349 449
1887 1551
2204 1841
1111 3113
1151 2832
1297 338
3649 3785
2219 898
309 2310
2104 2890
3301 1566
4273 254
1072 780
484 1724
2639 3352
4502 52
435 2841
4947 997
1950 1935
2054 4789
802 1675
3714 1165
763 983
4406 3266
823 1106
4820 3077
1117 2813
553 1449
3671 73
4258 2290
2146 3597
4661 4637
3375 3527
4603 2241
4024 4289
1979 1615
4496 2524
992 4782
2193 2373
2530 4703
1298 3770
641 4071
4519 3694
3887 64
2837 2173
3011 3572
3242 706
4989 2349
3489 1112
4449 1963
1435 2494
2613 1727
606 2038
1690 3838
438 4928
148 1227
1922 3885
966 3631
756 538
2599 1113
2220 739
3472 1345
1401 3797
2169 2643
3490 4424
3339 4373
2144 4373
3019 2098
2188 392
4194 4624
3402 3831
4573 3742
4473 4796
3485 3241
1927 3783
2427 1949
4059 2787
1321 4897
4831 2271
4264 74
2095 2169
643 244
706 2357
2569 2915
4321 3100
4287 3694
908 2586
447 3635
715 3222
385 98
682 1895
4257 2042
4329 3750
4672 2514
2630 2451
4521 1080
831 2209
2303 3604
3362 2083
1370 2479
2007 3359
3552 92
4082 3130
3016 4788
1749 3390
3280 1797
4087 1383
1749 3393
4283 1359
3573 1802
3233 4309
2273 1222
4187 2995
944 2674
2 2708
4082 191
1409 3999
1416 2695
1814 4626
2004 2518
3267 3874
137 1540
569 1852
1425 2266
3647 356
2635 4957
3464 2024
1257 4278
481 1822
3353 3811
2090 3537
2818 4951
851 4926
1302 1092
3935 1691
2022 2113
4832 1606
4599 4001
1190 3296
3727 2580
2822 1500
2501 1533
2359 3445
2065 4409
105 4668
1419 2523
4969 1808
3813 4233
2260 3713
3891 2370
2384 1226
4552 2153
1828 434
4796 594
3636 4086
3516 872
2767 3095
2356 2264
4036 1059
233 274
4060 4369
838 1358
4903 4892
1475 3155
2210 2833
286 3854
1414 320
505 1052
2843 1871
650 2315
3692 2424
2436 4639
4365 1259
2540 1097
3471 1509
4790 2448
2944 3224
3647 1484
701 1164
2248 4736
3710 4555
3226 3079
2753 3548
2190 514
755 348
1408 165
3974 257
2500 3076
1779 1059
819 945
796 4737
1743 2739
821 1464
635 475
3801 649
4883 4547
4908 2168
4277 1660
4943 3767
1907 418
1286 2551
2371 391
4850 1677
3120 3495
2299 4106
342 4258
486 4082
3897 2910
3837 1892
406 2305
863 375
4890 54
2658 3168
4827 2558
1175 899
325 770
3198 925
410 870
612 584
4845 2238
1201 4435
4985 3939
1500 4204
3141 1931
4387 3900
81 520
2405 4090
284 4200
2740 1645
2303 2308
2212 987
4222 993
3827 2863
1892 2345
1126 17
665 1688
1181 2326
2507 3021
1004 884
4005 3921
2823 475
4245 2146
2072 3965
3103 12
3127 4786
3567 123
2625 4311
921 1777
2514 3882
4144 1104
3401 3694
1540 1354
4225 2053
1387 1845
3315 461
3916 936
313 3242
2831 2465
2041 197
2256 1506
4837 2060
1945 504
278 1086
389 129
3306 547
4744 1290
1950 1135
2112 3489
4476 1960
1195 415
484 3444
1672 4662
1859 3916
4038 1924
2298 4848
2208 3239
4761 2391
1047 2981
1946 4002
1361 4677
4765 2047
4828 2033
309 4160
1906 2912
3352 3924
3025 456
2069 771
235 2775
4690 2071
1326 408
3777 1340
4667 2124
1809 1751
3176 3103
670 774
915 3053
2935 1100
2511 3671
2373 2907
1530 2023
51 1234
4955 2284
3253 2285
1744 2023
1685 714
4196 4339
1651 293
2961 3580
1038 2828
2172 1641
4389 394
2573 2667
3513 3843
2379 4772
3871 4977
2304 2602
845 3921
4606 657
721 1139
287 194
3203 314
514 4660
732 4713
96 1389
3990 4203
3095 487
4257 1518
4224 1730
3908 3745
4205 1042
2682 4747
3858 3882
1614 968
3465 2737
3703 4519
3080 3898
994 3461
867 4508
1330 1812
1516 1680
207 495
4520 1780
804 2562
462 2517
4999 592
1498 3419
960 3557
1877 2538
2474 482
4562 4538
3947 3372
4353 3198
2504 2391
4763 1924
4724 936
3506 3048
434 194
1637 2799
3051 2446
1095 1047
4768 1078
2732 4061
2117 2932
2975 1741
3953 42
243 959
2028 4132
3797 470
1407 851
4541 1960
1879 4386
3911 693
1805 33
3378 574
4095 783
1397 3853
760 4271
4764 600
2238 4034
1775 1437
361 1811
1649 2639
1999 2219
3540 611
2583 794
1307 191
710 2900
3080 249
59 3527
4837 4692
2557 69
3939 2133
4291 652
3261 197
4281 559
2940 3235
1118 4059
200 1125
4776 3716
4679 2843
1427 1331
815 2293
574 4453
586 4315
4946 2669
2816 3607
3980 4439
2164 4409
2675 663
3003 338
917 1383
3697 2388
3359 3972
676 2683
1628 3633
4228 1456
258 4344
677 4586
1850 617
100 2177
3087 1631
478 3437
730 4632
3442 1891
1430 359
2960 1489
1669 2660
2582 537
1825 1170
4946 1354
4281 1214
3959 2773
1915 959
2007 2807
3172 728
4771 50
3190 3091
4706 2046
8 3810
3989 1808
3584 2064
3445 4756
460 1926
4114 2955
683 716
4598 2119
1865 2636
3608 4130
4268 3889
1706 3636
3483 3132
4897 3575
3982 817
244 1734
1750 3119
3551 3563
1021 3542
2912 4635
2536 4025
1985 2733
338 2023
3135 4931
2701 3807
3265 2197
4058 1290
2895 1438
649 2446
100 2193
1973 4629
3443 291
2279 2695
4981 1612
4615 4681
1294 418
1619 312
1978 2759
3267 4277
4139 1744
4276 1314
2469 563
3180 628
3465 4520
1889 1942
4098 1041
1933 3584
1026 4756
4922 2019
4487 172
3361 320
728 2804
41 750
3175 566
513 928
3402 1236
1900 2887
1930 3959
4962 4894
3829 457
2875 4566
4296 1541
1058 2616
121 661
129 759
3410 1391
1885 3708
1283 911
736 2708
3776 745
1755 3009
718 590
4029 2968
4898 1974
4331 3719
4573 4227
4117 2773
358 334
2535 1630
3454 1711
2169 1251
4623 1072
4105 4652
2618 3991
956 4223
3194 821
4698 1104
3124 3042
3479 1627
1339 1739
3999 2953
2960 1419
1267 2645
1485 2930
2942 162
3312 4214
1185 2015
815 2263
4420 3283
2820 4458
1213 909
2300 4688
1331 4247
4803 2777
4803 1441
4331 2403
1571 965
2802 3209
4435 4264
864 606
4766 9
2746 1934
785 4792
4644 4955
2757 2046
1822 2114
1749 1497
748 4487
2344 1121
2532 1815
4669 1023
2208 2947
4270 1366
4087 2750
1419 572
2096 4010
4304 2333
1166 4097
1488 4457
3784 560
3486 2286
3349 1845
1871 3629
4236 917
2839 2722
910 329
4088 4771
1660 1606
4110 506
1665 4632
873 1467
3840 3764
643 4202
2453 3616
3438 312
4901 2941
4514 3860
2513 2682
156 1502
4860 1145
2312 3118
195 1249
2157 2847
4040 3056
2048 1889
1772 4052
1348 3729
4658 4259
124 4611
56 2522
1023 4159
4899 3733
293 958
4539 1050
4937 802
1395 1035
2886 2641
4636 2326
1632 4637
419 4985
400 2290
1762 2695
2644 965
315 1089
4653 1455
3253 202
1605 2820
3583 4656
28 2464
3428 4258
2663 4919
3578 2399
3483 820
4686 2796
2865 1232
2654 2980
726 126
2035 26
758 3608
4931 3793
1911 870
3267 4415
466 4056
1673 97
3000 3121
4545 466
2363 603
2198 2855
3104 272
583 3402
2555 3324
3116 724
4496 2403
2789 578
4075 1527
2186 659
3105 2903
1771 2054
4142 683
4355 2145
2102 1180
2175 2486
4404 2654
2908 1141
655 4118
490 2639
999 3550
2667 3536
1680 3294
4720 804
556 4933
777 3477
4977 4126
4025 3759
806 1461
1926 4756
4645 3023
4132 3170
1196 2644
4554 445
4769 3904
1721 177
1248 3483
562 755
3102 3708
4629 1919
213 2622
854 692
1225 4175
3440 298
2095 2298
1703 1509
4230 4499
1257 1070
469 4571
939 4828
199 2262
4648 798
2410 3142
988 1090
2828 3378
2934 4837
2446 488
448 1301
4686 1453
2614 3417
1844 4262
108 1376
2909 2472
4896 4515
3224 4832
891 2327
4610 982
3561 1211
4893 4236
2947 2121
2490 1327
1910 4306
2822 2057
2886 3927
3236 2951
62 3786
73 1688
3896 1579
2357 3099
4203 2839
1696 3033
4693 3198
2127 979
1233 1240
2155 2542
4803 3378
4585 4010
3345 2640
3945 2636
4714 2267
2990 4111
2548 2081
4862 589
290 2037
3831 2236
1329 3894
3114 4922
3589 3311
2894 1372
1671 1286
3868 3260
1690 1978
980 4775
389 899
1135 3839
4722 2453
3933 479
4530 3186
96 4231
1746 2428
1187 4174
3865 1112
3460 1716
635 1169
4268 3094
2151 3193
703 4503
4931 1152
2888 1612
2558 788
4277 2841
4345 504
4232 2125
4818 4092
467 3874
1276 4877
997 2653
1219 4476
2073 3191
4649 4853
1400 4041
1629 3957
3244 440
2109 235
1455 3162
1920 625
1919 3422
1532 1223
652 979
877 4208
1836 3614
4250 2784
742 352
1141 3788
4443 3841
3121 4056
532 2580
1503 4077
4556 2772
4295 3971
123 3264
3684 950
2869 2264
2751 2066
3084 4934
3364 4236
339 932
2077 3753
4345 567
2971 2505
1465 2261
4312 3819
4385 3873
4976 263
2029 3752
622 1879
2385 599
287 904
198 3531
2609 672
1836 2309
4834 49
552 509
1980 4665
3084 3609
368 3707
2814 502
798 1885
463 3296
1000 4667
1828 2989
4802 1371
90 3812
954 3659
1259 4384
2272 1925
331 2519
462 1269
4008 1573
625 3328
3173 3475
2766 4005
4227 3792
2489 1323
2420 552
1082 1733
4704 2668
2109 2657
3730 36
646 62
867 3278
2886 1365
4011 2217
2006 881
2482 3792
1332 3119
2050 3667
891 4910
4398 2479
151 2044
1168 508
1043 58
2460 4001
1586 399
4064 2336
1625 1580
539 945
1310 4294
2555 928
696 737
4345 1223
70 2428
2759 4063
2656 4163
2446 4934
928 3801
2865 680
4267 3751
2636 302
4483 3833
180 664
4237 4654
53 2033
2322 4060
3291 5
3136 3903
3238 1094
2452 2016
2773 3512
3086 3902
4585 4062
4742 2322
2100 3561
2927 4046
3143 4384
2104 3297
2169 4448
3471 2687
388 4172
2532 3676
4890 2762
4482 3650
3635 3518
4553 1880
4141 98
2746 2352
336 2513
3131 4415
4258 16
606 1667
846 4401
1221 2751
1511 1858
4048 4625
3630 1836
4382 3387
3300 4407
588 4721
2393 259
2115 1260
1832 846
4353 4365
1695 4903
3837 3521
3774 2362
1828 2141
285 2403
1255 2024
809 1075
903 3029
963 3832
4540 1828
455 4423
3938 1373
4821 4373
2328 4934
614 4802
4385 1119
2715 205
1339 2115
4335 4726
3785 1652
1044 3896
4377 2365
4089 3515
4933 2783
2935 4974
708 4534
1848 601
4323 3568
4057 1004
3620 4539
4561 3808
2846 2612
4784 2633
3063 440
4919 2744
1317 3955
2578 4248
2249 3469
4898 3662
277 2340
806 3144
1684 4445
4471 3071
2507 3220
3851 2180
3711 2772
1469 4584
1587 3220
429 1585
2880 2516
3987 1636
763 3254
920 2170
2924 3032
3394 2875
3362 2123
2426 2240
4275 531
2410 3955
2337 204
569 4073
2139 4895
1223 175
3486 1714
1799 4180
3825 1050
209 4808
2005 549
377 2655
173 244
4601 4533
4459 206
4710 1213
2254 1366
1574 1424
4644 99
3909 1182
3068 722
4104 1327
2740 1825
3748 2578
2037 3813
1253 583
2791 2877
3795 1138
290 2122
3738 717
3778 4753
2845 4277
4848 778
834 2896
1048 4972
215 3342
2746 3656
2657 1299
3399 1494
3884 980
23 1264
2411 3228
2802 1566
3769 1343
1324 764
4975 3403
2363 4982
2863 3420
2489 3120
3230 1516
140 4893
3824 4805
3631 3747
712 1795
1541 2702
256 1799
3239 2429
3636 687
93 3397
2085 4371
1092 4481
106 2390
1325 1412
232 4224
1870 2232
2997 7
2739 4147
3656 4950
4498 4544
4767 365
4638 1230
1667 3508
3210 1527
679 2977
1227 3278
1791 2913
4779 966
4264 4614
4564 1626
476 4507
2747 1141
4072 38
2336 4159
3187 1800
3902 4831
4538 1817
1882 1659
630 4225
682 4938
1330 3756
1222 1537
4350 3482
1875 444
3990 2350
3656 4124
2322 1794
4520 796
2902 2366
480 4923
2381 2006
4152 1409
3414 1833
3808 696
421 2462
1905 4649
1592 3756
3073 640
640 2029
190 3990
3915 2245
2582 654
393 1532
496 1438
3745 182
4763 3863
1770 4528
898 4369
4701 22
3295 4459
4549 2823
1250 754
1235 3330
1604 2680
3419 4876
2752 2151
3769 89
526 3130
1139 3640
4701 17
2641 1634
2583 2942
392 3199
1488 1366
3125 735
397 2621
4860 1095
4607 728
2846 3093
2482 218
2540 3824
4530 1459
2105 1651
1365 1477
951 4405
2096 450
4715 3777
941 3571
1148 3089
1398 3222
726 1964
3254 4324
2935 1053
852 163
2988 3651
21 501
3429 1352
2269 2987
2764 4614
2361 163
71 3980
3968 23
2558 2414
3621 3322
2229 907
3335 2193
4764 587
1760 1022
2066 1482
4747 1813
3676 4978
1793 700
3374 1505
549 2289
3192 4567
1001 3440
231 1846
1352 2711
2831 26
2208 2857
2363 2384
3056 2273
2130 3068
1980 1602
3998 730
3171 3996
1940 2942
1460 1836
3550 2876
503 3537
4095 2896
100 4047
3956 1949
1707 1298
996 4314
714 1214
2960 768
4550 390
1184 2853
758 4081
2554 691
902 694
815 2148
1082 2233
4133 3332
2172 4662
3700 171
379 2912
2430 3991
2789 1452
2149 4458
4648 2152
3962 1788
2001 513
3247 3058
3484 149
3934 653
206 3945
4024 1863
2279 3856
330 3773
2620 61
1726 1989
1594 1472
875 291
2004 382
705 4044
216 481
3294 2539
2714 2479
2525 3729
823 4015
3780 2194
