100 969
97 82
75 50
51 87
99 20
87 34
16 88
16 86
41 31
18 27
63 66
18 21
63 67
18 24
41 34
51 94
75 43
16 82
75 42
97 71
99 10
97 70
63 83
19 1
16 99
16 97
41 24
18 35
16 90
75 57
53 40
99 41
99 40
53 43
77 15
77 16
87 56
38 96
38 97
38 98
16 64
65 25
83 2
9 83
75 68
41 16
28 53
75 83
53 54
75 82
53 59
94 5
18 14
87 53
38 87
65 36
9 92
97 87
75 96
26 85
28 23
28 27
28 25
65 51
38 74
87 85
89 21
87 83
99 55
26 95
26 98
77 27
53 79
17 8
100 38
87 66
65 55
89 10
87 72
65 56
38 66
70 1
65 59
65 58
16 56
16 51
75 98
77 32
77 55
99 85
99 84
48 91
77 57
26 67
55 27
26 69
2 13
81 8
89 42
2 12
99 77
55 31
77 65
99 74
26 73
28 12
53 97
77 48
26 77
77 49
28 13
26 79
16 28
65 85
89 23
14 97
92 6
55 40
33 17
31 78
31 77
21 31
33 19
21 22
73 20
95 57
15 2
40 100
83 69
31 67
43 52
61 52
43 48
95 48
21 34
73 35
2 42
71 93
71 96
71 95
73 30
73 50
51 21
31 53
61 68
85 37
83 95
61 62
83 96
61 61
61 70
41 96
97 18
18 89
43 35
18 81
51 31
37 8
85 28
95 70
51 38
83 83
41 95
83 84
85 22
43 26
31 52
95 62
43 29
73 54
95 67
51 41
31 34
41 80
51 49
85 53
61 92
97 39
4 13
73 64
95 99
31 25
31 24
31 27
73 81
59 7
4 28
13 8
2 81
4 21
63 38
2 88
63 39
31 30
75 13
18 75
97 20
95 88
97 63
31 10
51 69
87 16
87 13
63 50
31 19
24 6
63 41
41 55
63 45
4 34
100 87
63 49
75 26
97 58
75 24
28 99
53 12
51 77
53 16
4 49
41 50
35 6
41 45
75 35
73 97
100 90
58 36
10 98
22 83
81 53
9 8
91 99
4 55
46 46
22 77
34 76
58 45
34 75
58 42
57 9
11 4
46 44
93 24
4 65
44 99
24 26
34 60
83 19
81 79
44 90
83 16
34 45
83 17
34 46
6 18
44 97
46 33
81 74
93 59
71 28
22 55
34 51
93 54
79 8
24 11
12 25
33 9
79 5
44 83
71 39
93 47
46 14
12 30
10 96
22 67
12 32
93 41
4 82
93 43
34 26
22 43
46 12
44 75
81 92
56 100
44 76
81 99
83 30
7 7
81 96
95 17
71 43
32 96
95 14
58 84
95 12
58 85
34 19
81 89
93 70
61 16
32 79
83 28
44 63
22 50
83 20
34 20
32 68
32 67
61 22
20 82
20 80
22 14
19 96
32 72
93 97
32 59
31 9
32 58
83 48
83 49
93 90
74 100
20 96
22 28
73 17
22 25
42 98
73 18
10 53
73 16
71 77
95 25
26 44
42 4
91 19
5 6
88 7
100 3
88 88
8 12
91 13
6 76
8 11
38 32
36 91
88 96
14 67
14 68
38 35
6 72
56 22
36 96
36 94
26 51
78 34
54 88
38 19
66 76
26 50
66 74
14 75
88 84
38 23
14 78
88 83
88 80
36 88
54 91
14 70
54 96
36 83
78 67
54 99
56 34
48 57
64 5
68 15
68 19
91 37
68 18
8 39
91 38
6 90
36 77
56 41
78 57
26 32
56 49
66 94
48 47
66 91
48 45
66 98
14 53
8 49
48 38
56 51
36 67
26 29
78 62
46 92
56 57
56 56
3 2
24 65
46 97
3 6
68 41
12 78
3 7
40 6
86 3
46 95
12 82
91 55
68 35
8 57
12 83
40 2
12 88
78 91
56 62
91 53
8 51
36 51
56 64
46 81
68 51
12 89
46 83
97 8
48 21
24 70
48 16
78 84
8 60
91 43
91 41
78 87
24 40
24 44
46 72
46 71
68 59
12 64
12 63
93 17
56 84
8 72
56 81
58 24
58 26
24 55
81 28
81 27
12 68
91 69
91 67
8 80
58 33
91 63
98 50
74 83
76 23
1 5
29 37
27 90
30 27
30 28
64 41
30 29
27 93
17 56
39 87
84 3
64 38
98 47
52 60
86 57
64 52
64 42
86 61
17 64
40 57
98 37
52 71
39 73
29 12
98 73
76 46
76 49
54 14
29 15
88 28
88 26
88 25
88 22
15 98
88 32
39 67
40 40
86 94
60 2
64 57
86 90
40 49
39 60
98 65
98 68
54 23
52 87
29 24
54 22
76 37
27 89
71 7
18 2
88 11
27 82
39 53
52 90
1 11
40 38
39 52
76 42
54 34
98 93
29 4
27 51
49 86
66 11
15 74
17 10
66 13
17 15
15 79
39 49
1 21
76 72
39 41
49 72
1 39
98 82
98 81
49 75
88 41
15 84
93 4
37 99
93 2
40 12
17 25
66 29
15 88
66 28
40 16
76 64
49 62
1 47
27 34
27 35
39 19
64 98
39 20
66 36
88 71
15 56
27 27
76 95
1 40
37 81
78 16
88 58
66 45
88 65
37 78
76 81
76 82
56 10
84 45
60 77
50 36
50 39
84 41
60 74
27 5
60 71
60 80
20 58
44 29
80 6
44 23
19 79
10 20
19 75
96 26
72 55
38 3
38 4
38 7
84 38
38 8
3 15
32 35
3 14
84 36
20 70
84 31
60 92
44 15
60 90
62 25
32 42
1 71
96 11
72 81
29 98
29 99
32 22
30 87
50 56
29 92
84 62
84 70
20 37
19 55
74 16
30 95
50 60
72 73
72 92
30 74
50 68
84 52
20 48
62 41
42 55
20 46
20 45
74 28
74 24
94 95
96 37
96 30
30 68
50 72
30 69
50 74
50 77
52 15
42 52
84 84
86 23
84 91
17 99
30 70
62 59
3 45
17 91
96 68
3 43
50 80
20 18
74 51
36 4
30 57
30 59
30 54
3 58
29 80
84 73
62 72
62 62
97 100
20 20
62 69
42 35
3 55
50 90
20 28
30 43
30 44
62 80
62 81
86 42
19 15
17 78
40 85
86 50
62 77
17 79
42 29
3 63
52 40
98 23
29 67
98 20
12 1
52 45
5 19
40 82
84 97
42 12
42 11
40 75
64 22
64 24
64 27
96 79
74 69
3 77
39 92
45 86
80 80
47 22
47 18
5 25
47 15
57 71
82 18
69 60
59 17
45 75
69 61
11 79
13 14
45 71
69 68
13 19
80 75
13 17
34 8
69 65
5 30
11 81
70 49
57 80
79 94
3 97
57 85
60 15
59 28
82 44
21 94
45 2
45 62
45 5
69 77
94 28
5 44
70 59
35 22
59 33
23 27
56 8
33 68
23 43
69 86
56 2
60 20
69 89
11 59
69 88
11 61
5 54
92 79
21 99
70 69
5 59
35 12
92 77
21 7
59 49
69 96
21 73
60 31
60 30
69 98
21 9
72 19
21 65
59 55
33 62
72 11
70 70
94 43
33 47
23 21
11 33
60 41
43 92
94 39
7 11
45 27
5 76
72 25
45 25
72 24
23 15
92 93
94 35
33 39
89 8
50 15
21 52
82 88
21 50
84 24
7 22
45 18
43 78
70 98
5 80
5 81
50 20
33 22
43 74
11 14
60 65
54 6
50 29
82 73
82 81
43 65
11 20
33 32
31 93
5 90
31 95
72 42
72 40
7 30
55 47
25 78
65 90
65 93
65 3
65 95
67 33
49 41
89 56
13 95
67 23
37 67
49 38
77 80
27 21
25 83
47 91
25 87
30 4
99 90
76 3
67 41
67 42
15 43
67 35
49 29
37 58
55 64
25 53
55 66
25 55
4 1
25 57
37 39
87 2
47 88
49 22
67 54
49 21
47 83
90 66
13 74
7 68
13 72
89 80
25 47
7 61
90 63
79 24
25 61
57 13
52 3
47 79
49 14
98 1
13 79
52 8
25 60
47 73
9 14
15 21
89 76
7 78
90 58
52 1
35 98
90 51
13 80
77 96
77 98
79 58
23 95
63 6
67 69
9 29
37 24
47 58
63 2
13 54
79 61
79 62
35 84
92 22
9 22
67 80
13 59
47 56
67 84
74 8
69 22
80 30
35 70
9 35
89 96
13 67
92 16
69 18
79 51
57 45
80 69
80 66
2 4
67 92
47 44
67 99
11 92
92 47
70 16
11 91
70 19
9 49
69 29
23 68
57 55
35 60
45 91
23 83
80 56
80 55
13 38
47 32
45 99
80 53
13 40
9 56
92 35
13 44
47 26
23 79
79 74
35 54
57 66
70 21
57 67
92 32
92 31
90 96
