5000 5000
3962 4548
3537 1191
4396 1199
928 4625
933 3671
1021 3712
3318 555
1762 4500
3423 316
2776 1532
3116 2247
1631 1865
4355 2071
4430 1449
4106 1251
1635 991
1480 2321
4517 1634
2670 673
3115 1543
1606 3616
3507 3425
1777 1643
1563 557
2646 1303
3695 435
1059 3496
3583 2382
4322 4468
2812 1484
307 2081
4544 4309
1829 1105
4608 4122
983 3684
1333 197
3779 1582
1604 4496
4322 124
4289 1329
2533 548
2368 3614
5000 4867
3467 2978
2712 3353
381 4423
3805 1601
2129 641
2597 320
2579 2146
767 4840
2545 3847
2221 4094
3100 4440
1227 1440
4087 2413
1619 4631
4546 377
2357 4011
51 4069
3602 4246
1993 4836
3335 364
4729 3463
262 3820
4864 4455
1704 1263
2615 2077
511 2717
718 1128
3309 4637
1005 4642
2413 3176
3788 3796
2738 1899
529 648
2896 4120
850 4014
3606 3084
1303 2894
363 3930
2462 3776
2741 4770
2930 3108
784 1598
4612 2445
4401 1379
41 1172
4349 3615
2115 3191
1257 4003
4744 1806
823 481
4350 2593
1093 4376
599 1113
3303 893
3102 1874
2036 4503
3783 95
765 3075
2377 4572
3978 3673
3862 2056
2950 506
1045 1771
3004 2076
1242 306
1739 820
3996 1941
3423 1385
66 2492
98 3720
4195 4262
962 2401
3663 2581
4194 4895
3681 3014
4355 2012
4329 4407
598 3547
819 771
2184 939
624 4925
3629 2189
4672 1886
3423 3110
2280 1438
3942 2289
4801 1634
3132 3912
45 4377
3179 830
4373 2975
4320 1769
2459 3054
157 4982
2781 1883
3283 2724
4389 2502
1490 2150
4020 4357
1167 427
4421 4969
4860 4323
2906 2074
1037 2800
2542 2601
2289 1034
1920 4412
2406 687
135 1730
1319 1112
2240 1239
1480 519
3430 4378
3315 4304
2826 3131
2187 1507
1755 2804
1110 1714
485 3108
4689 968
1505 2237
791 145
101 3091
3577 4413
2350 1811
492 924
3835 1996
3151 212
31 3067
1869 3999
2669 1752
4322 2692
1287 1283
842 4674
552 1892
2846 2349
3285 1971
2046 3094
4276 2082
186 2479
1207 1770
1359 4356
3209 4739
4472 3021
2519 74
1136 1162
688 3503
1806 2020
859 1492
2490 1015
1323 3825
846 1785
3635 3101
2756 2388
4507 4074
686 4374
2870 2917
3604 3467
731 2186
4563 2888
3596 2970
4286 3292
2267 183
670 3507
2017 2460
3305 3213
4728 51
4409 2848
157 4099
1811 3682
3073 1093
1515 3319
4051 301
2431 2701
2856 4854
3260 3641
1393 2186
2563 443
3916 2082
663 2265
1693 1352
4946 554
3077 2445
3361 1100
470 4225
1216 4429
1706 2162
1297 1177
2731 1058
1850 4042
4319 1559
2892 3590
786 1121
3720 3669
4554 2391
4626 27
4580 4367
3160 1225
4154 4733
755 1417
3065 2172
2931 4610
2974 4717
1030 843
2979 519
526 870
2158 3229
706 2179
4957 3929
2263 4731
1004 3910
3759 4912
4978 1145
4546 3573
1201 1138
356 2633
962 1163
1219 3098
2220 1634
4484 4686
2436 581
93 4773
4174 3955
2354 700
1954 2304
1892 3429
6 203
46 839
1182 4180
4254 1511
4294 2924
2387 3031
655 228
4124 109
1509 3612
1386 1734
154 4286
4994 71
2364 111
4179 4719
1577 1887
4492 826
2232 1941
2979 2470
855 785
3092 3996
1133 558
4417 1755
4322 2629
2236 4246
1035 271
3885 1988
4616 2563
2010 4215
2178 1170
2376 1220
2482 4758
3229 2604
2581 3079
2139 3806
4782 1540
4510 1609
2828 2335
4946 4246
3217 3640
3533 1843
2603 3066
3385 1752
552 1025
4841 2234
2918 4946
4558 4315
2595 4259
4756 1396
4630 1209
947 2216
2669 4736
4667 943
3543 3443
3454 2437
2641 4847
2273 1505
1675 1338
3241 3390
4418 3821
4440 3828
4488 2919
1314 3410
3576 2353
173 4559
1147 851
3922 2549
59 193
2018 3227
1083 3163
2052 710
3975 52
1319 135
3807 3953
1077 4841
4407 1038
3790 1556
3960 2250
2488 1338
3358 3183
4525 552
4465 4404
2285 1755
2018 4563
478 2757
3843 911
3369 1386
4908 78
112 3175
2683 51
1691 2922
3540 1061
2691 3553
337 1019
1229 1010
2778 2546
961 2175
4794 4107
859 3285
3311 3859
2358 828
1891 3149
4982 1308
849 597
4201 4760
2844 4432
2507 3313
985 4510
4361 1361
3841 4719
1081 4832
3296 474
1897 3884
612 3314
3029 4616
3147 4589
4493 1935
3333 3018
4222 3352
3715 4633
282 3403
325 3380
879 2423
1772 1235
4365 4530
1474 2592
253 4628
2543 849
2103 3659
3136 3175
1890 1244
4678 1556
867 4757
2679 920
4785 1449
3762 3429
4359 1655
4008 2388
344 4928
2851 988
680 695
1650 237
989 2001
4692 1538
3935 148
1100 2352
2349 2106
2112 3230
3639 4696
4228 3807
4053 1584
737 1331
2397 1932
1777 587
4684 4415
4376 4536
3817 1036
1314 4704
1806 2866
3755 2185
323 1921
778 2378
2891 222
906 4455
2294 111
52 1134
2294 115
2897 706
761 3708
4902 4079
2060 3706
3621 325
3544 951
368 926
3312 2663
3999 29
1075 3901
2652 1927
897 475
1307 3451
2994 4495
1537 668
4994 3406
4200 1327
4096 2044
1321 25
4296 3938
890 3809
3056 4364
4684 4476
3957 256
3651 2311
2830 4647
3059 1932
4100 3217
4970 1025
1371 2079
4135 3929
1595 4126
3696 1565
1820 1421
3080 3609
1142 518
3816 2248
661 3827
4138 2487
3077 4285
4049 273
2301 3713
4349 1077
2306 2915
4340 4469
2409 3905
3590 4065
32 3368
601 1424
512 1718
511 299
3261 1325
3460 506
292 1616
3584 3145
1027 2916
1421 1484
1927 3981
2695 530
642 3576
937 3759
579 4544
3381 600
621 3651
1448 4949
649 3537
4486 598
461 3242
4679 662
601 1415
402 349
1526 2159
2609 1089
4366 2958
2896 4089
2504 878
1158 3199
2227 4782
4101 4062
2173 1617
4555 3889
3414 244
508 4606
2103 461
814 4701
2277 1699
2973 4544
1667 2395
4505 836
851 4299
991 1263
2795 2286
489 3167
1149 3508
175 4013
2078 1214
2749 1122
4509 4501
2159 3471
1872 952
1880 1432
953 239
2106 3676
779 3873
3849 2478
4303 815
3890 795
3889 1354
885 4623
1091 875
3035 1308
2111 1318
3142 4264
1618 2716
4004 15
4766 1174
4950 213
274 2801
765 4314
1881 3336
4763 2617
2689 410
943 751
2834 1519
4848 4826
639 1197
2393 3596
4513 556
784 1520
1867 1621
3330 4594
4683 2312
453 3990
1047 198
2598 4930
2815 4387
4542 4714
2656 3873
103 1753
206 2747
1385 1522
4219 811
4361 3926
2619 406
2375 3674
1840 3882
724 4848
328 2091
3248 574
2150 4266
3084 4249
2522 2901
3733 2968
232 3410
3390 1243
3485 4734
2659 2394
1709 3421
3922 165
4268 2764
1237 2698
1082 1272
3504 739
3582 62
3806 3761
4569 90
2546 3114
3754 2965
4086 4096
2284 2776
2614 4517
3036 3485
1584 4819
364 1492
1239 3621
2630 412
1563 434
3334 2773
3613 53
604 458
4536 4001
1593 43
4202 1974
674 655
216 1409
3325 1894
4771 332
1185 3686
3846 1944
4004 2956
3208 1595
1581 1253
3310 3430
3889 692
4379 4590
3904 4465
2011 3926
4692 3198
3352 4576
1588 4947
4304 1256
664 4142
1978 1700
2311 3501
3028 306
1305 42
911 2962
1278 2278
714 2220
3506 3903
4685 2761
3995 4661
3998 1697
4256 2533
3545 2587
4554 214
3660 4346
3570 2534
4704 3326
3228 854
1710 2198
1382 1501
2830 3131
2578 2606
4183 370
1588 4932
1303 1438
2023 2905
2340 3860
2364 4901
1177 3480
2766 697
2415 1985
4227 3526
1770 1795
2803 2416
1821 2985
2179 282
1182 4004
2633 1727
4972 457
3219 843
2036 2618
4160 3841
2818 3935
1435 3236
78 4405
2783 668
1278 3584
1934 341
4819 1846
4974 4078
3854 2809
889 1667
246 1554
4992 1887
2155 3286
2703 3898
1483 4726
2066 142
1319 2314
1347 331
3074 3107
761 50
476 2995
801 4382
4337 3489
1902 2544
657 1947
3867 3838
65 1668
2510 4536
1089 3056
4047 4773
3260 3589
3033 3385
3123 1836
2996 3638
4597 3681
521 4235
2155 369
4683 1188
2534 4320
1994 4179
528 3118
860 2816
4972 2852
2946 1043
2742 4045
3132 940
680 4509
4682 4804
4795 2617
1988 4438
969 1869
4734 4314
4349 3745
4304 2557
4664 1737
1738 86
4872 4723
4731 4271
2823 509
3974 4956
3978 2470
3764 4375
266 1418
4449 249
554 2672
1502 2289
5000 1012
2984 3359
2567 3022
948 1325
3169 729
1122 3748
4791 2371
15 2137
2889 1007
4332 2667
4025 1706
151 936
2110 2423
751 3204
4717 1234
1644 2949
4668 1807
4568 3706
2493 2057
874 3407
1756 4721
1622 2626
1234 625
4416 3194
4708 3617
2532 2994
298 118
3538 2616
3164 3855
3680 3755
4603 972
4493 2311
2628 1190
657 3763
1184 158
637 2930
4409 968
678 1252
1945 3020
2188 2302
3201 3196
1143 4324
1306 2633
2364 3681
3239 3947
2562 2205
1033 54
192 4081
2312 4285
1166 2048
3449 3219
2132 3976
4812 1656
3198 4793
4111 2771
4827 2476
1776 4324
2149 1926
3697 4907
2974 354
4480 3909
464 2688
3431 2136
4260 3751
1074 4133
3320 1500
1724 1068
4202 3779
2509 487
818 1151
1943 1822
34 296
1081 449
316 1058
656 2393
994 3879
1155 2812
3324 4025
4724 1249
1234 3068
1087 938
3305 3329
3942 1931
1470 3754
3614 979
292 3460
3133 4596
1507 1233
4920 4707
3296 4365
2288 1790
422 4581
4697 3581
1298 2710
3779 840
2557 4784
1242 2179
3060 3233
2630 4790
2245 3501
4101 576
1215 4941
3761 4697
2560 3210
4592 4593
491 1819
389 3203
1834 3114
605 2153
2620 3522
3791 3476
3973 1604
2422 4107
354 442
4673 4178
4215 4598
1322 3495
2778 4981
380 4025
4647 332
4232 4512
1652 1603
2765 436
3864 959
2983 3093
2343 4819
1185 4906
3953 4824
362 1162
3839 1966
3770 1891
3805 2215
120 1674
2833 1442
4045 229
4026 3793
2010 3011
2965 3076
3218 4264
2668 3375
1586 2076
4237 2239
3700 3228
1410 3044
2820 2818
2580 4867
3835 1200
2112 1444
4584 1383
4043 626
1457 4538
457 1390
1743 3985
1954 2419
4367 699
3883 2761
503 604
3802 2980
4074 3301
1240 4098
1577 1768
3388 1565
417 3144
4425 3853
2861 3753
3040 3389
2835 1748
1417 4586
1555 2338
2698 2131
1326 3525
525 622
4390 2836
4431 3358
4167 118
4297 1422
4654 1776
3572 115
1983 2350
2523 244
1356 610
26 2356
2196 612
4979 4340
3737 2168
2480 420
1231 3369
2431 1245
2408 1986
959 624
635 4816
4825 2083
437 3610
2924 4573
1474 3121
1630 3515
4826 1702
961 666
1551 2193
4813 3078
3278 4263
152 4528
825 3648
4834 4195
4625 4924
2787 4874
2207 402
2847 4300
2611 435
1264 3366
526 4613
3257 4107
4592 3338
1991 909
4735 584
1415 4640
3530 2611
1790 4346
4862 3334
2982 4206
4753 3252
154 843
2677 4946
3947 3243
1560 4195
1642 3890
207 4764
1396 4819
2523 3602
4637 3923
2127 4777
2241 4626
4296 1243
300 3521
3087 4844
1310 3963
972 3501
863 728
4902 4155
2465 1079
4714 1660
1634 3344
3895 260
1645 1763
4123 4069
2078 1901
1053 398
4078 4493
1440 1652
3592 2959
655 1767
4810 3083
274 2073
2302 4699
4579 3052
3199 3607
4236 798
3272 1557
4857 483
3210 4823
3244 2784
4487 4699
126 2580
3391 3471
48 513
929 641
1443 1641
1656 1812
3974 4060
4254 3981
821 900
748 1627
4097 4718
4747 97
553 4171
4227 4004
3627 4985
328 2102
1615 675
1014 4199
563 3766
3377 4805
4881 4081
1252 527
2874 331
4129 4024
3012 2316
2084 977
4718 1781
1180 2067
4279 4753
3008 1020
3676 246
387 1117
3649 823
158 3748
3022 4501
3041 1212
1962 3947
3689 4746
610 1875
1858 1904
1347 1128
4624 3056
4793 1465
346 3116
526 1560
3086 2894
2455 1054
2186 1126
4797 648
3642 1512
3106 4996
4310 416
3030 1145
1877 1353
4031 501
2038 4204
3558 367
3790 4529
4599 4808
1378 2173
356 3197
3781 3866
4559 459
1410 334
2546 3288
3320 3347
4949 3022
1064 4986
2443 2058
209 1584
1539 148
1704 2731
4095 2662
1753 4789
1457 3189
3126 4594
327 1110
1938 3114
3406 2850
610 4043
2987 2844
975 4858
4677 3929
3620 3879
3686 3404
376 2299
1714 1864
528 2383
2848 738
530 464
2599 4542
3883 3147
4133 3586
2411 23
4913 2991
4554 8
1934 243
1289 1994
1727 1486
4458 3916
2576 3643
4738 4435
2970 1343
2935 3481
2091 1732
3101 602
3428 1812
4248 555
2321 1847
127 3196
81 2418
1371 4595
652 3436
4010 4580
2911 4136
1423 1283
2466 4281
4797 600
3012 1831
3422 1784
1248 20
3671 1318
328 843
2187 38
4675 1883
3389 3880
3955 4678
757 627
2097 3135
2098 3701
3111 2019
724 4990
1847 2653
2471 2103
4474 910
91 956
2852 3536
1649 2380
1558 1425
4799 3247
3738 3624
1276 4144
2806 1538
4836 2665
674 3727
3827 500
4814 402
1790 1240
3012 1842
3037 4807
3789 4684
3920 2171
430 4702
4174 4594
4567 1458
3234 2353
1137 4472
2216 2780
4500 2168
4571 4039
3553 3101
59 4123
3347 866
3228 1209
1345 1201
880 2419
3211 780
2859 2892
1868 346
1330 46
2964 4175
4884 2303
341 1092
3222 4234
3852 4791
583 2814
2398 4214
46 1469
2631 759
2834 1650
2498 4977
1956 187
4301 3419
3097 355
3538 4335
2380 3852
1369 4092
2219 4539
1145 3275
4187 1924
795 3322
3902 2009
3746 2439
2121 2530
3406 2826
2558 2201
2239 2341
2895 4864
4751 3789
2706 3404
2734 2208
3341 3901
2175 136
3491 3389
1164 4813
4266 4751
3756 339
1850 3740
2162 3110
958 2241
3944 181
2422 1887
428 4684
3286 2610
2552 877
1456 4315
179 3159
4071 3953
4481 109
903 483
786 403
936 1551
3861 4657
941 543
448 4761
1422 183
1690 4718
4939 2365
4358 3458
2184 722
2400 1495
1383 3430
125 1287
2688 2694
2338 976
982 1422
4561 303
4910 2623
3120 3866
779 2741
141 1699
329 2838
2927 3093
1926 1320
2037 4547
1029 4608
4379 2051
554 4316
3197 271
3743 958
3319 134
432 969
1387 4452
1721 2102
1745 4513
3544 1300
495 990
374 4271
4101 1995
1300 4952
3478 347
2046 4100
1674 3016
1395 3323
385 3483
1371 2228
3787 1553
2564 419
3192 4030
2821 2159
1745 4522
4005 604
3380 4723
2005 4178
1359 1919
536 3820
819 1007
3889 3671
4409 4884
2323 400
4763 3250
2332 4633
380 3911
577 2961
2471 2295
1949 995
1920 4216
2640 584
3270 564
3379 4994
3082 1264
2431 4295
48 2678
4932 3274
194 2827
2694 590
1641 3207
21 1281
94 2527
4442 1574
4917 1740
1449 3717
28 2104
3986 2356
404 295
351 1616
403 3755
3244 785
2601 2708
4935 4434
3763 4870
2718 3770
3758 2311
3355 1286
2629 442
4767 3356
948 456
3948 2619
4269 3632
987 4486
3449 4094
3178 814
1561 2108
4492 1126
4010 3877
3092 2833
1462 296
2585 2074
3600 312
3857 649
4508 4902
3341 4382
31 121
3477 3423
3227 1505
2349 595
3881 1634
3663 4514
1048 133
412 1122
3526 1716
2659 731
2895 1061
2075 451
932 544
2800 4850
4682 404
4456 74
2208 4192
1169 4208
1896 1595
1159 2610
2765 1256
649 1687
622 3313
2018 2981
383 882
4700 867
2774 3444
1311 2826
3137 968
2543 3124
973 860
4244 3675
2720 3340
2116 4918
2530 904
4215 3560
1929 2998
2095 4342
3278 698
3526 1743
4277 4314
4211 3853
1709 2294
7 3592
1845 237
1377 965
1909 1569
132 3872
70 3229
2825 4876
358 832
336 3250
1167 657
241 3743
1949 4803
3704 4848
1379 2459
2149 476
4587 904
4996 1484
870 4387
211 550
4391 3213
3119 3240
2238 4573
2120 3724
1024 2996
4323 4478
1980 4985
2218 3185
4421 833
998 1842
2436 2487
3883 3911
2631 2292
4001 579
4516 4229
4419 220
597 841
502 903
253 4954
504 2995
769 4201
3520 967
3649 2842
1216 1114
3907 3936
4181 2722
1540 1775
3487 305
4165 224
2733 2575
2708 4798
4007 1872
3174 3933
599 460
3472 2230
854 329
2782 3277
2161 29
3813 2056
238 2995
4387 1764
3692 2894
4505 4608
1161 2680
3495 1707
2221 2070
2032 4670
516 2869
3436 4743
141 2128
2693 3865
1567 3652
483 86
699 206
1633 1233
93 4969
749 4129
1828 3772
2185 3928
3660 3763
2358 1870
2140 961
892 2292
2140 2464
4554 2181
2070 4305
1575 2517
641 227
4526 3254
746 3467
2793 4606
1771 2568
1007 272
3373 1686
860 971
979 3759
301 1272
1677 1961
3243 1061
3354 4013
3883 3952
2522 2326
2152 3702
545 2111
1886 1751
3190 3523
3291 2395
1795 4176
705 3892
3882 284
2848 2697
1657 1877
4757 3534
4752 4954
3910 2936
882 4227
3049 1479
2135 4740
1010 501
587 4946
1460 623
2477 2489
573 703
2866 2232
2707 2764
2884 4418
3602 3119
825 710
1342 3013
4605 1817
2312 1927
4476 3327
858 1886
2157 4915
1540 4870
2822 1910
2630 4640
4038 325
3439 4268
2836 4569
3325 4827
211 2010
562 3604
3516 417
1176 2488
362 164
4038 1549
4303 3038
124 1811
1284 1261
429 2237
3275 3621
878 482
1170 183
1999 2626
1241 366
4579 4467
4575 2133
419 810
892 4868
3891 713
143 3514
1483 4132
1828 4216
1068 2875
609 1854
3798 3775
1272 3456
399 1277
3232 979
2287 3494
3584 814
1877 4757
120 3032
2067 713
1651 3423
965 4361
936 2095
1377 2058
626 3904
953 4494
4244 119
151 1884
2745 2505
1061 3766
786 1431
1858 252
4587 4667
3157 1939
3614 1322
1924 4847
3184 4720
597 1398
4654 552
2156 845
2753 988
1664 4136
4441 2594
3909 4531
129 1746
3087 584
1503 2718
4325 2811
3571 3959
4959 4262
2515 2324
4599 1475
39 4467
220 4664
839 4180
2674 2669
3369 4647
1655 3128
1260 608
4902 4287
2194 2685
981 1231
3786 3890
2867 3731
3073 2910
2052 3308
891 2927
1723 3562
964 2335
4061 2301
3035 1928
446 4669
2866 1844
734 2298
236 1254
3556 3004
2115 4625
817 3231
143 4848
2194 2699
4038 2823
1411 4998
1498 3887
1211 3024
4069 2549
1494 1675
2272 63
909 2345
3589 1060
77 1920
2081 4330
4061 4992
1060 599
904 1909
3603 3399
4520 2637
594 4035
3463 2205
612 4883
1206 4067
1105 1181
1069 2179
326 4369
4171 1564
1217 3996
1190 4904
1484 763
3531 3781
3685 1687
4861 4870
80 1255
4721 3049
4563 2210
858 3571
2170 4621
1693 2348
3062 1995
2589 4419
2196 4049
4687 3638
1137 2539
4364 3943
241 4138
1993 437
1036 3261
2050 1521
1909 2089
1004 353
1684 3666
3700 2544
4837 1196
1542 3690
4403 1573
690 4710
539 3688
4595 3462
1312 1702
2338 4791
3559 712
587 1837
3466 852
4293 4390
690 1689
3899 3564
1788 1004
3375 3197
2301 1303
509 2834
4781 4570
1411 4966
1549 4511
2114 2682
2958 360
3614 3914
1262 187
3879 4695
3937 1786
1802 3910
3510 3005
988 2969
2105 3075
2867 1984
4807 2068
4633 3406
3809 2461
684 3610
2185 4324
3121 2783
3890 4366
3918 946
1874 751
3940 1113
3993 140
2274 4902
4353 529
4983 937
3554 474
3468 445
1022 423
2068 2532
4877 3118
115 4061
2840 1581
3015 3728
4844 4203
103 1939
1867 4945
4366 4905
2163 1643
549 4386
3849 944
2154 372
1011 3350
933 4239
2367 957
1945 3815
4798 2570
3663 2896
1865 1759
185 4288
593 274
4286 2612
541 1177
4656 1282
399 3040
1596 29
4638 3396
1783 4238
4520 425
924 1749
2127 397
2737 2360
3687 3050
3118 1235
4303 1203
4638 262
1471 711
4699 555
989 306
3688 4511
3230 4024
1477 4135
1883 3230
4568 2157
2365 505
3655 473
3010 4512
3149 4072
1345 3718
1726 2912
1257 2866
2124 515
2474 3391
1913 1117
2372 4710
1237 4675
3044 732
4861 1738
3110 4816
3282 2342
4433 1943
4470 572
26 4216
4274 3499
4580 1545
3861 2954
1404 4163
680 1288
1969 219
2419 2612
66 2630
3344 4729
3660 999
340 1247
3063 4509
2598 1638
2661 2644
3937 2255
953 1346
3159 4227
1553 1878
1259 1670
908 831
2350 4606
1910 1774
2480 995
1854 4073
444 4143
2666 1233
920 3763
2555 3825
4857 992
2290 1032
4888 198
2422 1502
1468 478
2341 1920
2314 3742
1488 4940
31 170
1976 3595
4233 3986
2541 4795
4000 4898
1107 2188
2885 3417
1950 1503
3887 3695
3166 2443
4687 1844
2558 4725
2016 3386
3556 3053
2393 1143
2702 50
698 1815
20 606
1502 318
2073 3706
788 102
1943 4619
1327 2757
3747 948
3962 2511
2166 2753
1237 4629
44 2152
3802 4248
1089 163
4721 1299
430 3715
1076 2980
4879 4791
1190 1012
2547 1948
2940 105
2365 3675
4221 3202
1910 201
3036 4378
2081 3859
2517 2831
1511 1362
3178 2492
4446 2427
4304 4508
1180 3935
3246 67
3559 2912
643 4696
3998 3655
1192 3806
2062 1364
854 269
2164 382
2660 2448
4131 4836
882 1268
3961 759
2091 4503
3710 4869
2905 2368
1227 1108
3710 4881
522 658
1876 3140
1108 1846
660 4229
2246 186
1805 2128
3120 83
820 2219
4645 3462
3044 1487
3888 658
2162 799
3011 600
3739 4378
710 3611
2327 2684
1300 1101
1677 2341
378 164
252 3296
2214 4898
3318 4784
1149 933
1804 2761
210 454
3036 349
2974 1300
2113 3881
2480 3053
4463 408
1758 3260
4053 2919
3837 3068
4389 717
801 4163
4424 765
772 2693
2310 1524
4125 633
4833 2808
4138 3704
2289 527
4807 1731
3397 4651
1502 2482
187 4576
2483 4899
2557 2706
4931 2887
715 2297
4479 2481
53 132
541 4918
3895 895
1919 3086
4125 1864
2095 641
2597 4477
709 3834
1382 818
3003 808
3409 1733
3406 2524
48 4531
2774 2013
2622 612
3833 3399
2398 2340
4713 4229
507 3650
2580 716
2000 3634
2160 3103
1110 929
1013 1026
3468 3344
4022 353
1167 790
943 2084
1336 1625
2134 1583
1167 1687
1845 1665
1551 2828
3070 3051
410 340
1559 3502
1586 1803
368 4630
3357 2088
1158 3811
1580 299
4996 2624
2131 1027
2744 186
4342 3790
4503 4205
612 1830
682 1527
2280 2883
3224 1341
2230 1934
3882 2293
2773 3103
2906 3059
4706 457
2090 392
505 820
1782 4756
503 3923
949 4005
4663 3034
4827 2284
3426 3986
1846 1062
1620 737
4094 2277
4893 2065
4944 3241
77 2232
1264 579
3484 1772
1807 247
527 3767
1153 615
105 1268
1156 4032
3418 4209
2778 1264
520 3558
1404 1135
1547 1887
1382 1364
4322 2580
4733 3014
1561 4064
1145 867
2641 4329
1369 2132
3863 3739
1405 74
801 1076
4948 2672
3288 2331
2390 3263
1494 1503
2333 2343
3485 4234
1617 1894
4930 3979
3331 2096
260 96
3344 430
2124 4180
4642 1156
3659 3688
304 4011
3046 4821
4858 3127
4537 4267
3934 3017
1660 3855
4964 2066
1907 4449
2858 3445
2663 1478
2502 1002
3063 3040
2802 1999
135 2978
2131 4182
4227 3360
2229 3099
3621 755
1494 2869
4978 2141
1559 275
4676 1423
296 83
2740 3902
4696 2618
2788 2238
3435 1521
4364 2805
4722 4608
4795 2032
2277 3905
4740 4244
150 3501
264 1389
299 2113
4008 1148
3582 2261
577 4627
3209 10
4460 590
2098 2177
4660 2290
761 3451
4873 1477
2097 1635
507 1080
1176 1022
3331 380
701 4797
4222 406
45 1121
3576 3801
3511 3872
1663 2892
4939 832
3174 2707
3526 4714
2206 416
2605 1081
97 3601
3422 2088
12 3753
2794 4580
4679 3682
874 3695
319 4229
432 4446
1562 411
2587 4823
3496 1649
2695 1456
813 1890
4707 4568
2496 1757
482 2201
937 80
2790 852
230 717
1905 4162
1816 4420
292 3288
2795 1729
3620 4101
4993 99
4433 1248
4701 2723
1652 1835
3322 3902
4348 4366
2934 3115
2147 2763
2600 1033
263 1305
1841 3712
3742 809
1029 152
52 3702
3712 2537
1708 2360
3418 3789
2987 4334
4272 3833
315 2813
559 1766
3034 4985
1397 2113
4206 2721
2441 640
2921 749
4179 2426
482 3512
631 2195
246 2251
3001 4946
2565 3358
2630 4518
3978 1785
3509 990
1989 4819
684 1710
4554 3439
3624 3380
3243 3712
4915 3915
1122 2195
3056 582
808 1327
1258 4610
2524 4458
955 1568
4114 3078
2795 249
1853 2247
3236 4206
288 3805
3741 1476
3783 3497
1677 1803
3204 9
874 1993
1867 395
3787 879
4914 4278
436 1954
4283 681
4912 626
969 119
2500 271
3062 713
291 3116
3891 2637
585 3357
3252 1321
489 914
3333 3568
1885 4721
2994 850
4658 2998
4305 2959
4389 4411
4578 1327
2942 3193
3379 4062
766 4638
2915 4504
1238 4641
2637 3452
2413 2627
4039 75
24 1823
3661 2497
2915 1476
2118 3832
4333 372
3980 4935
2879 4838
651 1723
1308 2835
2136 2227
4163 2001
4870 641
3911 3371
3392 729
2950 2060
732 3929
4077 1448
1885 3405
3304 2035
65 4167
915 247
1898 133
1325 1851
2313 1007
464 4219
3586 2916
2282 4918
4121 3861
1659 1285
4259 3246
2372 2256
573 2232
987 2713
171 1997
937 1845
515 1284
458 2667
1865 2141
458 2637
3422 3328
4794 3169
3232 1351
4589 3708
1418 2669
4332 4643
3366 4014
1609 4764
267 4900
4155 4565
184 1119
310 2053
1996 151
1728 330
4654 402
3046 3520
1514 1933
1795 1735
1919 3991
2154 4591
1630 3312
4175 1498
3 4084
80 3783
3819 624
3700 1344
143 1882
2450 677
926 1264
4747 2771
3468 2920
3146 1212
984 3540
940 1263
2459 1426
2539 213
694 731
694 735
2523 424
378 4971
1943 2178
1778 263
3440 4371
758 699
818 3499
4796 2959
534 2338
3602 1332
1657 184
3933 1956
4830 902
4567 3456
2076 3254
2690 321
3577 622
4899 46
1713 2843
3290 4979
543 4405
1772 4418
1116 1032
479 74
3706 2650
1221 1891
2799 3214
1630 4693
2940 1978
3359 4934
2171 1854
2546 507
2674 977
752 3968
4560 3215
2260 3380
1828 3080
164 3717
4452 4981
3999 1902
3675 3950
604 2242
2139 4445
4480 1199
1017 2188
952 129
1613 3803
2726 1467
3367 537
904 4924
2706 4557
1341 1267
3173 623
1425 3900
1893 4881
3328 2612
853 4009
4253 2714
4329 667
1878 4774
189 2335
2312 4840
3478 1183
950 4708
3768 731
562 4207
2004 3391
2407 3330
1725 85
2036 1499
1423 1057
1855 2508
1255 3760
1445 2663
1524 4537
2094 3775
4454 2692
324 1701
3728 2983
1449 1949
1685 1024
2530 706
105 3915
778 3144
236 3954
4725 2427
2648 2712
2703 3603
974 4463
1484 4253
3454 1416
3502 4977
4281 4626
2048 4411
732 2668
3894 4831
552 2041
4046 741
4939 4976
427 2994
2941 259
2890 396
3929 1594
2380 2309
2371 3395
538 4759
346 4278
4411 1745
1471 1118
1974 3166
1136 1851
4835 1832
2573 2998
185 4358
2251 3925
714 4708
3444 1850
4982 3859
4913 879
4718 2499
2115 1606
3228 3637
3659 4187
4944 4642
1108 1760
832 1696
4512 1367
788 4009
1056 802
3905 4006
4156 481
2468 4773
2671 1665
4029 3937
508 2561
4542 3511
4628 3041
2244 1302
4691 341
2035 3911
1205 2043
4427 640
758 603
1009 776
1573 1707
2510 442
3088 1232
273 2165
2377 4701
4096 3036
3432 2420
3032 2942
4351 2744
4020 3425
111 2401
1781 2085
3279 4654
1507 1929
2687 3032
2352 650
967 2705
3078 3432
2388 743
3862 3682
802 2553
3709 4026
992 4167
1041 2519
3960 3671
2385 3525
2549 393
3492 1972
2305 4002
1842 3816
3172 4129
4364 4502
4590 549
533 4822
3961 4298
3099 183
4214 2098
2161 1400
14 3158
3772 1183
3241 2991
3388 3078
4321 3629
1103 1840
2958 3421
4713 3468
1789 1500
699 2771
1255 1712
4033 65
2872 352
4266 4465
3187 3030
1497 4373
4252 2727
932 3829
684 1270
202 2296
1422 2589
166 2356
4330 1171
2256 3013
921 1148
2535 4034
15 2645
4400 2819
4392 578
954 1390
1519 4361
3064 3634
4075 2522
575 2277
4556 2467
210 127
4943 4812
4403 156
4732 128
3545 2253
1645 3128
4721 38
3793 1031
700 773
4397 4057
2611 2399
1188 2523
234 2201
4998 3050
2501 4422
3951 4028
3149 572
2004 2340
1973 3497
2744 93
528 1689
3839 4742
845 2386
1078 626
1210 416
4671 4229
4463 2569
3756 2082
1851 3404
4239 1773
1802 1098
4722 4326
2205 3612
3814 3404
585 781
1044 4186
125 4545
4269 4318
1193 4605
4129 3810
2269 175
687 2450
4408 4818
3233 3602
2699 2945
2746 2943
1500 4078
3053 4016
713 2519
4254 4166
3061 3761
1017 678
1366 4724
714 4549
2069 2588
2770 1371
3432 3139
757 109
3673 2813
1383 3235
2824 4418
4166 3299
2811 4702
3886 4041
4357 741
2269 4093
2377 2397
3432 25
1951 1569
1880 3578
1982 513
4499 298
1231 3718
666 1230
1411 327
1851 2131
3225 4706
2931 4217
1131 3851
4766 1572
1429 3838
2660 4779
3360 2673
4907 3475
4233 1140
4568 4501
3306 1262
3023 2749
2214 3248
3630 2774
4014 2435
4212 3030
1448 2836
3205 4270
1986 3160
1984 4883
4426 420
1582 12
4190 3035
4105 2747
396 2440
891 2210
1894 592
4842 3424
379 3970
472 3815
4110 1710
221 3866
710 1387
2495 3538
2003 1631
1277 3688
1705 3694
4591 852
4444 2261
1013 2697
4956 338
1460 4014
2525 2480
2213 3841
604 100
2581 2150
3882 2158
2711 3563
2587 3243
404 498
602 1270
558 2485
2760 1589
4426 3558
4165 2588
4873 1398
3572 3149
3841 5
2050 1782
1063 4464
1173 4957
3961 3448
4129 2542
419 4498
3564 997
3000 241
2258 2212
4281 208
4807 4937
1985 4270
3283 1053
3355 1878
1414 116
1264 1357
1954 2755
4739 3738
3495 1952
3918 1689
3879 900
4390 4954
1309 3457
3512 943
70 2957
3356 2565
777 677
391 1633
1977 4866
1766 2402
2753 1586
3946 4569
2283 4839
749 4393
452 4664
690 4905
4208 754
4326 1932
2235 1331
4230 3002
863 3726
231 2307
4729 2520
3538 257
3818 3575
3800 3430
3285 2820
2276 515
1457 2442
3968 320
1047 4850
2329 737
4208 723
884 3628
1414 4944
3553 1978
4708 2621
4275 2267
1797 3496
485 2221
2087 3895
1501 4297
3705 1396
4643 721
4194 1323
2185 1515
736 3337
4826 3079
1333 1407
4044 4513
861 2713
110 1257
276 2004
3948 1130
4132 1019
653 4621
4727 2051
4955 1223
3841 1283
2349 1192
439 626
2723 2589
4074 4982
1140 438
4516 4893
1587 3946
1866 4975
3900 2835
2067 1597
3172 588
1786 48
2211 2085
2451 1501
3846 2051
1406 1755
4367 2824
4081 1779
1818 2798
4132 1029
1585 3401
3747 1111
4619 4682
4124 3407
72 3901
3294 4181
2602 2787
3883 3716
1487 4505
3937 1962
854 4525
2750 448
2250 1513
3218 2196
1126 2296
4327 2681
1463 259
821 2541
1606 852
2459 2139
639 1631
1409 183
1393 3071
1382 757
1426 863
1826 3411
469 2673
2601 493
4445 791
4458 2234
3218 51
4358 2397
4285 4743
4451 2226
3069 2669
1942 1157
392 2349
2673 3109
937 2066
3456 2441
4601 1564
4687 3346
3059 4642
1684 689
1 4049
3095 198
2810 2721
2973 4094
4967 2802
173 744
4557 3195
3321 3132
4894 3080
2494 2870
1470 4765
1189 2829
4082 2565
3243 1652
2298 3742
1533 2575
467 3456
1453 858
4406 3954
3750 3586
505 3960
811 260
888 102
2124 4450
1216 165
589 788
3091 1546
244 1598
2726 1184
3211 3530
1387 966
1047 4911
4169 3944
665 2239
428 1878
496 2248
4158 3102
4791 453
1421 4148
1630 1205
834 2333
3132 4004
43 2496
51 4517
4038 911
3837 19
2420 2182
2235 2709
1307 3037
606 646
920 2286
4844 2686
2987 4096
3933 4906
1401 4396
2349 3888
1073 3876
101 1649
1558 998
4955 4222
961 3026
2778 1693
856 4133
2520 2010
1469 894
906 2235
4879 4192
3193 4879
4275 2307
2863 1332
4545 2323
2746 658
863 1012
4147 4259
350 1242
2648 2672
3901 1771
3273 3877
2488 4823
4655 3366
1630 1263
1402 372
652 2677
4061 1248
3082 3712
4591 3667
3424 1951
1945 306
4801 780
4148 2882
3331 787
1744 319
1623 3081
445 2930
1053 696
2059 4442
317 2375
1979 3124
2302 79
425 3683
4722 3857
358 1371
4351 1946
3134 1475
4393 2972
6 3910
4450 3295
3576 722
3845 974
1921 1213
2301 4606
918 3888
1608 3654
4600 785
4164 4093
1275 2759
3652 2975
1786 3361
1378 4251
867 2583
4378 617
4295 2730
2865 735
4332 4741
723 4924
3561 3194
1919 4719
4584 4134
140 3448
4844 1311
2201 2118
791 686
1168 1639
791 2389
3518 1380
2502 1691
4094 749
977 391
2455 314
2985 4423
2041 4357
185 2689
4092 236
3155 2534
1 1056
4970 2780
3579 2609
3291 3064
1699 2806
1300 3024
2817 2658
466 1579
971 580
2661 1125
3434 362
4787 3298
4117 4733
917 2463
1620 3032
399 2
3078 360
113 990
1130 4166
1370 963
3189 2222
664 3437
1566 1421
3818 964
4178 2280
3686 1116
3873 4358
2118 3
1126 1718
3104 4157
4547 3353
24 468
1066 1249
3255 669
3054 682
2709 1361
1943 732
1097 4898
1663 3272
2313 1195
3988 4389
2458 1592
160 1298
790 3517
445 3428
4361 4812
3129 4083
3944 1961
4657 3839
677 3045
788 3020
3623 2026
1912 2923
2389 462
3924 195
1923 3514
222 2779
3877 508
2953 1226
1424 2195
4398 3097
764 649
2219 2272
3886 58
2146 2999
4673 4796
3809 1398
620 4382
1957 3929
4210 2889
1976 348
4455 4041
4123 3262
317 3685
2741 3851
1031 2681
1129 4607
689 2009
2426 3288
2158 3720
4700 1978
4525 936
3791 3969
3474 4181
1900 3945
958 1470
3940 686
2767 1486
2046 266
458 4325
118 1446
1096 1676
3476 2903
3983 4890
976 184
2433 3246
4157 4901
4408 1866
372 2612
3713 1468
3631 3492
4147 3836
3360 4324
283 3362
4138 2035
4163 2106
985 4913
4865 3065
4384 2657
1106 2689
4585 3868
1829 2876
2928 341
1717 1397
353 2395
3714 270
1897 2956
136 419
3885 262
4828 1786
3833 4192
4580 4808
2782 3551
776 1841
2055 184
4328 2852
1690 3672
2956 3044
1827 3611
3201 1132
2515 2520
2081 1441
187 3690
1021 2888
1006 4550
4785 1831
2547 457
770 2465
3179 4223
4554 2804
3553 4996
14 4131
3296 895
1349 1949
1621 2970
4881 1526
367 283
1156 3911
4381 3901
1069 1020
2508 1294
355 1598
3430 3553
1288 1086
3747 705
752 2567
1694 893
1501 2470
4013 4022
2934 1840
486 1150
3396 878
4798 1411
1920 4807
2236 2857
4758 348
4967 4554
951 3239
1036 4737
3711 3783
2461 4451
4300 2904
328 4261
1708 2130
4701 129
2815 4925
2000 4759
852 419
2007 3630
4572 2752
1336 1416
4539 284
4804 672
574 3403
1532 1084
806 127
1253 2467
2807 4738
3196 4033
514 638
1990 4455
621 2983
3869 4128
3995 4212
4700 4952
2534 2112
1686 2363
2821 2018
3995 4210
1369 2762
2311 1360
2062 2466
1064 220
152 4084
4392 4429
4063 3648
4639 3722
1010 4449
450 4260
2962 1673
4741 1684
1661 1005
3701 2668
3504 413
725 1631
803 1111
1831 4369
3950 3497
1942 3804
1498 1609
3338 29
994 1624
322 3878
1584 2660
4480 646
2057 3620
3452 2201
432 2435
263 2437
2862 3523
3678 1111
2993 3186
448 4612
2598 2705
2155 798
3847 2404
2354 4491
3997 1873
4149 4039
1321 3648
3006 4647
1273 791
2914 3280
3625 3638
3323 4213
43 750
963 711
4514 1456
4509 4809
3645 1562
3663 617
2254 2845
417 1849
461 2316
1591 3044
3121 901
2062 1110
2850 77
788 1119
3426 2843
1627 2549
2831 778
4487 3738
3936 3547
1618 1693
4232 1899
600 1798
445 4540
1345 2117
3722 2359
4702 2196
1404 661
1017 790
2424 1778
4540 3473
4430 2217
3772 298
691 3721
748 1182
3507 292
2995 1231
4535 2410
1752 1978
4239 1617
2768 4915
2738 1545
660 1383
2965 1747
3346 3304
4816 2620
1682 2014
2214 4689
4794 1530
4196 3503
406 1745
2524 2910
911 796
4019 1600
944 1658
608 2227
3664 4098
2009 3042
485 4987
2623 2568
2273 2225
1202 761
3586 1441
2593 4165
1164 4436
1729 2267
4791 3200
4494 707
2904 583
1236 2896
3974 1440
578 2238
222 3144
509 4352
3086 4164
3275 2006
1511 4223
4244 1374
1127 4996
4526 3506
2075 4127
2000 3413
3339 3397
1611 3679
479 3900
1087 2304
1091 2651
4402 1231
917 1144
3461 4663
4672 2620
4503 4455
2660 3586
699 2827
3918 2863
3828 272
1449 2948
4922 504
3230 3001
1542 4839
3128 4017
4747 738
753 1273
477 4598
3194 1957
451 1415
2947 484
4121 1990
3839 795
1728 3367
1905 1704
980 1494
52 4855
1647 1912
480 3020
3796 161
1326 4442
1585 339
4896 2175
2384 980
3916 4391
4652 4987
2691 4588
1796 2695
4920 3
2200 1415
1763 582
1812 4054
2529 3723
2429 2577
1281 1233
1981 4248
98 3495
3302 3626
4666 4615
2452 4018
1469 1334
2658 850
4007 989
1688 3994
4776 24
4847 381
4302 2712
3915 1617
93 2673
2905 1662
3074 4867
1205 584
2584 1669
1978 960
37 4656
3150 3641
2690 2548
4042 3581
2821 1586
3063 3281
4042 3584
4062 4499
26 1512
4480 1728
4237 2678
1708 4732
2748 4245
2788 4653
910 505
4556 2526
1483 1295
2285 663
4635 1820
2956 3940
2856 1465
2161 2019
35 4873
1858 674
4761 593
2117 1308
1014 2755
1273 1889
3462 2283
4508 4611
1397 523
3958 4736
4506 4324
2610 2230
4106 3506
2511 1949
1461 535
4016 3313
1005 4331
4591 1755
2680 3876
2680 1215
3694 2608
3998 3848
2334 516
947 4314
4521 704
2009 1279
4159 553
3300 4726
734 4060
743 1676
2305 2963
3901 4103
3624 3605
2963 1842
3411 4673
4427 3705
153 3884
1399 125
2933 1729
4189 4855
2630 1267
1209 1925
1342 4219
1111 2197
569 1987
3488 1877
3436 4673
439 725
3166 499
2677 2724
3805 1362
225 522
2884 946
1812 4022
226 4580
1870 4239
3887 1944
1471 197
4365 3504
146 769
2027 4413
2699 956
744 4155
4941 4441
3899 4496
2021 3
2372 3376
4477 1919
4405 4866
3501 672
1723 2553
2772 1911
1868 2711
1033 2285
954 1214
1877 2284
3155 3102
2193 1596
4849 278
1941 2932
4523 4703
311 44
2614 65
4534 1072
4011 2514
4894 2793
219 4656
2055 3757
4081 1629
3970 3096
2276 1800
4477 2428
2397 3183
2547 2512
3419 2829
3750 1044
1423 1673
2509 2840
1111 1713
2698 3872
2812 677
2796 2010
2559 2865
2899 2830
4482 4738
1764 1478
3017 2248
3646 1700
3243 1787
1524 1689
669 1035
4335 2798
4110 4021
2613 3158
4324 4387
443 1298
3680 2949
3039 313
1696 4528
3146 1898
3838 4345
2177 190
2867 3866
4797 1103
3888 3031
4731 4601
3822 2174
1853 2473
1187 2271
394 2875
2081 1368
417 1038
362 2104
3693 3833
1323 2215
52 2131
3366 55
3419 2851
4853 4899
657 3332
3459 105
618 1752
2067 2745
474 1844
1397 9
4223 4370
1504 2554
862 1849
1322 3871
3784 4399
235 3973
4141 272
946 1974
770 3887
404 1864
2717 4451
180 3708
327 1539
3807 2969
3457 2505
2630 4315
2422 1445
3589 189
2362 2822
129 1679
3327 957
2461 3066
1738 334
1896 4285
2602 1621
153 1190
4257 4907
3848 3955
4382 255
2928 4323
1744 2349
87 1579
4316 478
2596 1863
2591 4664
821 3922
257 4360
3217 1515
2830 3634
2672 4269
2541 3395
1418 3766
1028 4765
2792 3211
851 2145
3341 4814
161 2196
2974 1059
4643 4245
955 2226
736 3512
3 2903
207 1249
1305 1697
769 3554
2378 2435
3234 2748
2635 1652
201 2095
2365 2848
1363 1777
1194 4847
2174 4326
2343 535
2689 4811
1409 1786
2402 2374
2152 2663
1960 4035
3471 831
1729 394
3890 4032
1101 3546
609 4197
2749 2993
3148 4465
635 3947
2556 3631
4925 2386
1174 1385
2200 4428
2148 2328
1100 3336
4591 176
548 4556
265 3985
1381 3616
1044 4932
2653 3511
4645 1860
4775 3975
2220 1383
4070 3695
4906 1619
1785 3397
3830 1386
4404 2065
1183 89
3157 1632
3394 4853
1535 1898
575 4060
3805 3087
3711 1249
797 4936
3610 4750
3509 4917
330 1342
3893 2247
4097 610
1281 40
4972 1024
1739 1324
3779 1176
2961 3273
315 3893
2262 2973
1559 2041
4764 1193
2772 59
4813 629
4815 3801
3782 781
2965 4710
119 3456
3989 1717
3173 860
172 3212
4231 912
2492 4087
3296 3506
3858 1771
4937 4494
2237 4279
464 113
2041 3122
139 1216
86 692
597 4388
2734 112
3483 531
2104 3476
4410 3141
1500 3700
2930 505
1667 2056
2424 1754
3782 2287
3891 695
3759 2069
2667 3252
4037 3447
918 651
4215 1986
1596 1588
713 90
3781 1668
693 4080
2307 4511
1 477
2023 2503
799 3973
3061 4347
4213 4781
4593 11
4506 2630
487 663
615 1743
1631 2890
4137 2889
1390 2624
3682 1907
4986 2957
254 2969
4978 544
3802 4355
901 2096
4532 1535
551 2550
3751 3836
516 2492
4919 4314
1600 4022
3083 186
4897 2380
4922 1050
1067 4565
3447 3417
1775 3316
2251 1980
160 4252
2200 3193
1638 2616
4517 2360
1966 1062
1366 305
2056 4784
4683 848
2124 1266
892 1822
4600 1140
4309 147
681 1503
628 1308
3997 740
622 3488
1305 3475
4525 3380
291 798
4407 3378
1949 1914
907 3842
908 3174
3211 3643
3651 2689
4858 3841
1845 639
4114 1949
4657 3917
2071 1796
4821 2309
652 1281
3752 4469
4195 1609
895 3610
2169 1162
2384 1815
1519 4262
4236 380
4253 1653
619 1078
1278 4482
2147 133
2197 4793
1631 2850
2769 3896
4140 3948
46 4993
4085 4839
1140 3379
4276 3897
2422 804
4475 3502
3872 3820
3802 2898
1404 101
270 959
3932 3985
2171 3995
2419 4831
415 1479
3504 4693
2248 919
3679 4559
3089 4761
840 3986
2664 2485
2264 2105
1188 1441
4898 4
4152 1357
4257 3340
971 3102
3056 2346
1042 1691
2979 2252
3415 4415
2318 2510
2530 13
1075 4973
2587 1241
1336 3725
2204 331
4294 536
1097 294
2978 2875
366 602
270 974
3138 724
2529 1032
116 1267
796 232
136 3944
4902 130
4663 2091
339 2239
2150 2739
4148 2184
3133 2223
1782 3981
3809 747
2277 4032
4884 3446
2258 313
4687 3142
4623 4913
411 232
452 4844
2035 372
13 4592
3739 1173
4628 393
1527 2121
2681 2244
2637 1940
4464 4330
627 4190
1007 620
4107 2167
1911 2014
2662 1953
3672 4591
3433 4078
631 1159
188 4491
1514 3320
1858 4536
2615 4046
2761 2417
4238 1736
3903 2505
2947 2278
1144 4651
1506 1350
4347 2905
4589 952
322 2446
1767 4220
2137 1377
1366 2792
33 3305
1913 2990
3304 3601
4715 1924
695 3763
2377 4318
1198 3478
3468 1287
3632 3927
4663 612
908 2571
3942 4672
373 92
3393 1349
1486 1863
1296 2821
415 4559
4139 4716
2565 4164
1774 3738
1521 1512
3605 4317
1009 1027
4047 2011
3497 2692
4923 436
1249 2245
3853 3158
3570 3305
3226 3006
2752 2862
3964 3099
830 294
83 4276
4819 1951
3515 1664
2935 555
4499 3301
1589 2083
4282 3788
3222 4649
1975 4184
2097 569
263 2108
637 4411
476 2890
3891 3680
317 955
4192 681
3840 3810
2818 3612
4408 1141
2836 2372
4795 1072
3244 346
2905 2897
10 4239
3816 2809
2648 2488
4777 1456
4872 1791
3209 1490
675 4906
1360 3482
2225 4848
3855 4504
3016 394
4986 4661
3552 3759
726 202
2898 718
1330 920
3142 2204
4449 1922
975 4174
2196 4491
3087 3377
1917 1381
98 4456
1246 3261
4832 1600
1489 3922
2139 1844
980 3566
3861 4256
820 3821
426 2413
1993 2041
2932 2082
2865 1936
4663 2954
698 1453
4523 664
1534 2918
827 2932
4221 4170
3763 4411
4701 2402
755 367
4195 2294
2690 3519
4021 676
4737 3010
3864 1074
98 3162
900 3277
3904 4196
1653 728
577 1226
3099 2852
1988 3026
4707 3589
1165 2807
2411 4627
1929 1220
2620 551
3602 2221
2124 190
3242 2524
127 3997
2607 3366
4948 1008
391 2744
90 1970
354 1589
3774 4039
1105 4782
4518 750
1430 1267
2324 292
31 542
2128 212
1209 393
4174 1508
3950 31
4561 3822
4812 1116
3315 541
2582 2605
127 2634
2713 2499
696 3120
3750 2581
1879 3119
346 3500
3671 4393
4419 2932
3798 3327
2580 2545
3000 3098
3753 3690
2109 379
1148 1297
2623 368
433 796
442 1486
406 227
4348 4010
2715 2551
1438 4196
4718 790
3505 1806
1372 3306
878 1969
4145 4487
4778 2193
20 1485
2151 192
624 835
1256 3525
990 2589
2202 3909
2030 79
1051 930
2229 1826
4913 2033
773 2525
3905 2653
4309 3705
2308 2209
3577 3359
876 4961
2770 1501
437 4680
793 1746
1713 3669
3188 3021
3675 3592
3059 1357
1102 3928
4820 1245
1897 2261
2248 3436
1841 4700
4050 4046
3272 1607
2286 4415
3971 3867
2236 220
31 508
3936 2374
3279 403
595 3401
3778 4574
2316 1174
1522 4836
652 1547
2200 2578
1984 3291
3070 968
1469 2009
3816 282
3951 347
1310 3857
138 626
4827 3862
4008 950
3656 3794
1498 4783
4263 3998
844 4055
685 3986
1629 1112
3498 467
1937 627
2056 2284
4868 3963
1951 3048
2274 1461
3632 1389
3877 2932
3015 990
897 4004
4717 1524
2212 1119
4543 2088
164 3446
2687 3363
2098 828
543 3416
1819 2004
1916 3797
4787 1712
2446 1775
3160 4539
2440 3471
4990 1607
494 1941
46 1787
3041 2628
151 1439
106 2226
344 3828
4718 858
2448 3156
3085 1938
4718 857
2360 4493
4169 797
10 1105
4163 2366
4072 871
469 220
202 2950
2916 4392
2691 1137
4243 2039
818 4265
3167 3679
953 4036
3187 1998
4308 438
1380 855
527 4683
3793 2938
446 2484
2884 3541
4790 2350
3242 682
913 1531
1583 3644
3450 638
2740 320
1921 2368
2677 3995
1288 2126
2105 245
1367 1664
4143 3070
4765 2066
366 3244
4676 663
3824 1681
4 375
3729 3097
2886 3160
4740 1579
4738 2707
3193 1597
2821 2605
909 4524
569 4197
2850 1741
3937 2643
3703 4527
1945 3459
1512 3703
2621 3384
872 1378
2747 263
3821 4528
1959 2923
2689 2525
4109 56
1023 3638
4017 849
4347 3310
4197 3172
1807 3488
1790 3328
2538 562
946 1833
206 1227
2864 93
3552 54
4564 3284
1758 1954
4308 1747
4494 4753
2846 1213
3099 4522
3265 3496
3861 4292
4630 586
1570 1614
127 2570
2518 3631
3399 3311
4651 4846
1411 2792
1188 3133
3140 2189
1170 1443
4609 3796
909 4507
3667 57
3634 1702
1491 2121
1358 3981
4983 3450
4912 301
4576 4459
977 168
2312 319
3774 2290
228 3266
4601 24
3128 4901
3525 1994
945 1612
2006 1354
2330 472
2069 4075
2647 814
4505 1012
4075 3231
2886 3131
1006 1670
4092 4266
1794 4387
2187 4049
4093 3700
2263 3221
689 2609
4268 300
4991 4903
1831 1831
596 1830
4739 2277
3227 4205
257 4235
4605 1308
2948 2452
2053 773
3339 2619
3665 2785
3420 4824
3504 4724
3602 3628
2957 562
3088 4884
2414 4918
1730 1343
631 1236
4233 4856
4859 168
1971 2766
1271 2369
4954 1658
127 3089
4122 1922
1953 2243
4166 2168
4923 3723
3478 4564
592 4981
1987 4170
2601 2239
2359 2902
190 1463
1435 1241
3014 2925
3651 1228
585 4165
3626 440
4055 2753
4221 1002
1182 2688
3119 1850
85 531
3485 237
1161 4034
3370 1057
2902 2214
3128 4950
1360 2922
4711 3271
4130 3886
2042 1803
4882 4371
1333 2196
1949 3172
2348 1090
924 3920
2729 2040
3299 4313
1918 3292
4934 2775
935 2504
2840 2437
3290 2076
4107 4738
3070 1815
3602 4083
4069 1643
2603 2329
3337 1262
2082 4677
1454 1063
1709 4557
1616 1135
66 2224
800 783
3792 4503
2752 3369
3112 693
1305 1358
3093 1231
2922 4857
4886 2552
3608 1092
2282 115
3636 3568
4572 388
387 562
1731 108
1235 3232
4356 3406
101 4947
4376 426
1282 2939
3937 1399
3497 3954
4652 1959
2186 4921
1147 1045
4625 1115
4876 2739
498 3415
4995 3329
2489 869
3661 1458
4238 4719
4458 122
3382 4815
4233 1777
4651 2253
1542 3259
3977 1353
3324 4959
2473 2351
1898 2453
1394 4041
4012 3899
3936 101
752 4964
250 468
1481 2317
1538 1338
2410 550
3733 1865
1747 1143
815 983
2844 3722
3594 4492
4305 633
753 4284
2059 2070
996 251
3503 63
3749 3267
4738 1488
3665 2712
3620 3923
2699 3206
479 407
2560 1948
2957 2515
4705 1698
43 3933
4174 50
2174 3764
2383 171
1790 2892
860 1454
3515 3320
2704 2132
53 1742
2189 1493
1205 1099
4283 3915
2925 4653
4010 4654
3528 3144
3476 312
2088 1659
1456 4674
405 4749
4263 3941
1940 283
3854 2540
3150 4314
4924 4258
359 1598
696 1262
675 1110
1979 946
1383 2471
1970 4382
2620 2084
4219 1117
2441 3754
4127 2131
4782 1875
1010 243
4714 615
468 2760
4142 1824
2449 4418
1324 2651
3581 848
735 3213
2908 3777
566 2584
402 2504
3294 390
760 3634
4391 4818
2974 1765
3177 1307
4369 1890
4085 4256
2534 465
1172 4831
4872 1043
4026 4424
2929 1262
3815 2028
4457 89
1491 1622
729 2835
4644 4970
3114 4097
440 3519
1140 4884
1198 4012
1030 3627
3789 3028
1564 3642
2117 4676
4122 4810
882 4753
2114 890
907 4851
498 2224
445 2143
3746 1898
2715 1396
1697 3982
3007 3393
3468 822
4031 3685
1859 3159
2811 1773
3766 1759
1309 4290
4933 3191
4920 4577
840 1428
1999 1605
715 543
1274 359
3011 3633
388 4980
2832 3844
2694 2085
2756 2649
4201 1925
3147 1844
4172 2648
4897 2190
1738 4028
3589 2879
3981 2964
715 4474
473 2227
12 2032
4811 424
1733 1047
4302 843
1665 4685
1050 1958
130 4534
3864 2224
780 1973
529 3573
1164 4662
3132 2731
2143 3185
974 3559
4737 2672
3851 1663
4476 3045
3055 1722
259 1281
583 4745
2443 650
1070 4069
714 1169
764 1581
3065 2444
3040 13
2560 4398
3991 844
2469 2762
1413 3733
1313 3434
3507 1397
1945 2810
1219 466
1682 2263
4523 3237
4264 1686
2009 658
3588 526
1249 985
698 1533
33 3450
912 4510
1804 4989
4271 2002
2592 1022
1612 1476
970 52
4029 2124
3827 4514
1346 784
957 3989
662 4966
847 1621
4433 341
4874 3950
1953 173
1182 1189
109 519
3709 4420
2638 4555
1249 4771
2186 1809
638 4503
2501 4511
4713 2065
323 1247
4426 4771
4985 2561
2318 142
4509 2836
862 296
440 400
757 2078
2656 1066
3991 2592
268 3463
4707 2323
1577 1118
1615 1199
2442 3767
3715 547
1196 1371
4306 3945
3376 4141
3857 4098
890 315
782 224
4213 1833
2531 1801
4050 838
3101 495
1182 83
1448 3157
1348 1930
600 4626
2757 452
4745 4692
1939 4824
4151 4296
2796 3984
2329 4251
4641 1530
4079 558
4735 276
2867 297
2593 1244
2603 176
2889 117
2193 231
4388 4797
1735 210
1681 4862
2676 4252
922 1048
2125 16
2047 765
3614 2013
3888 4646
1821 3217
3452 3345
685 473
3175 4990
4574 751
191 2011
4811 447
2585 4109
3108 344
2193 265
4122 2230
2915 1996
268 3439
2646 2929
138 2113
1212 531
4754 4823
1596 4062
430 3224
2618 4489
3063 2190
4538 2336
4500 1944
3689 3616
83 216
2557 3641
4609 4033
3580 2340
3978 2669
4969 776
3818 2378
4682 2012
1002 4879
1426 4946
1570 4861
3413 1642
4604 3677
3811 2150
3301 3230
2088 3595
484 123
1480 2259
2462 854
2473 1708
2404 4586
950 1176
4976 1095
3219 2508
1438 4065
3377 1910
4817 966
254 3131
3632 2573
2892 1052
3679 1528
1562 2995
3347 2841
2894 3115
1169 731
2667 1772
3444 336
1081 628
2178 3491
1295 2088
4838 4167
4764 2748
1957 1383
2215 2896
3440 2914
1317 3178
3074 2895
648 2380
3391 960
2182 1928
1751 4729
3377 4187
1766 4985
3004 2348
987 2337
274 3214
666 2048
758 3677
1961 600
3844 414
4912 272
3249 2842
4164 1321
1577 3713
239 626
2632 2768
3277 2948
3518 3611
1321 4701
1294 4405
567 1456
4724 1439
979 3413
4677 2367
3970 1923
4458 928
2258 3683
2207 2757
2594 395
2909 4248
2601 1702
2439 3596
1754 4234
1507 4537
710 1414
2640 828
2693 3302
1349 2498
138 835
3903 3789
1602 1897
2083 2395
2886 307
1161 2359
732 1818
4156 4
139 1951
3707 3678
2700 673
384 2672
91 3010
4960 549
4986 1429
1649 2500
728 1474
1609 346
322 4024
1760 2305
1568 2920
2825 809
801 4634
4688 3458
3607 3384
4452 2725
425 3518
2861 3153
1396 3707
2383 4949
532 4239
1338 2758
1211 4028
3377 3729
2802 4643
33 88
3232 2231
872 4313
2369 268
560 2669
1616 3805
4564 500
2287 4448
1659 2152
4045 1161
2286 3862
2476 4405
264 4910
4852 1869
1992 3241
1385 3215
294 1492
2872 927
4773 2122
2100 2159
2846 2606
2679 2061
4200 1826
390 1959
766 770
1649 3813
265 2443
1453 1008
209 1712
2715 205
877 4179
2979 1613
2423 1399
519 3143
3710 3086
2285 4909
4293 395
3701 4174
1433 262
136 4598
4427 1781
358 247
3114 4883
3309 4187
4159 2080
1160 4070
2699 2039
843 2242
2729 1485
2679 3381
2691 169
4937 1169
2582 3247
627 3534
1315 809
2447 4204
3967 2109
3696 1823
1902 1954
4282 3066
3693 1426
1924 1435
4566 1024
3634 1635
134 2411
1955 594
603 1214
1169 2723
391 148
3509 458
2085 990
3718 1654
581 4563
4252 425
1097 3870
2041 3397
1251 3585
3775 1198
615 3730
4486 2040
791 103
3480 2160
4602 2101
704 2143
2059 3234
2586 4385
1718 3622
2296 3384
4443 3829
2682 4851
4218 4037
4121 2111
2321 1623
4724 822
3946 2863
1680 2879
375 1033
2950 1182
1889 4936
2141 3669
2876 3493
4534 119
2468 4384
3782 128
3432 2829
4966 2797
1166 4942
2793 2247
4950 4882
901 1824
404 4708
29 2598
1030 1081
3683 712
4693 4422
3422 496
668 3751
4804 2114
3735 3866
328 1048
4311 1051
1957 155
2244 1738
548 943
2931 553
3799 4014
2256 4722
677 2662
4962 1645
4909 4178
522 157
265 2413
1723 3241
137 510
1216 4836
2600 1555
2943 259
3561 3079
1486 1094
1939 1776
2019 3251
2875 2872
1772 4899
2190 39
1417 1646
4388 2924
3940 4509
2453 3586
4640 4407
3585 4984
2116 526
4220 394
2777 2076
2610 1975
4134 136
802 3424
2026 3255
2037 4289
2186 736
3610 4987
296 2183
2503 4702
1746 649
3563 4667
2416 920
4435 4194
1745 2281
3934 2938
3191 910
3546 97
279 1300
1664 953
2103 2648
3956 576
1171 3287
23 1253
43 454
4565 4859
2084 1176
3931 4273
3234 1220
627 3595
1593 2607
4607 1551
4660 3965
4971 3707
3681 3332
3867 1347
1108 1336
190 3995
2206 2550
949 4390
4960 1384
3505 1082
3372 3840
136 1489
2643 3714
4185 1437
180 3561
4282 1294
4164 4359
1948 3777
2853 3017
3950 2316
2249 4717
1903 1232
226 2636
3447 2364
4865 4018
2076 144
1515 2910
898 3020
3340 4417
2778 139
870 1766
647 268
4137 1312
3663 3646
3750 3038
4896 199
1101 2421
1760 1051
1815 2172
2744 2877
2642 4052
3265 4002
4204 991
1348 2352
1475 2613
2385 4405
1682 4966
1453 4979
48 3719
935 1107
3902 4870
199 2329
3756 3989
2379 1500
3057 1965
2336 1911
293 4311
2026 244
49 3052
3928 4066
3628 4865
2710 896
273 3033
1601 4811
1259 2644
4233 4922
1792 4808
2023 3658
3877 4883
4644 1937
686 2988
3205 1822
4751 1391
929 815
3849 4780
3176 2543
1648 1987
4318 2509
4276 4523
3578 1002
624 127
1014 2173
3707 1936
571 652
2628 3646
2292 3604
4631 4142
1338 3274
697 3106
4319 3167
136 326
3569 2902
2157 3274
4600 1353
201 2701
2638 2770
58 2859
968 1132
2710 3192
3612 314
3301 2854
4298 667
4890 4598
952 2807
4956 1879
1946 2165
4492 2760
1918 645
358 3255
1611 394
1524 4106
2938 3278
2046 4548
