69 23
42 91 79 19 1 7 24 98 81 40 0 84 27 19 1 67 55 91 9 88 32 84 89 
75 48 26 39 24 69 39 1 70 45 70 77 78 81 71 32 57 84 60 23 75 65 70 
98 16 83 4 85 81 38 9 96 68 10 90 91 18 70 91 11 21 71 67 45 90 52 
47 12 61 72 56 29 36 18 53 44 63 8 43 9 53 63 96 71 72 31 27 0 35 
76 59 81 0 89 40 94 74 36 90 97 74 99 8 42 58 31 61 98 11 75 91 25 
7 52 37 63 39 55 87 34 43 23 24 58 16 98 52 65 95 27 2 90 40 59 93 
97 42 38 10 86 66 87 88 32 47 85 4 17 45 92 21 72 67 47 93 66 91 78 
47 89 36 31 93 35 19 92 74 20 59 35 67 3 15 45 34 39 74 93 44 46 90 
33 30 75 90 0 21 33 75 66 98 72 6 26 84 32 27 33 83 88 77 28 66 98 
26 44 90 90 0 74 83 68 22 87 77 78 73 6 11 7 58 90 60 84 69 18 42 
9 40 14 4 32 94 28 65 93 3 73 35 76 8 83 63 13 89 64 94 99 52 89 
64 41 97 72 81 33 12 64 65 11 94 76 34 34 39 75 53 62 62 63 50 30 75 
51 0 4 99 92 57 48 2 68 32 54 81 58 82 0 91 0 83 92 21 94 40 71 
31 12 50 75 19 50 73 91 52 20 28 9 56 53 98 57 87 49 75 25 60 44 29 
37 95 62 13 70 1 0 62 30 95 45 99 6 90 83 82 16 72 32 45 17 72 42 
74 19 16 14 80 68 20 85 36 96 68 89 58 92 58 3 48 84 46 80 54 62 19 
45 40 5 27 12 20 74 39 12 96 42 41 65 48 71 3 17 15 56 21 63 68 46 
48 95 39 9 26 66 53 60 90 60 72 18 43 56 73 62 82 49 13 54 61 68 51 
28 47 97 24 90 11 67 65 96 12 26 30 68 63 64 4 46 39 37 49 22 7 44 
0 67 23 5 80 38 25 48 93 32 7 96 61 89 77 36 90 18 68 15 42 22 38 
52 49 53 6 28 19 66 65 64 45 11 19 70 57 11 20 41 34 20 42 83 69 54 
71 52 99 57 45 3 17 51 46 87 19 46 11 72 82 77 93 76 23 9 27 95 88 
24 26 75 57 63 46 1 1 57 99 33 28 59 92 64 21 82 48 85 97 8 87 21 
11 16 32 16 51 34 77 33 49 78 57 90 59 64 38 78 0 25 18 4 72 14 67 
69 13 4 12 97 28 71 40 43 28 75 78 0 57 80 82 18 89 41 58 66 76 13 
46 95 66 32 35 5 32 57 67 23 34 81 17 77 40 71 59 59 12 86 62 71 28 
13 47 94 27 81 92 86 43 34 49 23 27 71 64 64 0 64 89 81 66 36 32 88 
52 72 52 89 68 0 80 95 62 83 70 52 16 21 37 80 30 41 13 23 63 89 33 
37 48 36 63 36 87 2 92 85 97 3 40 60 94 37 53 42 61 8 97 36 74 38 
21 38 63 52 41 74 99 80 7 76 84 99 39 75 73 3 41 58 56 46 13 8 25 
91 37 21 90 31 58 3 23 87 17 46 71 89 13 4 46 69 97 97 11 63 91 66 
34 58 84 85 62 59 5 89 53 36 19 5 20 52 75 44 70 33 68 2 26 46 81 
90 61 95 40 55 18 94 53 62 44 64 5 59 34 57 82 4 75 33 24 4 89 24 
74 67 48 0 87 63 48 58 73 39 67 63 88 84 57 34 3 22 6 88 39 65 71 
52 97 49 29 65 27 75 87 25 85 93 16 63 78 18 12 57 37 16 20 29 72 82 
12 38 59 27 21 12 7 25 8 12 55 3 70 45 57 90 23 5 10 46 90 83 80 
13 63 12 45 48 8 84 8 11 46 15 84 84 27 17 20 72 62 42 86 50 31 9 
45 84 69 39 3 84 14 24 89 92 33 77 97 91 31 29 41 5 8 39 37 37 62 
18 31 54 73 16 56 11 38 44 52 11 9 26 27 9 45 54 47 33 74 90 73 82 
26 88 87 77 98 95 12 35 22 69 64 38 36 40 56 29 34 87 14 38 98 81 25 
61 22 84 63 75 85 81 49 16 56 20 33 47 40 68 40 69 53 27 82 54 77 61 
97 56 19 70 93 76 5 25 83 3 13 6 95 58 15 68 89 90 58 22 68 15 90 
5 92 40 57 64 93 5 78 67 77 49 33 20 68 75 74 23 72 31 46 50 23 53 
40 82 73 75 6 30 67 45 23 62 18 95 53 79 94 2 44 18 99 19 85 22 17 
93 73 12 56 86 58 34 30 66 88 56 97 72 78 3 87 5 16 99 89 91 70 5 
92 55 50 30 26 31 74 83 84 31 38 91 91 39 80 58 13 7 79 8 98 36 30 
14 71 75 73 80 21 78 30 29 24 22 66 44 72 60 69 53 6 90 44 75 8 7 
45 80 67 89 52 36 50 51 84 67 88 86 66 42 26 51 87 40 98 28 34 18 84 
47 72 46 71 40 36 47 5 25 27 74 53 24 88 10 10 46 86 21 61 8 42 72 
52 87 89 46 37 5 71 98 62 18 93 26 58 26 6 92 77 73 12 32 58 53 35 
72 62 56 39 57 59 95 99 73 99 88 82 31 94 77 49 87 25 4 59 3 48 72 
70 39 40 24 91 3 79 90 93 25 99 5 95 70 37 33 7 75 31 70 24 62 16 
24 76 29 7 54 27 2 44 21 95 5 62 45 37 11 76 31 58 41 95 22 15 37 
36 8 59 65 52 92 66 43 31 2 71 80 95 75 44 42 10 91 38 56 75 49 52 
68 36 74 17 61 32 42 58 46 36 17 22 60 82 94 36 32 33 79 79 13 13 48 
98 9 44 97 7 14 95 83 98 69 51 38 59 55 16 54 72 85 12 0 66 58 61 
29 15 35 47 34 80 62 81 19 77 96 79 42 10 98 22 3 19 87 18 91 80 25 
21 1 10 17 96 9 37 81 77 36 46 21 80 73 98 65 79 91 18 47 6 36 63 
28 5 70 1 74 53 56 55 70 49 44 26 59 5 64 56 47 42 27 93 21 9 46 
97 37 43 61 92 89 51 73 41 60 90 99 70 85 47 59 6 46 34 2 22 38 99 
33 27 18 88 3 85 36 13 99 76 50 49 72 15 51 38 42 37 27 58 83 13 69 
88 30 39 37 2 55 50 60 13 95 5 97 55 80 0 90 18 14 52 20 33 57 31 
56 4 91 67 28 81 53 7 49 1 98 75 15 27 4 88 98 95 52 83 96 8 4 
48 34 12 84 1 76 15 99 97 5 88 76 19 94 95 33 70 39 62 43 54 24 51 
72 66 47 91 87 85 0 85 82 77 45 60 41 15 32 43 42 72 18 87 69 60 83 
97 60 96 52 98 5 67 93 88 36 95 5 78 99 71 47 83 31 49 83 93 49 37 
30 42 99 0 91 77 94 51 42 5 17 97 47 50 80 32 13 45 15 72 57 78 33 
17 63 75 9 70 91 92 60 16 89 90 69 86 39 5 71 84 32 52 25 3 46 57 
76 39 20 85 33 32 98 39 13 38 11 55 63 47 42 1 82 68 85 44 17 25 22 
