731
71
91
31
29
54
66
74
80
63
9
79
56
75
11
15
55
28
86
94
17
41
49
95
18
28
73
56
2
32
44
51
30
12
15
9
13
37
12
61
30
48
90
60
4
40
65
81
37
7
83
24
18
43
42
53
44
61
56
79
24
98
64
19
24
51
63
92
28
83
79
51
21
59
65
40
65
37
93
47
77
70
71
22
57
59
29
37
32
27
15
20
93
36
29
70
39
11
61
8
22
43
62
72
21
5
94
67
68
43
12
53
81
25
35
5
65
27
44
31
18
50
74
68
9
61
4
14
33
11
78
28
96
22
15
13
19
80
33
52
7
90
71
67
74
8
92
65
16
78
36
89
24
88
3
74
26
10
12
42
80
29
75
2
86
46
36
30
68
93
49
65
11
89
50
64
64
92
85
75
65
30
71
16
92
34
4
57
98
12
7
32
86
82
58
50
6
31
12
5
63
41
37
55
26
63
47
38
11
63
92
17
99
88
36
62
67
24
96
76
67
43
10
85
74
67
42
10
37
46
98
91
8
35
41
47
91
64
65
87
66
64
40
79
3
13
43
79
24
92
30
77
94
26
4
33
95
80
70
65
69
79
35
63
96
15
84
28
86
49
19
84
31
14
58
56
11
79
60
60
92
24
3
35
45
90
14
84
13
22
91
63
15
79
42
25
66
83
72
32
92
66
66
67
79
38
63
87
38
76
56
13
67
4
31
38
69
32
96
21
83
23
42
86
61
88
14
54
82
89
72
50
15
56
71
3
53
62
94
6
44
71
90
41
7
16
54
9
17
8
37
94
37
98
86
28
69
63
52
33
17
96
30
83
74
72
53
5
66
18
74
74
27
10
27
56
99
50
4
78
21
63
20
80
8
66
85
69
82
21
92
71
68
3
53
38
6
89
62
20
64
54
66
19
48
93
44
30
43
83
24
85
76
76
48
68
23
71
15
2
75
47
8
25
65
15
25
34
75
9
87
54
46
12
2
99
20
89
20
84
20
83
82
75
97
54
78
78
63
64
5
82
25
28
29
51
90
6
78
65
67
42
84
70
89
45
55
67
43
45
97
64
89
67
49
69
16
36
5
43
70
14
21
20
50
77
35
35
9
2
76
84
36
38
57
4
78
92
35
8
14
51
81
89
70
16
91
73
88
48
53
73
2
32
46
10
93
83
73
86
24
76
79
24
48
69
54
3
27
59
52
74
62
81
78
73
14
8
36
61
52
84
64
49
80
43
53
8
38
3
8
2
75
76
66
47
51
36
5
97
69
39
17
63
60
86
85
9
17
58
67
80
9
46
17
13
19
73
36
16
2
39
63
55
36
29
28
7
9
35
11
43
68
27
57
88
37
99
9
34
41
11
73
49
51
68
66
6
30
93
49
41
5
85
42
20
3
21
21
19
14
48
37
88
37
29
16
97
71
5
68
97
67
48
59
20
37
36
83
15
21
35
27
63
92
72
38
17
90
32
9
23
57
45
38
67
48
71
14
85
68
92
74
92
86
68
39
90
78
44
7
67
57
4
48
3
86
23
72
91
12
49
55
84
76
49
66
90
81
22
80
49
31
33
90
13
75
8
72
87
9
69
11
49
72
86
7
79
43
37
71
93
63
42
76
48
20
7
5
80
93
66
74
34
97
21
4
80
30
9
2
14
