7018
5156
5049
291
5748
3717
5163
3584
1195
3261
1553
4929
4914
2854
4744
169
1499
1636
4345
3195
4906
3335
1733
2553
5047
832
5390
1038
111
2128
1567
4487
4760
1115
4777
395
3743
5244
651
4844
5360
4034
1582
5862
5505
2344
362
2500
4043
3955
9
5090
2374
4020
2534
3900
593
1517
4256
4518
4362
4496
3505
2181
2560
419
1445
3594
4818
4272
1434
2591
2643
1209
1939
2474
1469
856
5576
3918
5919
1029
4030
4689
3109
5297
767
4905
4739
2542
3941
1071
4653
353
2680
1765
501
1744
5153
4099
3762
3334
250
2701
5721
2166
3621
2193
4523
2636
2630
1117
203
478
5661
2701
1386
2097
2260
5090
1857
4600
4801
2510
442
151
4920
4811
907
1495
5009
3611
289
4354
1393
4891
3141
5517
2535
1633
445
3270
214
2244
2210
1539
3018
3050
4584
5769
3705
3340
5504
5054
4679
5638
582
1014
4277
5083
2631
1386
4568
5142
5092
1720
3570
3915
2555
659
1151
5291
1464
3690
2317
3078
4520
2582
4920
5115
5861
4813
466
4843
1619
4693
3532
5516
2021
1410
4452
3321
4205
4303
3003
1607
5471
4251
3585
4066
4336
475
5246
4133
192
2286
4096
4105
1313
1934
5005
5
1891
1169
2596
1908
1486
2175
4180
4676
2843
4606
3464
1578
1584
4234
845
5586
822
2208
3026
3764
5639
4985
4539
3843
3529
1620
4386
2640
2082
4156
4154
1387
1512
2937
3105
5417
4534
2818
4082
5409
3260
3664
1044
5888
1460
5069
2979
1500
3356
5179
3993
3686
4389
2722
2296
952
4135
4561
5014
3614
4191
3398
4502
2338
374
536
4911
4271
1727
2721
1595
2247
1772
1786
3502
3216
5165
4190
337
9
5975
1024
2186
1562
3709
1881
2698
5129
94
4905
5923
2953
682
95
2691
4173
1202
1300
1457
2651
1371
993
3139
923
3631
1856
137
1774
1088
4208
5658
1420
2186
867
2218
4533
4628
1442
2372
3673
4738
576
5786
2660
3418
5675
4118
4113
5712
1263
1531
5023
3761
2852
4605
2929
2584
4168
3482
4687
385
4680
5139
265
1416
4791
2747
2044
5581
2641
4972
2541
1254
4153
3040
4499
160
495
4322
5169
4484
1629
3169
1681
1410
2128
2974
2444
3869
500
4259
5733
3907
4312
3312
5461
3910
5233
1379
4993
2892
299
1443
4281
32
442
650
5386
754
2958
1580
3218
3442
4436
824
851
4356
2265
5466
3920
1072
745
3242
5605
74
3974
405
4
4889
1429
2901
5562
2645
4979
5120
720
3394
3717
3850
1020
3844
812
1016
4056
990
998
5138
5914
5290
3681
5716
2979
2711
3307
4050
3316
554
3622
2229
4473
291
2503
2118
809
2126
4749
2725
5638
2465
3790
118
3583
3976
2797
489
2470
4219
2744
693
4619
3993
2814
1969
1366
4564
3326
1326
340
5944
2474
3844
5609
5209
5963
728
2244
4872
4381
4679
2304
3905
4683
3057
2022
5013
5766
1892
816
2495
238
2484
2217
5476
1267
2757
3232
1132
2565
5029
1803
4312
5480
2920
343
1183
3652
912
4702
2489
616
729
3346
2663
4702
5087
645
860
986
3869
3387
1628
1292
5891
2007
2960
5477
131
5938
1795
1718
5032
43
1037
3027
3107
5480
665
535
147
4714
1716
2385
3232
1839
2229
668
3589
4176
4867
733
4759
507
3432
1509
86
5467
5152
2598
5552
3235
3149
3539
5388
5690
347
3872
3705
2847
459
3048
5076
1486
2366
5469
352
1563
5280
3769
5029
3835
4894
3828
39
5011
3509
5327
1298
3176
2825
3148
3567
5924
990
1937
3478
3594
487
3569
5104
2913
4680
4394
1431
1485
5706
2926
1132
2347
2747
2281
4421
3402
224
529
1969
4695
424
3484
201
5809
4397
1275
3797
5708
2234
5891
4936
1089
2356
812
506
1522
4822
1187
192
5274
173
4666
745
4227
348
1200
3463
5361
5085
3899
5752
4908
2293
5936
3297
5228
1299
2133
5414
989
1317
2383
3240
1457
5670
2565
27
2852
3208
3493
2387
443
474
1028
3003
4822
5062
1329
5793
2453
5194
515
129
4758
2032
1553
1469
1388
5852
1136
4166
2219
1346
2151
1417
5152
930
5118
841
4334
5553
5637
4469
3123
4021
3617
2933
1753
12
3409
5030
5528
5498
3199
1776
4168
1213
3601
3233
293
4830
1007
824
2843
5735
5760
1599
2209
4683
285
1334
834
806
887
5640
5718
1811
3684
4396
5215
5300
3924
43
3407
3761
1906
376
3495
816
4725
4353
1178
3885
1527
4897
4609
4118
4845
5631
535
4838
4805
854
1972
444
1710
3522
5351
5463
1409
4452
5485
1936
3949
5842
334
5940
4272
1614
2582
1405
4657
2017
273
700
3098
3412
2480
3924
724
2939
4808
3606
3722
4991
3081
453
512
1286
2748
933
5660
2896
1750
4917
514
3105
3785
3398
1165
1670
2250
5847
713
3270
2845
5967
5934
3302
2028
5414
1015
1225
1591
5455
2737
3731
3157
2774
1935
3848
664
274
4426
2549
1759
3272
165
2618
1637
4268
1054
4915
3110
5700
4433
2
642
5083
5415
3579
5962
5774
443
3820
1304
5270
1933
694
459
4259
3760
5756
5567
1362
5262
5767
5499
187
1643
2115
1572
2297
1382
4538
4351
2246
3004
4555
1396
4371
1431
4055
4542
337
356
1992
4526
5519
3314
4653
3696
2016
3494
2374
1701
4376
5804
1001
639
947
407
2623
4795
1250
3354
367
5481
3795
479
3524
423
5675
4596
2077
1483
2963
3958
3905
4687
4348
2533
1884
2503
4401
5431
2651
1454
3304
4664
5936
4462
2116
5679
5794
3503
3626
428
1493
3111
3277
3070
2529
2159
4424
5617
50
5990
4968
2612
5483
2958
2436
2776
2343
2564
4745
2581
4110
4926
3142
2743
5728
1453
2993
5221
2273
546
3749
3522
2225
3053
921
588
1542
2864
2877
5778
265
2386
4387
5619
3562
1663
5832
1570
2433
3789
606
2837
3314
2985
4711
5740
5004
4672
4224
4046
4222
5210
5176
5327
5654
1680
3003
1023
120
1374
975
1404
4167
4116
5194
5303
2835
4598
5918
1828
1135
2547
5762
4955
5981
1763
1743
1915
2137
3946
772
5918
3599
2121
5062
3576
5738
2019
2839
201
953
2781
593
4018
1744
2047
4272
4628
3321
4679
4057
1140
1892
845
4315
2170
1250
4864
5249
5273
2810
5743
5824
1017
5287
5685
2851
832
398
1931
4209
4591
5215
4641
1528
2136
3127
4200
1272
4125
3856
5334
1710
1764
454
2140
4827
5528
198
3957
737
2713
4917
804
4474
3346
3626
4352
276
3227
553
1852
4445
1189
221
2223
647
3219
3841
4018
4007
1944
5532
5927
656
1675
4711
1751
3047
5543
4283
1204
4707
4367
1212
509
4676
2174
2748
304
3437
5613
1693
841
1934
5950
2407
281
2530
1733
3906
4066
5538
2615
4321
4686
100
5274
1307
1664
2308
3692
5559
4066
3180
2127
611
3821
2819
1345
5713
4967
1728
3179
1503
3735
1770
2495
4753
1524
4350
5492
5069
731
4443
3647
1651
5199
1757
4551
839
4763
4276
3418
2925
67
2912
2430
1583
4393
3147
4735
5453
59
3555
4663
2274
2841
4515
4525
3872
2308
4926
100
823
3890
1735
371
999
5823
5471
5685
1583
989
4092
1079
2161
5579
1698
2527
1124
2356
3680
5228
3461
4815
1242
392
5707
372
5471
41
358
4206
742
615
1732
5579
5306
377
543
4656
111
3144
3238
2793
671
5237
5879
687
4310
4294
1366
1219
5638
3131
5932
1814
5080
15
5566
4379
5648
2346
3289
676
139
387
5191
2681
4312
2547
5009
5431
4288
293
3778
884
115
5769
659
3713
4465
4360
5528
969
657
5169
2470
4982
4465
4258
2719
5059
59
1890
5148
2203
4689
1099
2261
5680
1909
1574
2880
1560
1415
3615
4308
4914
3211
967
1881
1127
3590
951
3743
2411
1621
3154
3431
1010
2394
4724
3921
5391
4900
3031
786
4072
5930
4580
5522
2261
3460
1894
3376
5207
2231
3434
4819
5510
2986
5874
3262
4755
4105
698
94
1004
2934
3106
5827
2606
2822
4521
3449
3908
4159
3979
1170
3181
2941
2881
353
5788
2747
982
3157
521
1316
2730
161
3253
5542
3552
5620
378
4911
2978
2010
3569
5591
4772
1982
2685
90
5894
1418
1093
4304
610
1501
1279
5611
4230
1943
3928
2349
780
3620
4368
3539
340
1155
5938
3393
2867
1169
1393
3147
1877
2871
4157
4862
4413
4989
4405
3081
2446
4601
3447
267
5106
4488
4995
5466
3975
5016
2046
3437
5770
2384
1105
5559
3179
2284
1729
3857
48
3864
4794
994
3797
1080
4309
1469
3041
4323
5769
1463
3301
4282
4221
4692
1981
3288
3451
3838
1273
3639
609
3632
4005
4668
2849
2789
2035
4161
824
4664
2987
686
2827
1799
5513
4946
4125
809
868
1443
4669
185
1503
3312
1372
831
1544
1936
237
1225
4174
4345
4197
2027
2560
3918
4610
464
5681
934
1128
4843
4487
5093
358
2063
3042
2377
5608
3191
1450
3075
2981
4162
2241
1504
2408
1759
4967
756
1404
3778
4237
4146
1936
4512
49
2441
346
5356
4312
4110
4456
5534
5209
2834
4977
4877
2262
1089
2698
809
3798
3767
5317
5943
2014
4814
2212
2538
1150
3368
2059
5082
1287
693
3875
276
3674
930
4331
3598
2956
1678
2249
4437
2486
4506
2703
277
3880
1517
4408
5284
301
257
4481
3675
3626
2381
3892
1986
1536
4560
2064
247
5474
855
4693
1419
2416
827
5339
5961
1505
1994
1250
5588
607
5648
2771
3756
5660
2294
4284
5683
406
413
2275
474
546
2365
3164
5795
4000
1597
701
3361
3563
5800
3625
1687
3817
2380
4786
3420
261
4212
5134
5339
5240
3443
2389
903
3027
4199
4821
5292
2523
2653
1857
3008
721
5315
4764
5449
1149
776
4350
4008
1190
5360
2546
4947
4737
5012
4716
5648
4724
5862
553
5308
1606
1826
420
5820
4677
3519
3522
5371
1027
645
3244
4147
5997
4537
5095
1655
4729
1732
337
44
4956
5426
5705
3495
2438
4021
2491
1681
971
2138
1624
2216
5438
3075
702
1279
4796
3444
2281
3366
4850
3689
1781
3796
203
3012
1199
944
4346
2037
87
5183
641
4977
3764
5688
4076
4101
3140
68
2429
3028
270
33
4101
556
2999
3685
4123
2471
4876
5151
652
717
722
3385
3343
2951
1992
2521
3939
814
262
4632
3848
2322
1541
3754
55
4311
2522
1355
3679
2217
32
4555
1293
4784
609
1872
2727
1038
4977
5355
5717
2086
4791
213
300
2983
4408
3751
1864
4325
4114
984
758
4569
5218
145
5803
5231
2386
5309
4421
93
4051
1708
3052
2035
1282
550
4356
2589
3466
1549
3537
4358
135
4044
2407
4311
5090
3564
2814
829
1918
2309
3950
2697
125
5008
5741
960
3071
3739
4386
1571
1273
5494
5349
569
1614
2459
3957
808
4093
1179
1557
402
582
578
628
1660
154
1820
711
554
5230
1970
3958
5942
1179
3212
784
1344
4374
4315
427
559
1527
702
2140
2982
3032
3553
543
5073
3148
5527
1604
2830
169
3868
1126
137
1443
5405
857
5424
5623
3315
2719
2245
3200
4010
1447
4098
650
95
84
4550
3169
2904
1013
174
3508
1726
2037
191
876
550
705
3343
83
5501
2930
995
963
2753
5287
835
1372
3660
2048
3770
2112
251
2376
3866
4895
2526
2384
668
3243
1560
1060
4741
4727
1605
1117
1156
3745
3803
1666
471
2232
2842
5388
253
3692
5821
1381
5303
1201
3362
939
856
4255
1782
1286
3772
10
3913
1828
308
1273
3825
3038
4335
3108
5723
1625
1268
2911
5644
1435
635
1357
981
4311
3164
2579
2597
5799
3104
3515
5592
3317
5620
253
1110
5307
1278
5126
5139
3011
3214
648
470
1392
3696
2819
797
100
2842
2171
4046
5376
1990
3396
2024
5300
1436
5293
1201
1842
4573
2035
3553
3281
4890
4598
426
365
495
5608
2370
5036
4224
5681
5503
4940
1310
3569
543
3511
2485
5037
432
1880
2901
1722
5394
72
4027
968
1703
2305
5788
4693
5716
2676
1886
4035
2744
549
1906
723
3013
228
5457
4128
1359
5367
5394
2857
5936
4354
1542
5702
1382
5705
5344
1180
714
3340
932
3115
3006
1841
4091
3620
482
4016
928
328
4546
3335
843
5660
2112
4414
3687
3001
825
1509
1839
1239
5097
1983
906
4899
3013
1131
2765
1620
4581
2363
2506
5833
3190
3663
755
1182
3722
2422
4283
766
3623
4412
5126
86
2559
4724
5423
1346
2922
4302
4536
5958
5615
5734
2236
4363
3954
2505
4497
2212
3607
4532
5593
3819
724
4363
39
1517
149
4610
542
2207
2857
3355
5141
908
4858
1181
1639
5916
4010
2590
5399
82
5721
5133
321
258
4034
4558
28
749
4549
3379
3579
3066
1088
5891
579
4051
1446
5593
870
4393
3521
780
734
3637
2308
4742
3365
4109
4633
3028
5409
4175
2154
1673
653
5420
3675
1439
2307
4420
2932
2907
1862
1898
764
4172
1147
723
5360
1584
5383
481
3332
1586
2323
199
848
3956
4141
2664
3276
148
2553
4288
3494
4815
2740
4078
2480
5343
8
5516
4471
4882
268
1933
173
2409
1027
5794
1656
2393
1077
3129
5156
1953
954
1443
515
888
3490
3152
1397
787
3427
3866
2115
5777
4650
1818
3684
1763
4674
5738
5554
3722
3314
3369
1159
1662
896
4804
3650
2217
3843
3143
150
574
1735
5584
4113
473
4730
5916
5049
5
3219
2688
3234
244
3474
4310
1085
702
4850
1666
5451
5112
3483
4752
5007
1856
5701
3964
353
4356
5078
5886
2638
5708
5308
5856
3357
3898
359
3773
3101
684
4461
455
4666
3675
2833
3285
1198
4020
350
728
4547
3569
1949
3896
3383
3843
1462
2623
217
5117
2354
5186
3136
5760
4239
5128
4075
1631
3437
4840
3763
1470
2742
1891
5772
2252
3947
5627
1786
5226
4921
783
3969
5959
5482
468
3333
9
55
4401
415
3770
699
2535
2065
5901
5075
571
992
4011
2322
994
5744
1551
3089
3416
2063
538
564
3388
4567
1747
4807
5867
4983
927
807
4312
731
1241
2525
805
2903
270
4757
481
1139
2103
5677
4222
1808
3364
3736
29
169
258
3299
1817
1236
888
3343
4893
152
1172
5005
5202
1321
1789
2568
5912
142
4068
4955
4464
2260
1388
1315
1797
971
2515
5279
1125
2974
2972
2021
2415
4880
1163
1230
1787
3682
2652
5985
416
1297
4336
3182
342
1292
2869
16
1289
2547
1232
869
134
1595
4026
2602
5061
1886
1060
3359
899
1007
2633
1435
5387
4939
4271
2936
2033
3723
2984
2686
2379
3558
5659
5054
1964
3267
2250
1316
5517
1004
1969
5024
3898
1647
2106
542
2855
5998
1919
4049
3597
2438
4829
1326
3861
2076
961
2516
736
2259
5810
986
1041
4139
2810
5185
3495
5907
1842
2345
3146
303
3225
5599
4161
5956
3121
2595
1070
3456
2583
535
4279
1176
3261
5780
1410
3177
5013
3047
2524
4159
5228
4425
4950
1796
1376
3260
4844
5296
2928
512
2291
2895
4495
614
1647
3104
1204
2556
5886
4409
4496
3831
2228
4280
1165
719
2164
4772
976
404
5960
4099
2475
5054
1134
3397
4866
226
271
1037
1255
2960
4460
3295
2164
505
3895
4196
1845
831
811
4667
271
1764
3706
4667
1041
3828
2193
3379
4149
4287
3145
4802
5795
1518
2509
3778
3955
5575
2243
4094
5852
3548
2521
1349
2062
1629
2302
2375
3849
1662
90
2396
135
2931
5002
5764
189
4295
988
1513
5785
1308
1123
5728
5992
5821
3383
1903
2231
1200
1197
5944
3380
2919
991
3491
5185
1461
3527
2027
1171
2653
1821
14
3901
4854
4667
5448
1748
1484
3241
3529
2031
1872
3161
162
3358
3311
1713
2320
259
4255
3985
5935
5153
4774
5872
527
655
3781
3928
4612
4457
1490
5098
311
2628
1955
1327
3690
2620
4374
3324
5033
1612
3006
3376
1692
2872
1927
1454
1033
4474
4379
114
2790
5816
5453
5410
812
4591
962
2
5607
3406
4479
5204
1178
1345
2766
5514
2671
1831
5690
649
5996
1139
5322
2988
2497
2540
443
1538
2910
1825
1669
1381
3730
685
4543
152
2190
4546
5183
92
5591
1430
3577
4831
794
2279
3657
3201
3066
2011
5388
1604
3670
4104
4536
4624
3382
2941
2909
2721
5155
891
3027
110
4438
1220
4578
2758
3448
1390
1344
2216
4921
5252
5364
4415
3901
5626
74
744
4448
4490
3536
5794
4634
5728
4285
2145
3150
1102
81
3167
1724
1677
5608
2208
3591
5745
5272
1344
2176
2295
5017
3867
5489
1037
5204
24
5702
2238
4020
1075
101
3866
5849
5670
3566
4910
1020
3923
2894
980
4125
5201
5342
842
2520
4944
5176
2183
4502
3402
5673
2448
799
3704
1010
1574
2413
4479
2616
5017
939
1653
1708
189
5325
1524
213
2503
1162
2233
3865
516
883
4089
3979
4294
3511
2594
5246
3340
3711
553
5671
2941
5829
2389
1568
5873
146
3670
1129
236
36
3427
4106
24
526
2352
4611
2333
2553
2568
500
4464
3417
3165
4824
5702
2730
1753
4940
899
3465
1855
4926
1139
4175
3427
112
883
2520
355
4796
3213
2802
3793
2850
2671
561
1838
748
2791
3935
3652
1954
4269
1585
1456
5305
605
2772
4170
1591
1023
3782
3506
3746
997
2850
2217
1782
1968
4931
1961
4981
735
5689
562
1608
662
3881
1618
1172
1383
4143
5616
2920
2431
4079
950
1827
2431
2026
5240
2914
565
971
2373
3799
5383
1760
1225
4725
2092
5254
4812
3400
2071
2878
43
4961
3536
844
1905
399
2929
1790
2753
5546
1434
137
3651
5688
3777
4078
3785
5874
4282
4780
268
1857
3646
4463
4184
338
2475
5767
4608
5225
2136
3779
3312
2081
3907
3724
2685
5505
1897
2670
203
1914
1522
4177
43
718
2406
3478
670
3931
1712
5805
1243
116
5773
2851
1481
1568
1361
2424
5082
4460
2791
1919
3652
411
3138
622
5100
3982
3316
4005
1089
4815
4330
3180
5587
1959
4627
2725
5182
2016
252
625
679
2212
2265
526
1985
2420
2849
3326
5612
5173
3815
2675
300
3284
1552
3174
3281
5962
5830
4407
3832
5195
4552
4990
4605
4200
4459
336
4475
5541
1298
733
4098
1813
3429
5878
1700
2225
81
2781
3260
5351
476
1349
779
1887
2387
2615
16
4281
34
4806
3092
4002
3327
651
3983
2262
3347
1658
1834
4431
3286
4245
2834
1387
854
4191
1333
5228
1059
2904
3757
3913
203
5607
2470
113
3197
4487
2286
2927
4844
152
872
1082
3314
3670
252
5588
1774
1111
719
4946
1803
4349
5194
2362
2655
43
3049
5176
605
3173
1027
2444
311
5792
2657
5757
659
3800
4269
2497
2664
4784
89
3044
4326
5428
3896
1077
1088
955
797
769
2135
5352
4702
3575
5380
2400
2836
5930
2001
2918
5554
1173
3540
2657
2640
2712
2249
2143
3171
2849
5068
3283
4778
182
3216
5401
5991
1983
1214
1467
2937
4240
2045
652
3138
2180
2266
5505
4410
1317
5236
5311
5279
1656
4887
976
4662
342
1539
1248
4627
4436
1737
3107
3808
1188
1394
4121
3822
4452
107
825
774
5205
4992
651
4538
22
2980
4242
3678
174
122
3942
2156
873
3892
4816
5736
5610
2725
2846
4112
702
2869
4598
4655
4449
1425
3176
3424
2970
396
5596
3481
3761
4310
10
4699
5761
1126
712
740
2521
3303
4750
1023
1932
4093
5845
4409
744
5251
2286
2401
1268
131
2880
2331
4914
1713
1833
1696
5556
2228
789
2038
2411
5553
5436
2808
458
181
3974
2562
2217
2015
3738
4587
3109
2665
852
5822
4949
5185
1492
1959
4200
4488
307
2247
2458
3926
4593
2964
917
5431
2874
3072
2916
2886
5271
4356
1971
245
3008
2010
3570
4566
4287
3780
4569
729
2288
5835
4005
1523
1924
1047
4351
2935
3877
3656
1726
5091
3476
287
4787
2810
2494
3725
323
4937
333
5237
5649
2280
4490
3680
1609
3920
113
1774
2938
2803
2141
1683
3451
4412
994
5814
2670
1284
345
3841
5697
2430
3702
3221
4193
2528
5653
3374
57
1614
547
5231
3353
3893
729
1033
1010
1760
1011
3357
2509
923
5071
2524
3995
4194
3425
3030
2519
1028
1731
4535
1784
5450
122
3147
1747
1038
260
2282
3229
5817
2365
564
4061
2333
4176
1721
96
2492
3066
197
182
1539
1467
151
3818
2359
5366
5885
4144
842
2536
1678
4134
5370
1621
579
3053
5559
5614
5667
3377
462
1854
569
4003
1766
5396
3172
440
5590
4827
5131
2906
1810
2340
5963
2508
496
1205
4302
971
3467
2027
3514
2336
3683
971
4995
3523
1471
4535
5182
825
4865
4812
4355
3533
4116
3607
4013
5181
724
2887
2562
4043
3353
4622
3626
468
2818
3730
3837
5470
1690
1088
622
4810
1930
5024
4158
1624
4891
2563
5710
1658
3733
3017
5093
3889
985
1983
2105
1300
5688
3077
2238
4239
1534
4190
5048
5975
655
3344
1935
4139
2892
4124
286
3767
497
3992
5848
1298
4046
1559
5544
5367
5760
2570
2691
4817
4940
3871
5468
2256
1943
120
4563
24
197
5975
1227
4872
4780
629
166
3816
3396
1170
1152
2043
4861
1062
5333
916
2077
3318
1776
5349
1876
2130
1009
3603
3134
5532
3705
3990
485
2899
4677
700
3697
4877
517
4268
3581
1955
1480
5352
2438
4486
2918
4907
1682
4767
5465
4946
155
292
4137
4904
5111
2423
5699
970
5733
5688
2085
233
3910
1371
2328
4477
4390
5060
3787
758
2933
4799
1432
2958
2295
5692
2213
3147
3748
5431
1353
1328
508
3382
2040
195
3867
2699
5533
265
5381
5945
5171
5774
702
1668
1089
1137
3528
1921
4512
763
4650
5756
1130
576
3914
809
2320
1262
4071
850
359
3570
5877
5310
5361
1307
5285
227
4116
2230
4976
4371
4185
4200
3585
33
1715
298
3260
4919
5881
4926
607
4960
402
1665
1763
4304
1324
4809
5535
3587
1737
4893
3577
2947
5255
4019
5785
3571
4378
5396
1341
2888
3545
2780
3635
4824
5329
2910
278
1194
5306
500
2871
1085
3140
1908
5239
2933
4349
2735
2047
1135
3122
979
3181
1798
4127
4272
5803
3710
405
3831
5773
5358
679
1581
4807
2987
2625
2592
4921
2399
1590
4625
2328
2520
1460
4751
3882
2700
2550
276
2429
762
5830
5609
564
1101
3389
4293
1839
5546
1800
4642
374
1240
4312
2672
3523
2847
71
5011
4393
4792
2690
5832
3188
885
631
2789
1150
2906
4108
3086
3323
744
2553
2883
2626
2379
20
4582
5753
4185
5031
3291
1852
1002
1424
5913
3481
2311
2837
2301
4027
1132
1057
5837
4352
4487
1632
698
5769
850
899
4622
4495
1469
912
1397
620
4
2697
2745
3597
1488
1911
4421
4978
5225
3987
3883
2366
553
144
1857
4194
5356
1113
4757
5473
243
5427
4722
4815
552
5166
3835
5627
3628
461
2068
3798
1580
2351
3583
654
4819
2810
1572
1404
5336
3428
2586
2487
1463
3325
642
3730
2366
5484
1540
3993
1294
3108
2529
4835
1313
1410
1398
1732
42
1686
4370
5426
4568
780
5695
5298
1813
4902
5932
5551
3099
2056
2459
1062
1654
4431
118
1472
2357
3950
5581
1357
1913
3271
4202
5305
176
739
1190
5598
1163
3022
708
3478
3787
2146
4619
1291
3467
2654
5025
4078
5623
3026
3394
2688
4458
3082
912
1024
3301
4100
2869
3377
2235
96
5843
5174
1753
2324
3373
4253
5859
4457
5310
3814
2810
69
3895
2559
5721
5830
2919
5965
1343
4919
66
5449
119
3618
5988
3396
4706
1522
4943
4344
5559
3716
4431
1389
5248
5082
4127
357
934
3051
5605
3557
2935
314
5976
2160
3827
4450
4482
4529
4007
2155
3040
4965
928
3563
1446
50
1153
2284
4735
4840
1824
4933
1282
755
3434
3400
769
2426
519
3144
363
727
1352
5173
4337
5859
2509
3014
2806
5805
4931
2017
5359
5271
906
3914
3706
4286
2405
5781
4299
5172
619
3993
305
2587
2234
3796
3143
2224
1963
837
4086
2081
2880
5930
4503
476
5146
630
1735
646
3480
4462
676
2453
1369
2977
4900
5387
5074
4226
580
4975
2700
2643
5086
5289
2500
912
2772
2282
3830
5397
4040
1782
5604
5484
3918
4367
2975
3351
2393
2463
2649
1350
866
3346
561
742
5128
5229
1085
3559
4257
2799
918
4135
1950
1378
4509
4448
508
3758
2155
5291
1063
5931
5031
1408
1081
5040
5792
2172
4336
1517
4522
3052
2478
5345
1542
908
4682
5177
1929
1351
3219
1494
1214
2986
4325
3833
4648
2137
3588
3486
464
3965
4789
2163
2845
2697
3773
3251
5969
184
3555
1535
4374
2427
695
1419
519
4782
4850
5130
2375
49
5481
2409
670
2951
4787
361
3999
3904
4655
167
958
760
5810
4186
2717
3709
3532
5494
5393
14
1941
77
5365
1358
4361
2373
4779
1816
5181
4389
3866
2253
2636
1704
5785
5288
3299
5636
2182
5779
3510
117
5347
418
3837
819
4541
1469
2494
4210
2443
4156
5544
375
48
4362
2249
4024
524
1020
5341
2988
2213
1099
3699
1362
1566
3005
1118
1326
2545
737
1669
910
878
3001
4983
4234
736
3858
5439
3434
488
4943
815
3426
5913
4068
5964
5944
5007
2142
1846
293
1468
5904
2434
4010
5152
2536
470
4730
3237
608
1537
1045
3445
3248
5684
3942
5880
3408
513
5010
1741
2859
4222
5968
5204
1328
2502
3160
5206
4546
2701
1636
5506
4799
5997
3123
3158
5966
1602
3068
3381
5953
3326
5600
4586
5946
1145
4280
2234
2330
3529
5613
1679
2341
5466
2039
1815
3681
3771
5565
4935
3004
2069
5867
3549
3901
4776
626
4753
5571
1987
2681
5335
731
1760
2401
5923
2653
3594
534
5209
5893
3852
1329
289
687
4567
442
4420
5659
1631
4795
581
4689
706
2192
382
718
1495
5179
1750
1740
4127
4948
108
3695
5562
2253
2451
5372
3338
2515
2106
3428
716
5824
4039
2206
3976
1518
3119
2979
885
4886
1108
3683
3849
2902
1836
2437
5901
3233
330
5963
5594
5105
1787
3076
4402
1831
639
5691
3357
3795
3585
2764
2734
2911
1109
2343
2097
5349
3614
4813
4739
3586
5657
2455
5214
5266
825
3143
848
2554
5295
5446
2247
4964
1574
3420
3083
4981
2681
2173
1287
4059
178
401
4534
4834
1471
3388
2166
4325
515
2652
4076
2850
2438
2850
4580
4150
4778
5223
5938
488
3611
3135
1946
1234
2946
4763
4600
3753
4039
2280
3645
1454
4352
1589
2823
1868
2586
5827
3148
2914
5746
5365
1091
5995
5361
1334
2303
504
5746
2169
3880
3536
2076
4136
1854
2210
5734
1519
5128
3355
1119
1203
2064
3263
4735
1943
2483
2296
910
4919
606
4768
1915
45
273
5004
3528
3412
1628
4598
627
3927
1670
1365
3775
3332
3468
4635
752
194
4422
955
1430
2732
5029
5541
1121
953
5049
5103
5571
409
3135
2129
5795
4479
1624
733
3469
2518
5652
4378
2070
5425
301
3484
302
130
3265
4689
446
1446
502
554
1585
5180
4434
5444
1423
2688
5747
1170
2212
4633
392
4025
3824
2731
3331
3287
4375
5481
3942
1617
2904
4587
298
1016
4395
3655
1951
5735
292
3135
4974
4124
116
4935
4954
5072
254
114
4740
5061
3431
424
2974
4411
3255
4742
5207
3087
1340
5074
3333
5056
1853
5481
3169
2959
5900
3750
1916
4547
4229
1185
1760
453
1427
1635
2753
3711
2082
5105
2658
3676
1839
3308
5188
1660
5131
100
4904
2551
5518
100
1718
5723
3161
3646
662
2580
2916
1684
4300
4326
741
5808
5137
2266
978
3169
956
4979
2126
1955
2751
2748
3887
4249
5277
416
1825
1257
3418
1077
2355
5924
4283
197
4510
1824
4701
2219
2326
3172
3009
4903
2729
4640
5333
5390
245
2775
3069
1009
1095
5770
192
1591
5613
2594
5760
3754
1420
5865
945
5195
4253
5749
4042
1571
5107
3954
3849
3864
4696
1803
2001
5912
3141
3909
1631
1076
2560
4968
411
5836
4192
3595
3161
1827
3676
4779
734
2191
2161
519
1632
575
4818
5899
1255
2313
1642
1047
2480
1647
4077
1724
559
2317
2172
5218
4580
1778
2727
265
2759
4057
4557
1482
4718
1891
560
5576
1197
4178
4323
2217
3404
5668
1765
2203
4068
4234
5143
629
4451
116
4649
2491
5024
5628
4915
3533
408
5723
3055
1805
5495
4107
388
4411
4818
4683
3052
3934
736
2024
3223
4273
2665
5326
2937
5192
2775
4939
2991
5694
3625
2316
31
4477
3575
1335
1293
200
4543
5300
3738
1112
2430
2216
2838
3330
5354
1135
438
3121
2524
485
3057
3013
5611
642
4996
3591
5043
224
4646
887
2885
2458
501
2549
632
3346
3263
3641
5693
3423
4845
591
5360
5458
3850
5506
4154
83
1953
3812
5747
4077
3396
215
4661
2642
4617
4971
4524
4348
2543
5013
1162
5586
1694
328
2327
5811
4300
3778
4677
994
4892
2917
1313
2189
1457
4257
1894
4060
4545
5131
3931
3523
2644
1276
1725
2100
3548
3049
2679
1908
1518
5482
157
1000
2270
1049
873
5116
5337
3672
4172
5759
2188
575
1574
1807
5490
5729
2321
2812
490
5339
3048
3164
3799
2536
4005
2475
2048
4148
5975
2652
1528
27
2706
3264
4009
1004
4241
4337
2505
3007
3910
1324
4767
5232
3698
5657
5470
3896
1744
3081
2128
2007
4572
555
3630
3967
3106
4986
667
5360
5008
1767
3009
3292
3661
2510
5107
198
2627
4568
2865
2075
4327
5676
4634
4909
4010
5282
2892
3784
1479
1638
5527
307
925
4917
2175
3973
5031
1752
5216
5410
5591
1818
3644
1168
5953
3143
2720
5322
1747
1986
4053
5968
5427
3747
2946
2281
5680
2860
1470
5958
4266
3415
2307
2788
2910
5294
5534
3310
426
1174
2323
5325
2927
3688
142
941
5523
3597
4948
893
2806
406
5448
5858
2797
4790
3369
5832
2106
748
2120
2551
3997
176
1704
5501
1187
4393
1678
1358
4061
4217
3128
5461
4588
4470
3642
3062
2839
278
5123
4130
1999
1670
2318
3893
2138
247
3812
1199
5291
4406
1439
3005
4595
2406
2666
1731
1745
3195
3332
3977
4565
230
1427
3631
2226
4584
1893
622
5521
5605
833
2573
1634
5879
2300
3532
5534
4092
4328
5953
5400
1821
2679
429
5025
3147
5485
1257
5995
5000
1395
2546
1045
1888
1736
1934
2310
322
1074
331
4965
1998
4546
2627
196
5005
1222
445
4940
2136
311
1522
4964
3622
2691
2250
1803
1765
2053
36
2389
2724
4144
2351
4659
858
619
2695
1018
3975
262
3423
1958
326
5082
4951
5672
91
2783
4490
4586
735
4951
5015
147
36
903
2186
3173
247
1766
359
436
5746
1438
4850
1073
2122
1936
2157
1573
2796
4244
319
3465
415
2574
782
3474
5494
5339
4377
4714
5
4026
4068
2777
3948
488
3808
2195
485
3940
134
1754
3062
4834
1184
1764
2308
5131
117
1832
3780
3569
735
1346
255
2384
283
1270
4705
4671
2940
1185
5374
1718
3003
2379
1282
4394
4480
3848
2339
1988
5830
477
230
2112
30
432
2202
4128
5186
2809
693
4240
2019
2725
1849
1701
5938
4409
866
559
744
5699
1406
3710
4371
4267
3354
1808
5133
4697
197
5048
5354
1873
3908
2170
5278
2025
3170
2339
232
2267
3616
998
1759
4517
4352
3201
680
5070
2970
3102
1233
355
666
245
3677
3408
4791
3823
172
1866
96
5973
1654
2184
5716
2823
3013
994
5278
3336
4396
2178
5580
2007
1559
2312
923
4089
5648
5433
5840
1905
571
2135
3685
1537
4559
4683
366
3194
5218
3279
3207
5584
2031
3992
4764
2009
2423
2865
964
1748
1393
915
2171
2070
31
4480
603
3039
4095
2335
1062
2427
442
2769
1139
2533
1261
4706
5154
3062
4625
1211
365
219
5689
3732
3710
5668
2007
4216
1127
5241
5692
3282
199
2363
865
3813
3688
4104
2402
3585
4017
946
2294
72
2517
1321
968
552
2230
734
1811
1784
4747
5591
1681
94
4925
555
91
4875
3068
5216
544
4676
1711
1102
1649
414
4617
271
2569
228
4870
4806
5881
568
5236
746
4177
5028
5647
3357
4171
4044
2501
1965
3858
3794
3928
3990
4176
3812
2418
1681
3988
2150
1138
2814
4674
56
3876
2553
4949
5957
559
5916
352
695
456
433
1010
3673
1684
1346
5719
4971
3035
2591
5451
3852
1464
1819
1097
3399
1085
516
1138
108
1907
1597
1530
3241
2015
2201
1676
3253
1376
486
2317
970
5092
5812
2270
1084
3434
4993
923
4858
691
3666
4992
2384
2418
4752
1867
5078
4658
5596
1149
3433
4135
5888
4218
1492
2348
3092
2225
5131
5115
3354
2357
3907
5660
1367
1225
1153
2453
4862
5962
4046
3919
1930
2518
3860
2409
3191
3194
2311
2262
2030
2553
4130
5537
4715
1529
1165
3025
1437
3160
4777
327
2186
5532
1800
3716
1900
775
2540
1704
1452
1545
3770
4597
5017
4479
4745
1570
3509
4058
5485
1979
1997
3547
4907
2918
643
1274
5081
3632
4073
5669
5428
5830
4731
1461
4412
368
5994
5149
3296
471
5297
860
5505
5383
5654
4178
1350
3856
2478
2398
3084
2966
989
5846
472
3257
4762
4704
506
63
2891
3053
5343
220
1025
3910
5123
1556
4658
654
3521
3767
5887
727
2986
1195
1730
1056
1213
4552
2423
5644
2568
60
5219
2030
2828
1135
2021
5392
3078
3456
1959
3635
3007
3774
2400
4769
770
1924
2314
494
5877
5244
1740
5309
2358
1076
2803
2575
4339
3549
4418
5478
5382
1664
2258
1991
1691
2107
2471
1102
3648
105
3266
5291
5432
1616
396
363
43
404
1190
3474
3182
2713
3178
3251
426
293
2717
1778
2444
1172
3731
3504
5208
3189
4607
166
2091
5010
3222
5774
732
1437
4911
3626
5869
3061
5657
2743
2996
392
2281
4748
2352
5874
4478
3965
923
2020
4643
5901
635
2480
1088
2912
5060
2017
5789
2686
3790
1975
2773
1091
3646
367
274
5411
3091
2578
4603
1899
2288
4932
4327
1651
1537
2188
1452
2639
2267
3700
2009
3973
2757
5526
3100
568
3613
118
4433
4147
5656
1967
1575
3570
5114
3973
5872
154
3134
1738
2438
1529
4946
3196
2757
5688
755
1419
5208
4749
4656
1240
2675
3100
2573
5513
3946
174
23
5498
525
1706
4095
5677
290
3119
2580
1474
2301
1860
145
562
2653
102
3169
1380
5702
3361
2106
210
406
4346
637
1302
4054
4105
3208
4078
5984
2900
454
1536
3896
2197
5477
54
840
2286
4865
58
5867
4099
1105
429
1206
5942
3390
5024
5870
2225
2892
3446
5578
3147
4422
1649
3350
3485
5722
1641
5360
3214
1806
3019
35
3419
2286
5838
4814
2866
3524
5905
2145
4221
4242
3216
2963
413
3342
1269
546
716
5819
5882
648
5988
2576
5709
758
2142
5111
5837
1392
4530
84
2801
2980
1949
3855
2856
552
2849
5793
699
1376
4390
5783
4350
5881
2206
918
5829
2741
150
2011
563
4867
5897
4493
4494
4602
1967
978
2895
3762
4754
4906
4069
1999
2321
3628
3256
4395
2829
1884
987
4158
592
293
1500
4620
4190
3592
1205
236
148
4289
3972
3601
2717
2611
2264
1191
5300
2928
498
1723
3427
4550
1483
5575
5786
4201
36
3449
2299
2681
2199
1454
3537
4048
2125
3200
417
490
4906
10
569
3473
2802
820
1462
1701
2127
1440
849
5796
778
3471
2761
4891
3814
4256
780
5001
4557
3334
110
4732
1634
2757
924
5995
5366
4377
3227
2415
1718
2564
1354
2495
2513
210
1510
5894
807
5977
1883
3731
3852
1170
5560
173
3324
1151
4635
5745
665
5688
4924
4474
3168
822
3142
1755
4330
2763
1567
1820
2830
3740
409
5646
4916
3629
833
3853
1572
3607
4181
577
2188
1912
3507
2849
768
823
5692
69
4380
2050
5015
5029
693
5846
1746
2500
3646
3386
1171
5331
5703
921
3148
5523
2495
2426
4477
5899
2458
4365
852
5105
4109
1269
1871
4201
4310
3708
1842
4344
1705
3752
3124
1315
1861
5624
4660
2985
4134
1274
2425
2793
5955
5181
4678
2050
2695
4109
3596
3413
5469
4288
4426
3849
1540
1964
4224
379
5010
4115
4049
431
1909
5597
5367
2535
212
96
3920
351
5909
958
3270
4291
24
4524
3404
5774
4000
1386
3924
2432
5313
3491
1597
3482
1828
5123
4634
1801
1752
5040
430
2205
3859
3542
1779
4741
1015
4931
5675
1369
2959
5468
4733
2036
4520
4026
2449
3724
3037
4101
791
2798
170
4299
1696
5995
3810
60
1984
4217
1676
4085
2124
4263
888
4056
4686
450
5376
3140
5783
333
3577
1830
2676
4112
1081
2236
3321
5535
418
5778
3241
2101
348
1275
872
3630
3009
3597
5896
4542
178
5385
3855
3217
2119
2053
3882
4656
1828
3032
5786
1165
1655
5714
1213
507
1677
2117
5400
5548
5140
2820
1856
5528
1803
1431
488
855
374
2248
180
1292
3118
3325
860
1407
917
4530
2220
1797
535
1490
5544
285
3852
3394
4957
3113
586
1674
131
5767
999
5137
4734
2268
5884
3860
4388
1404
4501
2898
1305
616
5300
3927
2741
260
1446
3347
5431
4051
157
3463
4820
1346
3389
1931
5048
1775
4130
3230
3868
4196
3694
4491
3432
4643
3249
4245
4384
3631
5633
2575
986
2340
4809
731
5232
5365
4701
5004
3409
1296
2267
1849
4834
3424
4061
4897
1873
1727
363
1686
4602
2038
2302
1688
5634
2626
479
5039
1441
5413
1022
4947
3789
1142
4671
331
4753
3893
4302
401
4540
4399
83
4063
2886
971
3233
5608
4653
4959
872
4485
5214
3810
5898
1354
960
5086
1675
52
4490
5361
4785
4626
3204
2673
971
1373
5114
681
3870
2518
4685
5925
1338
2394
4580
1334
1404
5444
3473
5554
301
4799
4270
4187
5623
5926
213
5226
3463
1403
2815
3000
5693
544
5092
1161
5233
949
5969
2661
5345
2206
3560
5604
2517
5888
2305
5686
3235
4841
3582
2364
4109
4425
3101
5894
5880
3696
710
5594
4632
5238
1140
1245
4760
5729
2305
1618
2421
342
3161
3709
2298
4607
3761
498
3238
5781
4848
110
2425
5962
5691
4849
510
5414
3711
3495
3810
5469
3863
5042
595
5817
4638
4678
2883
2856
4446
2464
1452
4292
471
1140
3485
3787
4955
2161
2003
2444
2550
2563
2883
4637
2283
3653
3475
4843
2985
2113
840
1870
2972
3254
5882
600
3808
1061
1924
5611
449
1576
2264
5492
1501
4158
3503
5544
2955
1927
5262
1897
4773
3177
4692
2789
3217
2109
3920
3131
5950
3113
623
4570
2089
1467
3235
4872
2814
2878
4911
4412
4172
524
4574
361
5185
5121
4164
1832
1253
1639
5853
417
4451
4547
593
2373
66
4012
73
2090
3570
707
2347
3204
5793
5219
1904
2317
1101
1895
3543
4193
356
1522
963
1704
5447
2399
3439
4304
605
4517
514
1527
2580
2310
5037
1810
322
2677
5906
4525
665
4114
3726
5152
5113
4596
2071
3242
4000
1730
4721
4412
1468
3981
2457
3940
5409
1597
5829
884
2854
4422
5011
1327
2506
54
4813
4272
1396
382
3566
5671
5176
1115
1839
5841
1045
3441
3546
2051
1435
4739
960
2658
2442
2241
1510
5922
4357
4478
2425
40
2326
2636
5634
4798
1691
871
4709
4820
4846
1563
1651
2429
2610
4690
816
3085
1641
1006
3519
364
4914
4223
2057
1895
5360
5858
5596
1860
3830
599
2032
4448
2047
2253
773
552
906
2892
3224
1392
5330
3566
5700
5730
1963
1515
3973
182
3048
3855
5769
1738
2858
5754
2175
2479
275
709
4673
5473
5529
5244
2701
1760
4838
5356
2862
3615
5979
1113
5787
1241
3205
2460
1717
5755
4696
5081
1140
5393
1639
1865
1275
4273
1734
3704
5719
638
1143
1820
5015
1658
5408
4768
5141
2652
990
5805
5827
5145
1427
3796
3665
3922
682
5578
2267
5930
2123
5376
1134
2547
2106
1646
3707
2932
4602
2092
5556
1016
127
445
4340
1989
2529
1896
3243
1384
701
4244
2887
3578
645
783
5918
193
2551
4747
1112
5542
1051
950
5801
3774
2981
772
5836
1751
1691
4379
5211
5329
4913
4971
1882
3014
2336
4776
964
231
261
1749
3390
5877
1637
63
4919
4649
3294
3923
1745
5600
3337
3421
953
1031
3900
4958
5297
4350
28
4168
4352
4844
4607
778
239
3200
3263
1635
3492
1247
75
4420
1899
3646
5879
7
5152
509
660
86
2442
2494
2411
5433
1809
2210
3698
160
4224
1983
1233
281
1062
4751
3838
3230
1926
695
2148
5902
5470
4722
3010
5910
3124
4042
5200
1964
1468
1427
1965
4776
5095
4196
1140
4351
3110
4162
2252
2574
5868
2699
5646
719
4705
812
3794
5611
5458
1376
5186
2924
3990
5333
3520
4878
5452
3420
1443
4770
144
3917
2861
541
3516
1077
1112
1747
3851
4077
4798
4252
2745
1944
3096
5841
3110
3432
4158
2550
2521
2766
3693
1043
4049
4508
3335
752
1159
617
2613
3612
1039
3168
3303
5434
3278
1621
4091
5337
5861
2822
1052
1215
5531
4505
2354
3713
2457
2376
5287
2625
4990
1301
4842
5429
3235
4251
988
1120
4393
4500
2040
815
5630
1825
3392
4306
911
4409
4658
5652
4759
2528
3993
3289
3126
4115
992
436
5245
3950
2337
5282
4229
2650
2476
4166
2415
598
2259
5298
4774
3489
386
5086
5537
4146
1836
2969
4516
2164
