420
631
574
168
852
582
725
342
206
373
186
420
368
629
798
415
319
470
522
458
603
23
935
509
280
658
653
880
704
714
560
276
62
57
41
386
518
203
465
202
161
681
280
266
332
546
611
489
223
500
651
839
291
891
242
883
381
388
169
728
551
41
693
805
830
994
856
24
398
507
716
630
673
735
442
697
278
801
433
575
270
963
690
739
851
894
967
218
313
116
844
284
358
941
414
868
726
548
231
166
198
333
900
828
90
37
902
918
539
206
132
644
216
238
330
432
669
195
155
629
385
893
505
350
265
807
285
308
58
379
338
592
196
210
300
849
425
661
38
579
717
28
857
405
160
528
616
500
895
822
952
441
440
378
245
835
444
549
368
259
759
301
797
67
466
376
840
49
466
653
887
406
121
503
627
189
827
734
568
186
435
660
948
745
723
401
28
744
907
835
42
2
544
645
835
289
574
139
29
255
608
183
477
465
812
987
142
665
724
20
742
54
31
232
642
586
318
236
394
488
137
667
480
112
234
887
169
760
722
485
470
616
472
249
4
634
48
757
319
733
416
183
13
749
293
710
287
736
268
336
491
247
388
620
180
495
25
462
331
251
956
997
487
568
109
709
63
540
115
433
41
300
618
9
483
753
523
659
214
206
273
737
90
129
615
799
212
419
216
120
69
726
526
52
668
594
700
272
428
868
359
642
992
835
407
30
954
568
83
634
995
490
251
580
786
134
306
275
42
595
943
658
685
366
232
818
827
432
6
245
916
682
84
704
262
138
620
703
981
371
184
458
845
835
986
53
423
157
537
358
374
983
264
175
13
911
421
588
14
110
795
766
97
814
412
982
816
590
949
292
470
520
760
317
631
74
497
778
457
327
512
291
560
416
681
24
492
565
814
865
409
434
629
872
881
861
189
654
572
376
618
511
647
72
799
2
895
899
689
740
480
741
447
633
145
769
836
435
863
717
870
