97 103
-3133 -2039
6441 -9902
-7624 8235
-7184 -4985
-9222 -302
-9535 -9530
-145 7758
-4288 5153
6138 2328
8762 3573
-6798 3588
9212 5713
-1629 -6382
-7946 -4769
-5820 7089
3427 -7697
8795 -7684
5308 -5325
6628 -4348
1803 -3103
-8430 718
9184 328
-3605 6304
-9520 2342
-9971 -5121
549 -9262
7174 -3956
4207 8940
-1366 2220
-8286 8881
-2614 3444
5266 3006
-3117 6865
-6032 -4297
7839 3577
-3918 9783
-5150 -9918
-7992 4785
-4728 9345
-5838 2774
-7895 4609
-3964 -8204
-7736 -3380
4486 340
-2138 5762
-6439 8969
9045 2360
-9743 -5204
-7774 -135
-9364 9775
-8049 594
4835 2902
-4794 9934
-818 -7559
2872 -3892
6886 -2083
-8254 -4819
2468 3786
-9481 -9822
-3444 475
-7438 3379
-8642 7238
1854 2593
7032 -2647
54 4769
174 2594
-7221 3362
-4722 9855
19 7677
-4641 -1172
-7090 9149
5854 3660
-4172 -3559
5519 -3866
-297 -4362
-6304 7903
6354 7645
8820 -1358
4027 -7583
-3994 4256
-8314 9665
-3449 9330
-9261 9545
4154 -6997
4751 -9758
-8518 4298
4732 3650
-4637 -4166
7646 -5218
4736 3479
-6115 -6349
-8601 -8053
-4758 -4010
138 7360
-7001 -5580
-8644 6668
619 -626
733 8234
-9526 -9774
-3126 -357
1100 8694
-422 5352
-1608 8630
9918 -1437
6216 -3319
-9123 -4727
-3840 -1515
6993 -5237
-7081 7542
6736 2034
-6582 6324
-2646 -7574
8943 -6866
-3990 2485
1055 -3689
-9519 -984
-3809 780
-6517 3411
8048 -2789
-2585 7850
6155 -2518
2094 -7754
5434 -7913
-2331 -2706
6251 -6763
4700 799
1519 -9776
7920 -239
9159 5530
1766 4894
-6849 -4706
-1777 -8564
542 7151
-4124 9697
9229 -1710
-7875 -6431
45 -3894
8580 -7554
-4316 -7330
2381 7102
-5466 -2135
-9191 1902
-9423 -9163
9560 2059
7617 1860
-5778 2171
4749 6943
-615 -4687
7018 6850
3328 3766
-6693 -1190
6434 8851
-5492 -9579
-8361 -3445
1921 -5474
5691 -532
2829 -2285
-3159 -2442
-1585 8215
-2990 344
-1447 -8275
8582 -61
-1103 3710
-6125 -9731
5750 -8764
1722 -4152
9783 9460
-7362 -6527
1351 -2778
-565 4059
6805 -7378
-7087 -8894
9710 -5219
-4121 -9012
1690 -4717
1218 424
-9648 1420
3432 -6774
-209 -3733
1467 6302
-4978 -2432
794 -3586
-2897 2734
-2832 2883
7190 -9698
3736 -785
4144 7707
1649 -7999
-4366 -9798
-4823 1818
-1423 -1280
9006 -7677
-1645 5138
-5023 8031
2527 4711
-1914 -4512
8553 -2132
-79 -9596
375 -5414
5295 6656
