1000 1000
46 24
-97 77
83 -59
8 65
40 -78
-98 34
-41 98
8 30
32 -56
94 47
-97 51
-15 53
88 -75
-41 91
-52 78
53 -12
32 -50
-77 -11
-28 15
-26 -50
-20 18
26 -37
31 -79
81 97
15 -15
73 7
-75 87
-43 -93
-60 -80
72 11
70 -35
-33 43
29 -28
18 71
-46 -37
-62 -55
-71 17
-86 -75
-19 1
-51 55
68 -38
63 -2
9 -49
-9 97
62 -35
26 14
-71 -76
-47 36
66 36
10 -34
56 13
47 -74
-58 -97
-42 -96
-16 -16
27 -48
37 3
-30 -11
-24 -57
5 20
9 89
-19 81
10 -9
30 80
16 -76
16 15
33 99
37 19
-21 20
53 -42
48 -57
79 54
74 -52
-7 -68
71 25
54 36
-95 -7
-70 -62
13 -6
-26 62
78 64
2 77
-15 -55
18 84
-12 2
-5 -81
-36 76
-50 46
-97 87
-16 78
-100 -83
70 -91
-25 -97
-74 55
10 35
-73 97
27 -17
88 30
13 94
8 -2
-50 -74
-45 96
-93 12
-68 66
-69 -66
68 -50
83 -71
91 -68
-66 24
-62 28
-32 76
78 -98
37 -2
3 -47
-38 -51
-41 37
48 -53
-42 7
49 -65
-10 5
75 70
95 1
-62 -16
-15 -39
68 -34
-92 41
65 -49
-58 10
16 -37
8 33
-69 35
-52 21
-17 71
-96 90
63 -15
42 21
62 -85
25 55
66 -20
-74 0
-63 47
-38 -5
-88 37
63 94
-40 32
15 4
-6 94
-17 -22
63 20
60 38
-48 11
-77 -32
42 54
-63 -71
-69 -37
2 -12
-84 -98
-43 1
-57 -2
-28 79
-43 -57
67 94
48 -73
78 71
82 -28
7 2
-95 -32
-30 79
0 -29
39 53
-67 -14
-43 -75
2 97
-54 35
-3 83
15 15
2 -9
-59 77
8 -57
63 -73
-41 -51
41 37
71 72
84 -39
6 47
-49 6
34 4
73 47
-84 -91
96 60
39 40
-44 -82
4 88
-21 -70
61 77
84 -31
53 -40
-9 91
-37 -94
-78 67
-65 0
7 -83
49 63
-11 -75
-54 61
-37 -80
11 24
25 65
60 7
36 -31
-57 90
-85 63
29 52
44 63
-3 -55
-8 -49
16 -13
-100 45
-18 75
74 57
86 85
70 50
-50 40
-25 9
-45 -77
-53 51
-22 11
-7 -29
80 -82
5 -96
-54 -3
8 13
-40 -56
38 44
33 -55
95 -41
-12 12
86 7
53 -75
-45 -79
68 -77
-87 -41
-38 87
25 -25
-23 70
-47 -60
53 -4
-91 -2
29 -86
33 82
-52 19
-52 -67
-16 60
26 73
80 -76
-91 12
-19 71
68 -39
40 41
-4 82
-41 -50
79 -74
-79 82
-41 86
-4 -70
73 9
-28 -45
86 -14
62 -95
65 -14
-32 10
13 -33
-32 -74
28 -38
-78 19
91 -74
28 -47
34 74
65 -5
-9 -42
92 -29
-46 -17
-88 -23
-76 -88
-85 -12
-97 -17
41 93
60 84
-41 -33
-36 97
-70 97
80 -36
-46 -43
42 17
-55 84
-15 -71
37 -58
-15 -3
63 -46
37 -30
-96 6
16 34
-50 -97
8 31
17 -43
90 30
-21 15
-63 2
5 -39
-50 82
-15 -22
97 20
56 -84
-84 64
87 7
-93 -45
47 -63
79 63
-7 98
-38 -86
-96 23
-61 -17
61 3
4 -93
-53 6
92 38
10 73
10 3
17 -95
-82 43
8 48
28 -57
-20 -77
76 72
-70 -68
-87 -40
47 18
-4 77
-10 16
-55 71
-75 2
29 -59
74 35
-24 -74
49 -95
8 -59
-79 -44
-98 68
-40 -76
69 72
26 21
39 99
-70 -11
78 -29
-66 70
-5 13
-79 -53
98 -84
-98 -18
-97 -54
-29 37
21 4
9 8
-87 57
34 70
2 59
33 -94
-23 -48
-12 -25
-36 -78
-19 -31
-47 24
30 2
37 29
-26 -62
-19 -92
-78 26
-7 -61
29 71
76 36
-29 -70
-65 -99
63 87
-12 53
-73 40
71 -65
21 28
62 -65
-39 -17
-29 -82
34 50
14 21
43 -85
62 42
-12 -1
38 -57
-89 64
59 -77
33 -98
-22 -9
39 50
69 61
-4 48
-72 91
52 -9
-63 -40
52 26
65 -89
-54 -83
-100 39
-20 9
-43 95
-100 -4
-23 8
40 96
-44 40
2 80
11 -75
-53 0
-76 90
-90 23
-17 13
-3 48
7 -92
-2 75
-15 54
-61 -84
72 -31
58 36
47 -63
62 -42
72 39
-24 -75
54 9
92 -52
9 -29
-57 -42
93 -27
33 33
25 -69
53 -62
83 90
2 -88
53 3
54 -59
-8 -12
98 -45
-19 95
-25 -86
3 -74
62 -37
-43 82
38 -55
22 -53
-83 -17
-2 -43
-86 -14
39 -76
66 0
-61 3
67 -54
-67 -43
-76 30
-9 81
-36 -84
-84 -11
-56 -97
8 -99
97 49
-71 93
13 82
68 -40
79 22
-50 61
-54 -12
-38 90
-58 81
-34 -13
-34 0
-72 -37
-36 17
-74 65
40 -79
80 -24
67 29
62 41
18 -89
-91 94
18 61
34 3
-42 -71
-8 -79
-91 -66
55 -49
56 27
92 15
28 -12
29 -18
-66 62
-70 77
-47 -40
26 79
-52 -61
-44 -69
58 1
65 2
89 48
-6 -48
-90 -8
-56 34
60 -63
-17 -84
-1 87
36 73
-2 2
-5 -27
46 -85
33 -96
-22 53
-5 -27
-4 -91
69 -79
-23 13
-74 93
-69 -42
84 -5
-53 -57
-90 -96
-50 -47
-92 92
-58 50
-92 -36
8 68
16 -53
33 33
95 17
50 76
44 -19
-83 85
-80 98
-9 76
60 54
-86 49
38 -77
55 79
-52 14
9 -52
-21 -73
-15 -31
-80 29
-55 -64
89 26
-40 -62
-59 76
49 -5
-98 -80
54 4
32 32
41 68
52 -81
72 1
-60 -59
-7 -58
-40 -67
-8 29
11 78
-75 71
-69 52
5 93
40 -6
85 -100
6 -27
-63 64
-87 38
77 78
31 94
-20 76
41 -36
-29 85
74 -96
-53 7
-16 -18
13 -20
67 -40
-16 89
-50 -97
7 70
-3 -55
4 -81
19 -25
44 14
-52 -90
94 -69
-38 -36
57 -16
63 94
9 63
24 -25
-74 87
84 78
-41 -58
-27 -88
27 1
-74 -75
25 -39
-86 87
42 -24
-90 33
-89 38
-31 29
-40 -32
-75 -16
-45 -76
-94 -49
80 -40
14 -49
-63 26
-72 52
-71 -33
8 -72
-26 -40
59 44
-83 6
-10 -30
-4 88
93 -33
-45 -9
-54 58
0 71
99 85
-22 82
-23 45
17 9
-59 88
43 79
17 -47
55 30
83 -34
-53 62
55 22
29 92
31 99
93 95
-49 96
49 21
43 72
57 -54
-69 37
68 34
52 -31
-78 49
47 13
1 -5
49 -36
4 -99
9 -92
48 45
51 76
97 -69
-30 -74
-53 4
-73 -50
13 7
54 -12
-14 -50
-3 60
-14 22
89 93
-57 7
24 -80
11 -30
-95 -16
-52 82
35 -98
-31 -52
47 -17
-25 59
72 64
-85 -81
-21 71
61 -75
-53 97
18 51
-34 44
6 92
-53 1
52 64
52 62
-33 -41
-30 -82
-97 37
4 -10
14 60
-63 -21
19 -61
8 -37
79 60
-97 7
-75 79
99 38
11 96
-88 39
-89 -85
25 -48
-33 11
34 73
-66 -100
-7 -3
77 27
68 40
-96 85
34 -2
-89 -59
5 -76
68 31
96 -75
-66 -27
79 80
89 3
-63 -97
71 11
-42 -25
48 34
26 35
83 75
86 35
14 -10
-17 -17
-30 39
51 90
-89 -26
-84 18
47 36
-60 -73
22 94
53 -70
-88 -11
51 -50
-82 -63
-54 -67
33 -22
-75 47
5 -55
-10 -17
-51 -71
53 -36
-53 13
11 83
-62 -31
37 34
15 16
34 43
-16 -74
71 61
45 -90
-47 3
-91 -21
-40 11
-76 -88
18 86
80 -5
23 35
49 -88
-28 -32
-41 -21
21 -83
82 62
-68 -7
88 -34
3 -51
7 -20
-3 77
31 34
4 -4
66 -5
-48 -68
-34 -79
41 76
24 15
-82 29
24 27
11 -49
-81 -92
3 10
-72 34
-51 38
36 36
-77 -99
-50 -34
94 -8
42 -100
-71 -6
20 83
71 87
-36 95
13 -15
10 -20
71 17
-60 -7
-47 14
-43 -90
89 -91
-68 22
-8 -23
-10 -59
-10 97
-92 89
99 33
38 -66
54 85
66 -86
-15 -19
40 -5
-40 64
8 68
-54 64
-23 92
13 -55
-79 7
-22 48
-98 76
-87 88
-73 -43
52 38
-22 0
57 -25
73 58
-52 33
77 11
8 70
86 95
-93 48
42 -20
73 91
-83 -65
61 -83
-5 -32
62 68
-3 34
-23 -18
94 -94
95 64
-45 38
-99 -70
45 -43
-32 -82
57 16
75 -62
-33 -33
-37 -59
98 -78
52 -34
-11 60
-16 -20
-15 20
-40 -28
99 -55
-28 -70
3 -29
-59 -62
12 -78
-76 -74
-89 39
-4 10
-44 -96
37 -26
44 -94
64 -59
76 94
12 54
-23 45
-84 75
-48 66
-74 55
-44 80
36 -43
-65 33
-68 -22
50 -54
-19 51
3 59
-84 52
90 -39
4 32
-79 86
-32 -62
60 12
-93 -87
-59 -88
-31 -96
-6 3
99 -25
-43 -80
-75 91
-89 10
-45 61
-51 89
-50 -32
-51 -64
-72 99
-38 -24
67 -89
78 53
-85 75
68 84
32 81
-8 53
85 68
37 -76
-44 73
68 -16
91 -43
-31 7
69 10
73 82
-67 23
11 -97
54 96
97 13
9 -96
-15 -14
-9 26
66 36
-45 2
-50 -18
42 99
-37 60
6 -14
11 -33
-86 88
-84 -66
-46 34
-89 23
71 -79
-24 96
-20 -10
83 4
47 -83
24 94
67 26
-74 30
-50 -22
68 74
88 69
93 -80
-67 -17
-47 29
11 97
60 33
29 26
94 35
52 -63
-85 1
-75 -6
1 59
-3 54
16 -78
-72 -82
-79 35
-67 -67
42 -54
77 -20
38 -91
30 99
71 -19
68 -60
-55 -56
90 1
19 -98
-64 -30
71 90
-22 10
-99 18
-15 76
-50 -69
-28 -80
-96 15
37 86
-45 40
15 -36
-98 39
-66 -16
-16 -15
24 72
-49 7
99 86
79 60
-9 15
-51 -27
45 39
81 61
-71 -3
-39 -4
-43 23
64 -39
91 3
59 -46
-33 19
29 -92
87 27
-3849 2132
6452 3613
4056 4875
6635 -8378
-3842 -5651
128 -3899
3751 5145
-4269 7836
8005 5317
6383 8330
8923 -3650
-3973 -9449
8972 8685
9402 -8079
9124 5589
466 -4342
-3007 -5014
4910 -10056
-6053 8168
-6209 -8326
-7205 -363
154 -1583
-3320 3144
5321 -5600
5867 -3796
-6647 6114
-8311 -460
-4687 859
8699 -6919
2664 -5609
8759 -8924
6945 -9459
-3454 -4804
-3571 8228
-5341 -9482
7544 3686
8805 -4341
-3419 3038
-467 -7827
-6137 3559
-9287 6972
-7073 -7178
-9498 -4105
-7907 -7534
-3133 -2641
8529 227
3467 -8328
-3046 -2691
-5716 4708
5082 -7762
-1700 -3968
7135 -2258
-6984 3069
698 8648
2467 -8904
-2122 -9995
1062 -5002
9179 290
-1104 -2980
-7550 -1861
2474 -8368
-2473 4554
8429 -8931
-656 8547
-5299 4743
5420 -6981
8778 -8180
-1719 -9040
9277 -1841
-8195 -2252
-223 8543
-4070 3705
-643 7101
-3139 6947
-3218 -1462
5695 -4910
-6742 -4419
8680 1669
-5605 5096
-2490 -4698
-252 4857
-8795 7024
-9710 1928
759 -2569
678 -5454
-9499 -2087
7624 -5119
7513 4446
8303 -5301
-7975 -9200
-1023 -7858
-8331 -5946
3873 -3849
-6264 -3139
-9705 9457
725 8342
4563 -7822
9612 -878
-786 -4108
7796 -155
6099 8458
6635 -2843
6007 -2775
-4235 8301
-6530 -3152
-7488 -2795
4317 7526
5253 2771
5985 -1616
3979 6110
6586 -2267
-2595 -4066
-382 -6009
-8017 9110
1828 -6432
-3385 6487
9614 9154
1370 6763
9074 7368
7144 -5575
-9365 9849
-4321 715
-9139 7508
-6370 5591
-6657 2178
-3372 -1311
-3999 -9699
7580 -3641
-6199 -9508
-8053 9443
7424 6145
782 -9394
1914 -7803
-8434 -5787
-7409 1548
-9342 -7584
2966 2174
2331 -375
-5468 5099
7249 -8962
-8940 -5838
-2307 4836
5926 3897
3691 -10077
1954 -5621
-3480 -9923
1983 299
-4143 -877
8220 4278
8163 -8955
-8189 6654
-5123 8542
9868 -2357
-5413 6798
-9452 6529
1802 -2479
1512 -981
4934 -1697
-6825 -1078
-5811 6893
-4942 -3579
-2325 -7379
-5348 -2808
-6936 8791
-4797 1888
-5411 -4265
4997 -9834
7726 -2716
5476 -900
-6476 8955
-6183 -3644
250 7187
-8311 -2312
-4484 5727
2352 -8586
9633 9604
3902 -8204
-7975 6256
1829 -8597
7629 -4920
-3289 8365
-2355 -2759
-3000 -7626
5775 -5482
-7621 4074
9996 -8163
6643 -6855
-872 -4398
-6700 -9640
1172 -4592
-8983 435
8450 879
152 437
-8702 114
-292 9770
2815 -5468
-3840 -6266
909 -5805
-3514 -8264
392 -3770
1288 3477
-3616 2067
-1289 5420
9763 -5607
6046 -8663
7033 -3256
3190 5798
-6550 -4887
9414 6674
-8040 7665
-6817 8852
-6964 -9219
-7317 5361
2877 -3960
3346 711
1773 -3018
-9247 4360
9797 9670
-1450 -1493
-1284 -2250
7885 -4686
8869 -422
2890 -5034
8560 -4959
-8279 5889
7812 -743
6068 -398
7476 -4374
-1311 -5244
7700 -4042
-1809 8967
9759 415
-4062 -8042
-8782 -145
2583 -9868
-2075 -8449
-7864 -9916
-108 6583
-2976 8985
-2870 -712
8326 -9748
-1944 -3244
9591 -6564
-2842 3156
5452 -10022
-4270 -4074
7742 9585
2758 -3161
9313 -6824
9395 -1430
-3078 4534
7452 7313
3947 -790
6373 498
-1874 4879
-1645 -7829
6673 -120
-9408 2399
-9464 3442
-2157 -9142
-9950 1947
684 8913
8687 7678
-4875 5220
9278 -868
5634 7697
-415 -3689
6266 5071
-3856 -8133
4349 -2222
3737 6098
-3410 1535
2269 -1187
6007 602
-4767 6939
-5586 -8318
215 -7031
9074 -177
-7868 -1747
435 -7896
3654 -974
8165 7383
5547 -1938
656 -1516
-2594 6178
9745 -3539
-4785 2895
-8273 -5849
9650 1730
-5020 -9531
9179 1511
3681 5058
-195 2245
8797 -5261
464 -2024
9555 6501
-7076 7488
1913 5826
7937 -2779
1380 -6612
943 6302
9015 -1135
-8751 -4478
9765 6717
-6813 -2829
-9223 4912
8967 6365
-3501 -1551
-308 -3521
8486 4057
-2580 2554
-7648 1426
2125 -3914
1759 4984
308 -1198
5650 -8693
-6699 9124
6129 9475
-3633 2171
-8791 -8459
-1905 5515
1363 9381
8547 9296
-2685 6172
6042 -8434
-4621 5085
3193 -2118
7202 7194
4328 1217
-1068 7522
-6941 3601
-3353 1013
9795 -6831
1478 9381
8343 -1091
-3479 -6840
2320 -8305
-5824 2421
-5863 -6353
2318 6952
4538 -950
6835 -7715
-8645 -2434
-6626 -6636
-5290 -8665
-1759 -7693
-2471 1199
5480 -1874
5368 3918
1232 -7321
181 5334
-7864 2128
-803 -8070
4127 3207
1337 7133
-9961 4459
8800 -3962
7019 7935
-1974 5190
-2630 -5797
8567 -6808
4088 2639
6806 -7922
6937 9491
-9310 8895
7864 -8962
-884 5375
7634 6278
4660 -9843
7445 3548
248 -741
-3868 -7023
-5836 -5913
5627 -6322
-2683 5298
-7354 7650
-8720 4881
-9573 8236
1015 5963
7444 -1530
6765 -9142
6379 688
3179 1311
4407 6089
-8399 5745
4421 -8984
835 -6636
8532 6118
1033 9821
9977 -3063
-496 7550
-384 -9472
7658 8341
-5892 -4538
8203 5129
4236 1050
-2362 1686
-9738 -6617
486 -534
-5543 411
-6880 4273
3879 -5673
-4976 -1551
-6711 -6150
4744 9182
6423 784
-6702 -9020
-945 6116
-167 -2480
7246 9698
-6967 -6729
8763 7431
-2151 -4660
1941 5338
4152 -6617
6167 -6804
-8945 -3784
4699 246
-8514 3716
9271 6023
1401 3889
2747 -8724
8811 -9157
-4253 -507
7365 -128
-6089 -2610
5974 -4670
4092 -6123
4754 9775
5002 -9190
4356 -8435
-9635 4585
-306 8486
-1687 -1078
-3265 -5128
-379 -7052
9513 -9500
6463 5783
-922 8994
4369 -1028
-8311 6784
-8392 -4691
9779 -5306
4797 2962
2334 -8607
3575 -7651
1550 5752
-8888 5538
6596 7824
9995 4270
-5409 9391
-5788 -808
2143 -6544
-4706 -1747
4092 1361
7904 -2227
5672 1507
-2451 6694
-3407 2016
-8205 2772
6709 8672
1241 7520
-5597 3139
6395 -4681
-7368 -3297
7571 7172
5523 1759
2125 5493
-7363 -5382
-7556 -7263
-7244 -8943
-3306 -9901
5434 -2039
2047 -4176
-2102 9341
4176 7721
1965 -6559
-7254 9344
-7289 9716
-2404 4674
-7388 1989
1476 -2911
-3580 4710
4654 -1042
-4385 -4024
-7677 -5243
4174 241
4095 685
1568 -8704
-9476 -9301
8024 -8599
-9715 3909
-609 988
7486 -9553
5217 -5793
-6181 9738
-9656 -7162
241 2380
6501 8643
7472 879
-6801 -5100
-5418 340
3615 -1083
9551 -2075
-5045 -9939
-2308 -7045
5981 -8639
-9911 -4433
-2156 -7718
-9325 -8041
-8961 -8414
4665 -3961
-5569 -6678
5665 2838
-7063 3289
5474 -1912
1948 4395
-824 -5680
-2101 -131
-5997 -7447
1827 8914
7011 -8943
-2643 1713
250 3078
6130 -5086
6921 6222
9949 9518
8543 695
-823 -3244
9266 -929
9915 -7183
3230 -857
-9839 4248
-2456 -4321
6936 2802
-8095 -2140
4486 -6238
6472 -9392
-9592 -502
6043 3883
7580 5413
-5663 8403
4454 8947
-4449 -2836
-6542 5005
-7568 6638
9231 -1796
1342 -3479
5107 4165
-2976 -4283
9014 5902
-5131 8791
4055 -7109
7573 -9811
3385 5282
-8090 1907
4178 -8771
8803 8489
9889 7721
8268 -3033
4261 3415
3239 -2630
-8297 -1302
4870 6530
9978 -9013
-3938 -3141
-5715 839
-8953 6006
6801 -3624
-952 9377
2876 -6016
-7298 4676
-3103 5995
-1757 9819
-7008 -7918
-3792 6590
5233 2213
5824 -5523
3355 8705
7012 -8016
8573 2793
-9707 -2874
-6687 3085
8347 -3519
-4922 6018
-5512 -4316
1816 9609
-3160 -8942
8513 -328
1220 -420
2588 2720
-3241 -9681
-5910 1999
5734 -7590
8305 -6752
4702 118
-264 4077
3143 -1369
-6787 6371
6916 -7261
-5485 1719
-9274 -7429
-1704 -5073
6193 3369
-9145 -8676
-4929 -5240
-5428 -3234
-3506 2756
-8742 -7530
7913 -5231
9498 -1423
-4663 231
-165 -7305
-2951 6042
4776 2448
7476 -1704
-5904 8827
-8709 -4451
-1748 8366
2066 -8348
-6146 -5150
-7731 241
4072 -2663
-1026 -9736
5512 6092
-7787 -3943
125 -6300
2300 -3758
-9232 5028
-3455 -818
-6691 -8098
8763 3866
-1330 131
-7717 4753
-8400 -8743
-9953 4877
-9549 7451
-291 -928
-2135 4353
7181 -1026
1796 -5727
9107 9811
5086 -9947
-3732 -1372
500 2883
-10012 563
-3097 -2079
-4375 -241
-10040 -9796
-3681 -7971
-496 -1747
-8910 -227
9004 -4663
-10073 6425
-8428 -101
6198 2678
1098 -5672
3350 4402
9157 8189
-3785 1658
-6415 370
9312 -9619
-6184 -8578
-6127 711
-4556 4720
-4846 7052
8906 -9762
-1667 -6570
9029 4756
-7403 9007
-2685 -9254
1697 -3217
9344 -4563
-8113 -7014
-1942 -1803
3946 -1326
1974 -5155
-842 7548
-4818 6718
-3937 -1390
5492 -4489
-6576 6954
-7500 425
1719 925
8757 5927
-1870 -9742
1014 4693
-8916 -2126
2685 -6486
-8597 -1952
-7575 2555
3741 8076
4755 348
-8727 -5129
-10018 -4295
-936 9020
9233 -4942
-2377 5608
-9849 -535
-1320 3224
1193 -6071
-484 6691
-4204 5202
-7882 -4325
-2515 -1913
-10094 5782
6888 -4977
7812 7088
-1506 3924
6497 -8692
4077 -1027
6652 -963
-893 6106
6796 6316
1213 -2415
1741 8786
9683 -9649
-8829 -6832
1310 5159
-5977 900
1661 -7550
-456 -2417
-1001 5302
-3310 5741
-5850 6789
2709 1188
-2867 -5944
2092 -5895
-7349 -7355
-8634 1575
300 -8983
-146 -4078
2776 -1130
-2314 -5287
-2185 1228
-1679 -8151
5455 -6373
-9648 9009
6527 4932
-7860 7450
-9245 -8586
3309 -4477
-131 -1740
7960 3022
9008 2981
8359 -3646
1237 7334
1989 7224
8760 -7679
4338 -4161
376 5448
1198 -8305
5185 4929
909 6019
-3920 1232
-6299 542
-1023 -6207
-997 2220
3024 -5186
-7908 2631
8130 621
-2549 -8585
249 2017
-1806 8472
7778 5616
7551 1970
6057 -498
340 8870
-4430 437
-9583 -7128
-5545 -9295
-6181 -1757
-6052 5726
6100 -4752
5286 4674
-3977 5471
2497 3684
4620 -1794
1521 -6356
-426 -1913
2264 4166
-9124 -2759
-2864 7164
2233 6370
8417 -1098
8092 -372
-6279 3898
-9433 -8001
2623 5499
3457 8280
3740 -1733
5515 -2334
-7266 -4283
1321 4378
-3272 -6594
-2429 -3869
2978 -6645
3914 3138
-9775 -8634
-5331 -2360
4891 -10031
-1874 -4373
8032 -6572
5090 1320
4455 -4937
9749 3972
-2406 -8319
7504 -7431
5794 -3531
-7862 -7908
1558 -6544
-3192 -8967
-5670 8975
-8006 7718
6274 -3268
-6107 3512
3040 -6774
8187 6913
-9823 1087
-6429 -3689
-2781 -9275
-4083 -9939
-1844 7393
-3949 -775
-9268 2976
-2075 -4485
-3186 -5653
-8317 707
-807 1354
-2098 1337
1022 -3564
-7161 -7562
-372 -6321
9596 -9894
-3234 -1677
8266 4350
-9751 9011
-3374 -9402
4182 -2128
6433 6991
-6808 1873
-6829 -10054
-1638 2380
580 -10013
6725 -1593
-8290 5165
7462 -6909
9399 -4760
9220 -7554
4002 -8401
-6440 5110
-6249 -2617
-1557 -4619
8573 3331
-9065 869
5995 9959
7822 -3949
-6960 -4734
7977 3829
-2820 -9098
3808 5476
-7586 -7590
7375 -6094
848 -2677
-813 -7427
-3496 3299
5921 -2213
3998 1996
-7559 5415
-6125 4225
3600 2975
-8870 -7182
8300 8129
6683 -1992
418 -8582
-133 9634
964 974
-5901 -9480
-2339 7988
5745 -2567
5023 -3410
-2977 -8106
-871 4075
3703 3516
-3746 -2101
-3579 -8299
3102 687
8253 8041
-6532 6589
2234 -8128
-467 -9537
4924 7999
2288 -7268
7102 3635
1173 -6789
-1402 932
9893 -1278
-2188 6598
-7659 1802
9656 -9599
6292 4273
2466 2730
-2328 2105
-4132 -703
5319 -4124
-6523 4063
-7324 -8027
5161 -1978
6523 -7817
5735 8316
-1032 8154
680 1535
-1753 -2055
1096 7471
3522 -2225
-5687 -8632
-631 2629
-9899 -6590
2072 -3416
-9298 -215
3332 2004
-8533 2512
-1827 -9755
7974 -123
238 -4397
5019 -3238
-7602 9740
4435 8878
4768 -6621
4781 -3642
-6024 -4512
-9513 4419
7691 7023
3668 -3379
-2048 -4314
3571 640
6738 9087
8036 -578
8777 5005
-5863 6259
-9709 4970
-5311 -5276
-1148 2123
2131 -6632
7055 -9443
7869 8682
6139 -2622
-6977 3917
1263 9126
-1256 3960
-2823 3346
2508 8280
-9522 -5320
3046 6582
-3976 2310
-6498 -8520
1715 -6721
-4294 -2966
9464 3091
-741 -2236
4697 9084
-2708 -5906
954 9428
-9098 -3936
-9024 -3384
-1063 7679
-1806 -10012
-1729 2499
-4552 -1389
6613 1797
2673 -8725
8545 -140
1050 -4458
-770 -4921
9437 4366
9611 -1530
-8247 -3002
6529 -8353
5771 3468
-9319 976
8974 7752
4201 2843
345 5346
-9001 3654
-4820 3771
-4832 8229
-2946 -6572
1084 2107
-1117 8495
-1296 -910
-3938 -2259
5825 -4805
-8045 -9076
-2408 3171
-5795 6761
-156 -5976
-890 -8799
-6992 -830
3665 5614
6234 -7354
