33 757
0 290017 705037 0 829576 134533 0 0 321007 0 0 0 779384 0 234871 470012 0 693203 979572 979900 511864 624405 161880 0 0 0 891135 547303 0 0 201788 0 857024
0 0 852073 207406 962042 383634 784650 340395 39246 0 525600 0 616 291702 866729 461789 0 628796 374789 0 0 0 0 626171 770601 941520 28054 0 0 353790 0 421218 888584
0 0 0 0 0 0 0 790009 261741 0 0 396115 992050 16037 0 0 544218 0 0 621325 147578 725454 0 0 634833 676752 0 248845 558694 221815 255338 0 0
667097 0 404177 0 874172 0 0 196231 517215 269572 0 207748 83785 0 513073 0 0 0 0 12044 0 575301 139746 0 0 800273 0 0 313460 165891 0 871580 720351
0 0 0 0 0 262759 776391 738805 0 501923 0 0 0 999043 79819 0 109551 642560 0 0 109496 706111 265923 713369 844411 0 147406 352299 453123 49820 576241 999273 566783
0 0 152054 0 0 0 312420 792126 0 0 23302 0 754056 0 785083 662557 0 0 0 0 261911 0 14631 61710 115198 566550 0 351025 768876 564826 0 0 111645
0 0 651217 160879 0 0 0 220386 41576 779899 894467 726357 0 469971 643623 419055 0 0 649749 276215 803427 0 361977 902824 406070 606616 226045 968439 727242 0 452330 0 561872
0 0 0 0 0 0 0 0 671006 0 248976 0 389404 0 0 493031 500798 0 92478 783742 453125 0 0 0 688273 0 430499 0 280876 0 0 0 540416
0 0 0 0 0 758923 0 0 0 440552 0 178200 0 0 0 425150 0 706939 68392 0 0 978622 0 517358 620846 0 43046 0 417098 911479 0 0 0
0 178610 0 0 0 0 0 0 0 0 640204 438453 206658 845714 45677 322483 698238 0 0 821252 413728 0 3722 0 973085 0 277702 0 3717 0 662158 139418 0
0 0 0 0 0 0 0 0 0 0 0 455824 0 733609 0 0 0 0 182155 0 0 0 723869 0 0 0 735303 110277 0 46569 0 400365 0
0 0 0 0 615873 0 0 0 0 0 0 0 0 0 412658 0 533782 0 541839 382004 349021 709708 0 0 0 0 0 0 0 281602 564555 0 0
0 0 0 0 598111 0 0 0 0 0 594359 195719 0 0 0 0 279746 0 273521 591960 0 468637 0 0 0 0 862680 0 334472 69141 908559 171450 916157
0 0 0 0 0 56726 0 0 0 0 0 0 552818 0 266970 150815 0 0 797911 0 0 0 716310 0 0 0 901273 0 386699 0 369633 857284 149433
0 0 0 0 0 0 0 25373 0 0 0 0 343575 0 0 239484 420202 251506 0 0 722833 276096 936894 0 0 0 412190 748449 0 948667 0 924481 0
0 0 878926 60966 476413 0 0 0 0 0 778899 0 0 0 0 0 746310 525076 0 948652 898254 828489 0 691860 165844 0 0 0 0 427990 0 0 125573
597133 210504 0 168455 0 547882 724396 0 0 0 0 0 0 692294 0 0 0 193789 0 666011 0 596935 0 666486 0 495353 412226 0 675423 314096 0 222531 0
0 0 0 276088 0 538049 0 341622 0 0 264356 0 13775 0 0 0 0 0 450094 0 679413 353004 273848 0 0 373979 364083 0 926993 99120 262329 0 298918
0 0 940850 155855 0 930873 0 0 0 0 0 0 0 0 114106 195678 922688 0 0 177740 0 0 0 0 253032 352999 376884 0 0 379654 498523 448136 611658
0 0 0 0 0 149006 0 0 0 0 0 0 0 0 818384 0 0 393858 0 0 540684 572239 0 0 0 0 121182 0 0 0 0 611157 576741
0 0 0 0 0 0 0 0 605691 0 137863 0 0 434722 0 0 0 0 0 0 0 987601 0 0 243104 25220 575672 0 0 0 748513 31076 0
0 121768 0 0 0 965406 0 718844 0 768259 0 0 0 0 0 0 0 0 315259 0 0 0 0 0 874149 98813 254725 991559 0 78625 118579 263574 0
0 7051 0 0 0 0 0 0 548015 0 0 986553 0 0 0 673151 0 0 0 581239 879814 959477 0 205921 0 392161 645499 491062 0 536724 789390 0 0
0 0 0 515526 0 0 0 0 0 0 0 569273 853302 0 335307 0 0 0 0 386200 0 0 0 0 864374 0 982277 0 0 80484 490311 0 883515
0 0 0 174987 0 0 0 0 0 0 0 0 386464 462312 996811 0 62128 768384 0 849141 0 0 0 0 0 868946 0 933596 0 746539 252376 118294 0
377121 0 0 0 35497 0 0 651720 151995 0 720752 820026 0 860961 0 311408 0 0 0 0 0 0 0 999260 0 0 0 228199 0 0 0 0 0
0 0 0 0 0 722973 0 0 0 0 0 0 0 0 0 0 0 0 0 0 0 0 0 0 328121 0 0 48753 64454 453613 492824 0 0
0 0 0 987290 0 0 0 396460 0 0 0 0 511823 0 0 142425 0 0 914430 0 0 0 0 716207 0 0 0 0 361639 0 0 954478 30671
0 183051 0 0 0 0 0 0 0 0 330609 0 0 0 0 0 0 0 0 379196 0 0 0 0 165367 668853 0 0 0 0 56661 811138 389706
0 0 0 0 0 0 378114 383224 0 252946 0 0 0 675879 0 0 0 0 0 292820 477328 0 0 0 0 0 0 0 0 0 0 861000 0
0 459870 0 0 0 37650 0 0 341947 0 0 0 0 0 319196 505808 111679 0 0 307637 0 0 0 0 0 341006 0 0 0 0 0 0 0
960258 0 67376 0 0 28913 773069 461004 476489 0 0 467296 0 0 0 27956 0 836854 0 0 0 0 0 116953 0 444045 627386 0 0 0 0 0 0
0 0 543685 0 0 0 0 0 0 0 0 0 0 0 548195 0 74744 0 0 0 0 746702 946457 0 0 999984 0 0 0 437713 236785 142659 0
