32 30
0 308219 0 0 0 0 142218 0 15172 415333 0 0 920524 0 0 0 342671 0 0 0 594703 0 0 0 643118 0 0 999683 678378 568188 0 0
0 0 864199 0 0 215810 330570 687014 882949 509091 0 403750 531257 98130 271456 0 0 0 459238 197348 0 0 214238 0 47222 0 0 902243 28525 945909 223033 518906
0 0 0 164902 166081 0 0 2029 0 0 0 408104 731220 903480 875959 0 93730 520224 897115 49657 765772 0 0 175724 862756 0 0 496066 823677 264077 329073 0
708073 0 0 0 0 712659 847516 691128 0 78353 613103 0 604606 0 0 0 156179 466829 701816 721044 883607 540522 142693 493845 901387 0 548293 241784 45001 0 206628 388999
377525 0 0 635357 0 834664 739794 0 750588 0 0 0 945604 249742 345859 0 95820 436128 0 595962 83780 0 982336 0 338517 924834 0 0 120614 720366 55486 0
0 0 68900 0 0 0 418940 0 0 622592 0 0 263045 829349 895463 567771 0 0 482794 918133 0 795038 873714 699447 0 64905 0 0 0 104000 950121 220675
0 0 584107 0 0 0 0 348724 0 56259 467495 0 0 0 425378 0 190505 0 242011 0 318918 0 0 556864 935925 0 0 945981 0 0 89167 185905
684396 0 0 0 423587 0 0 0 755525 981829 0 820791 654559 491093 0 642763 828056 994084 415593 0 563797 0 0 0 632836 0 0 39163 90229 74281 0 0
0 0 0 0 0 0 0 0 0 337725 310391 54789 0 850437 0 0 374063 661636 374399 0 989579 557207 0 0 0 942395 0 0 0 926016 0 0
0 0 0 0 0 0 0 0 0 0 770185 972004 805364 0 0 473043 0 313025 398848 0 72012 472274 32429 0 577142 0 0 284496 512650 786698 895241 826990
86865 521570 389816 0 839848 0 0 0 0 0 0 0 0 0 0 0 488408 744817 0 12864 241623 7261 454737 0 0 972811 848259 0 23805 873073 557831 0
261507 0 0 156142 0 0 16253 0 0 0 682644 0 0 888981 0 0 402038 896676 718861 851197 86262 0 579702 0 0 411800 354158 0 667520 0 0 261498
0 0 0 0 0 0 255081 0 394094 0 857259 381315 0 0 0 0 0 0 380235 389849 0 0 683257 936101 797818 979991 0 726231 358880 992303 178656 861041
0 0 0 0 0 0 0 0 0 525 0 0 953572 0 40628 648833 933179 90202 0 8494 655889 115549 0 0 824561 487262 640153 301303 0 183340 105578 0
0 0 0 169133 0 0 0 32108 0 0 0 0 0 0 0 0 345368 865541 463911 409645 639760 0 297378 596595 0 0 0 271870 0 0 0 215257
0 152714 0 0 0 0 45546 0 953076 0 540660 400651 0 0 32331 0 275156 653741 0 0 742122 0 966178 0 80312 292631 0 953732 0 0 0 0
0 472623 0 0 0 180391 0 0 0 199452 0 0 492661 0 0 0 0 258997 0 0 0 0 812224 0 453419 854722 981638 701638 300381 12588 236571 688474
100889 850334 0 0 0 684621 0 0 0 0 0 0 32287 0 0 0 0 0 911137 0 0 0 799321 60212 393595 443578 325255 0 886305 0 0 0
680039 0 0 0 360292 0 0 0 0 0 838460 0 0 147350 0 0 656178 0 0 0 0 951875 0 0 912407 338276 0 0 101853 415226 292708 0
0 0 0 0 0 0 0 0 0 319383 0 0 0 0 0 373416 879640 224235 531589 0 331441 0 999385 707291 984538 0 128863 0 0 0 0 997792
0 0 0 0 0 0 0 0 0 0 0 0 54541 0 0 0 0 0 705641 0 0 0 0 0 0 0 0 0 285377 0 796456 505735
0 583103 980846 0 0 0 869918 0 0 0 0 491833 0 0 0 284761 303554 889943 0 225154 0 0 151272 90163 0 0 58381 904290 0 0 0 0
321350 0 0 0 0 0 750044 169340 0 0 0 0 0 752115 0 0 0 0 0 0 0 0 0 0 0 337431 0 0 0 0 778398 0
0 464446 0 0 779234 0 0 0 827406 291740 558637 0 0 193780 0 623918 0 0 159886 0 0 0 342358 0 0 0 0 626139 0 0 158058 200357
0 0 0 0 0 362732 0 0 971412 0 301380 0 0 0 974410 0 0 0 0 0 0 0 642047 0 0 202504 0 0 0 0 0 589713
511491 0 0 244142 0 0 0 0 0 0 0 0 0 0 0 0 0 0 0 416283 0 0 0 0 0 0 0 556578 443347 0 481402 191116
0 448892 327213 0 703216 756417 0 150095 0 0 0 0 755049 0 820723 0 0 0 0 0 0 0 89978 0 0 0 0 0 313128 590896 0 273229
0 0 0 0 788414 0 0 0 0 0 0 0 0 0 0 0 0 901844 196300 0 0 0 0 0 0 0 682927 0 0 479033 206466 0
0 0 0 0 0 831317 0 0 953664 0 0 0 0 611714 0 420132 0 0 0 522123 0 0 146405 680512 0 0 0 643961 0 0 0 968288
0 0 0 0 0 0 0 0 0 0 0 973224 0 0 0 0 0 0 0 545936 0 0 0 675477 178645 325972 0 0 0 0 0 856109
0 0 0 0 0 0 0 0 463772 0 0 0 0 0 0 0 0 0 0 0 0 0 0 0 0 0 358868 0 633904 578672 0 0
0 0 0 0 700515 0 0 822001 0 0 0 0 0 0 0 0 0 0 0 0 0 0 0 0 0 0 0 0 0 0 944494 0
