41 191
0 0 0 0 159205 0 873562 694475 0 621160 0 706824 823271 0 978747 226904 838746 609774 0 850923 0 0 335719 0 0 0 426889 0 0 762450 507468 0 766323 64196 0 0 0 45505 243432 0 162070
0 0 0 69048 0 0 291341 0 0 0 0 0 434114 0 0 278059 638245 282060 0 817073 69344 627844 430925 0 0 644445 505257 0 0 0 0 0 0 0 324311 0 0 0 0 467995 390538
0 602757 0 710221 0 0 0 53577 9212 0 0 136416 462609 392582 295858 0 568526 417773 0 734991 0 285422 507863 235632 985549 0 502274 0 0 255344 415382 403176 0 0 704604 0 745381 0 0 492604 0
0 0 0 0 200487 747423 253257 0 0 0 0 0 977385 967497 932584 0 828225 353859 0 593573 0 0 0 954593 124374 0 0 989378 688673 361022 882009 0 0 221498 485164 589091 0 0 626924 0 102194
0 0 619402 0 0 0 947358 186229 0 0 0 385785 0 0 0 0 0 807381 0 0 885481 0 240151 499965 511635 648232 0 0 988876 251373 0 306977 0 636858 0 0 0 0 0 0 0
313447 497675 0 0 0 0 201229 0 174140 644130 0 0 0 0 0 0 0 0 666867 0 0 0 0 0 171338 0 0 0 0 6341 169449 0 706417 755141 0 0 0 39081 0 896911 0
0 0 0 0 0 0 0 301590 0 0 165810 811389 0 767184 0 11999 0 0 68050 0 122112 0 0 238987 0 0 983581 0 895680 716201 0 0 195172 0 0 984872 0 630190 0 64907 295101
0 0 0 0 0 0 0 0 871369 0 0 0 651748 128295 0 0 54616 0 574718 0 0 0 493088 0 852058 159395 99849 0 891616 0 366988 556473 606192 592930 829237 608850 0 0 867042 818548 691628
0 0 0 0 0 0 37731 0 0 61860 0 0 0 0 479616 684941 0 74740 0 0 0 0 0 0 0 0 0 610021 0 0 137217 0 523861 0 0 878100 647079 0 0 0 0
0 0 691378 324530 0 0 0 973017 0 0 0 914570 0 0 0 156332 612591 917360 582924 563670 369428 381450 0 0 302728 0 0 0 0 578464 0 907121 579031 0 0 0 0 624950 813501 429907 0
0 0 361008 0 0 0 0 0 742601 477699 0 0 695162 0 905969 449195 239072 898213 0 0 80335 0 835116 388229 44690 0 286229 0 724470 491587 0 133814 500877 723721 0 322117 148382 571576 924648 224587 833324
0 0 0 0 0 0 0 0 335840 0 0 0 226437 0 0 0 209364 0 876284 371490 488213 0 0 340324 659008 0 446252 674466 537953 395743 0 0 548079 0 320052 394690 399421 0 451774 722599 0
0 0 0 0 0 236474 34528 0 0 412385 0 0 0 731453 543057 926088 0 136581 0 0 0 0 338911 0 732162 163519 0 668034 857918 0 0 375597 60319 0 0 0 245187 0 6367 0 0
0 950032 0 0 851961 757554 0 0 848255 528046 456464 0 0 0 0 152729 0 0 0 597018 0 809304 317090 746135 796766 518045 750054 0 0 0 0 805504 0 178488 500774 0 0 412601 0 123265 0
0 0 0 0 0 943978 0 0 0 451966 0 0 0 0 0 480661 221303 907689 707795 585383 0 0 0 796913 304268 747286 440816 867116 0 0 0 368528 0 809986 0 0 83908 715782 829662 0 541924
0 0 0 516015 264434 0 0 706470 0 0 0 0 0 0 0 0 254776 711287 0 404101 500005 0 805942 0 0 0 194614 0 401546 210484 0 0 442045 819871 931476 0 78274 0 0 0 268756
0 0 0 0 0 0 0 0 0 0 0 0 0 843543 0 0 0 0 0 627730 333202 236904 436741 846988 0 0 965959 0 732902 0 0 191788 349986 726983 753715 365661 0 479410 936262 530845 0
0 0 0 0 0 0 0 0 0 0 0 450463 0 0 0 0 0 0 0 0 67074 593699 269484 641429 0 519035 0 0 82148 913585 782475 0 0 0 374492 0 0 702056 0 480415 0
837819 295937 602968 662800 0 0 0 0 101641 0 493215 0 0 0 0 269432 648048 638011 0 0 581415 0 0 897340 0 371105 0 0 227463 808139 0 0 0 948454 0 0 30158 0 0 944852 0
0 0 0 0 623990 122364 423041 234785 466658 0 210071 0 0 0 0 0 0 0 0 0 622438 927084 0 217626 963174 0 0 118129 1965 0 514579 0 0 0 0 253867 196071 922841 899785 0 290043
0 0 0 325581 0 0 0 0 0 0 0 0 0 0 0 0 0 0 0 0 0 0 0 0 457574 0 0 911545 613227 596297 755940 14353 0 0 957667 0 984288 0 0 0 112639
0 0 0 399000 791360 0 375354 112177 473844 0 0 90168 590208 0 0 0 0 0 0 0 318223 0 0 0 0 657999 0 0 0 0 244175 0 0 521492 0 0 389149 0 0 0 0
0 0 0 196858 0 0 0 0 0 0 0 0 0 0 0 0 0 0 0 0 0 891244 0 254547 551348 681781 0 0 0 0 647346 0 312321 205867 739161 163067 1871 0 0 28289 915959
0 513894 0 0 0 0 0 495258 0 363185 0 0 0 0 0 173805 0 0 0 0 0 686838 0 0 986998 0 0 0 421003 0 488269 158233 0 0 0 786801 0 907091 0 0 686125
457510 0 0 0 0 0 0 0 0 0 0 0 0 0 0 0 0 0 0 0 0 0 0 0 0 0 332554 0 0 556855 601336 0 0 0 0 612197 382687 598826 468634 362756 0
649573 0 0 0 0 0 117070 0 0 921698 0 746745 0 0 0 483085 751261 0 0 37380 0 0 0 0 0 0 0 980938 0 64872 0 0 363888 532986 0 957179 725440 0 826892 337808 189630
0 0 0 989858 0 0 0 0 0 0 0 0 462114 0 0 0 0 0 844857 24959 345723 203799 172678 328350 0 182113 0 0 835350 406767 648116 392094 640518 0 0 0 347731 0 909589 0 0
717454 0 833731 0 520954 0 0 0 0 329227 342839 0 0 374087 0 832283 0 970216 870561 0 0 0 545798 0 0 0 0 0 605273 470054 965523 0 861840 341717 0 0 0 942051 544319 0 0
960550 736827 973320 0 0 0 0 0 0 216138 0 0 0 36862 932619 0 0 0 0 0 0 0 0 0 0 0 0 0 0 751232 0 261814 94913 321207 0 0 0 0 0 183646 255506
0 0 0 0 0 0 0 357332 997399 0 0 0 0 73753 0 0 378477 0 0 728554 0 3312 0 563874 0 0 0 0 0 0 236937 317082 0 39279 0 712340 0 0 463523 0 840391
0 793920 0 0 0 0 320279 0 0 970310 938721 0 307521 0 376145 737089 0 0 0 0 0 0 0 0 0 0 0 0 0 0 0 0 0 0 961775 51344 582623 249558 303044 0 0
0 200757 0 0 0 0 167121 0 0 0 0 456142 0 0 0 0 0 0 0 484191 0 0 0 0 761877 645102 0 0 0 0 0 0 0 570446 0 23560 0 0 0 0 0
0 739498 0 0 42598 0 0 0 0 0 0 0 0 640172 441707 0 0 0 100679 892206 949364 0 0 998251 677197 0 0 0 0 293697 0 981086 0 114100 886460 0 318119 492511 274859 0 0
0 2043 0 0 0 0 0 0 952671 0 0 0 0 0 0 0 0 831590 0 0 0 0 0 0 0 0 816692 0 0 0 0 0 0 0 0 0 0 71689 0 0 326155
0 0 0 0 279799 772750 807993 0 707970 782415 0 0 0 0 210812 0 0 0 0 232541 0 0 0 0 0 738246 0 792216 617701 0 0 329180 0 0 0 0 0 931352 0 745813 151274
132643 0 0 0 0 634476 0 0 0 417071 0 0 0 0 0 0 0 0 636543 0 53407 0 0 0 0 0 697300 0 650612 0 0 0 348562 0 953283 0 0 782519 180437 919153 0
0 580336 0 0 0 0 416490 0 0 575802 0 0 0 547775 0 0 0 0 0 0 0 0 0 0 0 0 0 0 198489 0 0 0 0 0 0 0 0 0 970051 0 0
0 0 781683 957711 0 0 0 191224 0 0 0 0 0 0 0 862118 0 0 263175 0 0 0 0 0 0 92023 0 0 0 813332 0 73095 0 0 0 0 647785 0 0 10282 0
0 0 0 0 581966 0 560831 0 497231 0 0 0 0 327712 0 467426 0 0 0 0 0 331640 0 91475 0 0 0 0 0 0 0 0 0 0 214705 0 0 759614 0 446030 0
910850 0 0 0 881652 0 0 0 914056 0 0 0 0 0 882902 95454 0 0 0 0 732182 558286 0 0 0 0 440677 569422 0 936955 368652 639024 0 53956 0 0 0 0 0 0 535603
0 0 545898 0 0 0 0 0 0 751309 0 0 0 40874 0 0 501030 0 0 0 0 753489 0 0 0 0 590718 200829 0 0 812823 0 0 0 0 0 43363 0 0 0 0
