28 727
0 0 0 826975 373874 348896 0 0 167422 0 0 0 790291 596420 710271 0 0 265516 11564 607714 0 0 321217 0 351033 0 867124 751694
0 0 374496 0 0 0 0 0 0 260606 607762 332177 937355 648531 37376 729996 0 0 0 329893 0 275724 264603 812973 0 629077 0 0
0 0 0 401964 822538 0 284659 153752 0 0 168242 0 0 0 964231 936522 0 0 805563 403907 754011 0 42536 0 0 568274 548650 0
0 737532 0 0 271522 0 73877 0 637740 0 303541 0 526797 0 0 0 643240 335771 0 0 699834 0 0 0 7323 0 503873 0
0 0 0 0 0 175783 0 0 0 37949 314928 0 780191 0 0 0 816485 0 497862 0 238716 0 0 0 89162 0 0 875891
0 950371 0 923251 0 0 0 384067 0 0 0 487592 885543 521087 0 0 0 0 0 903992 0 530227 952057 954256 426836 0 0 0
0 0 0 0 563941 0 0 584796 972953 0 0 0 333240 821708 0 250716 157241 686221 0 0 0 890589 550718 0 0 0 0 0
0 569259 0 369538 386046 0 0 0 0 0 388351 0 0 35560 0 803643 726314 242573 0 0 0 0 0 0 0 0 3349 278074
0 406141 642218 0 0 0 0 781102 0 0 845838 0 928810 0 0 0 20916 441768 664060 0 396740 803816 0 19274 0 23927 657936 0
672422 0 0 0 0 864830 0 375069 0 0 0 721171 603269 0 14820 351188 8643 843890 503124 0 408988 647689 0 0 748819 137701 0 208559
979335 0 0 0 0 731650 0 0 0 366900 0 134905 0 0 0 0 0 896619 0 0 957709 72703 813054 883090 0 989689 0 0
455363 0 0 0 0 0 652614 0 0 0 0 0 0 0 46153 185608 0 0 780677 0 0 183094 339064 540277 767638 388612 742513 0
0 0 775603 0 0 0 0 809936 0 0 0 901875 0 844277 0 0 0 62074 530196 638578 0 0 0 0 285761 372615 0 0
0 0 0 0 29371 0 0 0 770746 0 0 410350 0 0 0 0 0 0 0 11614 0 835378 522008 627492 544850 489429 0 607254
0 0 0 0 0 178781 0 572802 0 0 546775 0 0 0 0 0 0 906713 200846 437157 976301 0 302332 0 466672 696516 0 0
625813 0 0 138146 0 328390 0 0 0 0 531911 0 0 414838 0 0 174067 0 614276 910007 921073 172451 0 0 0 609258 579038 364576
0 537621 0 0 0 0 0 0 0 0 0 938953 0 0 0 0 0 0 309647 0 0 827557 545058 679716 871951 933386 836068 0
0 270368 342993 0 0 788738 0 0 0 0 0 331362 0 0 0 0 0 0 414120 0 0 873129 0 74737 0 659811 42988 173218
0 0 0 52007 0 0 233585 160710 0 0 0 0 0 897796 0 0 0 0 0 0 0 309983 922289 949549 0 309294 392720 0
0 0 0 456037 802115 0 428458 0 0 0 185723 0 0 0 0 0 0 0 0 0 0 0 934956 0 868843 0 0 0
0 0 0 0 0 654597 810252 0 0 0 0 0 0 125151 0 0 0 0 0 0 0 634270 783969 0 126971 994421 0 15997
0 0 0 0 272113 0 0 678815 0 0 0 0 892596 0 41077 0 0 0 0 682693 0 0 0 0 0 0 0 0
0 0 0 0 0 0 0 0 941146 810405 0 0 0 0 0 0 0 0 0 0 0 29511 0 987441 685580 201307 304085 0
0 0 514137 650948 176874 0 12068 25593 0 0 0 0 664890 0 0 0 0 0 0 0 0 643999 0 0 431328 0 804423 457607
0 221241 581407 0 0 0 0 45322 0 0 126820 0 0 0 0 654997 0 0 83043 0 0 108594 0 0 0 540800 212224 409092
0 0 0 0 0 0 0 420397 0 0 0 0 0 0 0 0 0 0 0 0 0 0 0 464550 0 0 426485 281942
0 129271 0 0 0 802165 683166 0 0 0 45211 0 0 714742 179676 0 0 0 0 0 192360 738154 0 0 0 0 0 976584
0 870222 0 0 0 0 912528 0 0 0 848135 0 0 0 0 0 0 0 0 0 0 0 701440 0 0 0 0 0
