18 151
0 0 997020 372665 133651 366935 0 300563 347001 0 0 0 293967 0 434981 434252 0 1697
543270 0 0 866998 0 939515 0 232235 46920 753573 695415 538460 0 0 0 0 326391 114715
0 109757 0 0 0 78057 0 421443 901501 0 0 230230 778198 0 616201 0 0 0
0 0 0 0 827182 0 375742 785526 0 0 792351 733614 0 441078 0 0 0 0
0 0 818167 0 0 685860 8189 0 307194 0 261571 0 353492 425714 0 819469 0 0
0 0 0 333113 0 0 0 353210 0 16799 0 0 0 312305 0 0 962581 282014
0 626219 0 0 0 0 0 572145 0 501702 644295 724502 0 666402 85700 0 0 820391
0 0 0 0 205524 0 0 0 0 0 195258 828967 0 0 0 0 756629 115872
0 0 0 0 0 0 100575 0 0 0 0 180415 902560 107458 455133 0 419549 0
0 0 0 396515 0 0 0 550388 140787 0 695650 235257 143779 0 0 0 801520 0
192707 0 178185 0 0 606503 0 0 0 0 0 0 0 0 0 869536 217913 0
207747 0 0 0 0 905557 0 0 0 0 0 0 0 136369 587090 586058 453335 0
0 562563 0 149190 0 0 0 0 0 0 813847 329302 0 0 253361 0 0 0
370224 65733 0 0 0 0 0 690754 0 317611 0 0 975261 0 0 0 0 0
0 0 0 708783 635211 907439 0 681738 0 941635 638956 0 0 0 0 492653 0 394286
0 0 0 0 0 0 961205 314893 0 0 0 0 958385 0 0 0 144589 0
0 0 52291 0 0 0 344021 0 0 0 0 0 870921 0 0 0 0 526762
0 0 0 0 770309 0 0 0 0 0 867117 0 0 92929 0 866309 0 0
