41 243
0 0 306987 0 195395 0 401112 884416 0 144861 0 0 0 0 0 238793 0 275000 450814 577101 0 466862 0 704116 0 0 583692 0 676261 0 0 0 940623 0 0 974051 574907 0 131260 739333 229112
289828 0 162015 121853 0 945455 466127 611629 0 310809 526513 435736 940623 728693 843536 649465 254577 0 192609 320401 0 111893 0 881791 365988 849170 267501 0 74049 503673 512078 0 753330 0 552287 0 0 228506 0 374389 95838
0 0 0 590439 0 616814 0 0 236412 48571 0 131562 348488 0 811829 422751 852630 0 334397 0 664514 0 342891 0 0 243378 64214 0 0 522078 736987 442403 0 0 780890 0 0 45235 0 150184 715746
541917 0 0 0 166125 8051 0 0 0 0 0 941477 199279 0 783914 0 155211 267387 0 597089 730807 0 571445 938349 0 0 0 701757 941015 194656 0 838476 0 677532 287736 0 690396 0 764186 0 180172
0 42965 214974 0 0 0 0 208610 18969 513139 265846 378042 0 0 32809 695920 0 895210 516654 0 772424 685574 0 0 980979 0 0 455206 0 0 0 0 0 205830 0 0 845416 0 330860 63578 468994
553509 0 0 0 582400 0 530641 0 0 0 0 0 0 640587 730776 540630 768065 979625 0 0 0 0 558155 0 352235 169921 0 0 879252 108939 0 0 0 34143 659571 0 0 0 0 0 0
0 0 4626 0 0 0 0 407488 0 645312 747665 0 78118 504244 269504 0 0 49295 0 0 752991 0 849198 702603 873003 0 0 5613 566714 668528 308373 0 885377 0 155851 0 0 0 536044 165985 855376
0 0 752537 0 0 0 0 0 623221 206637 0 0 0 399478 696504 0 12851 0 379011 0 0 0 321839 0 0 456725 747942 0 0 302931 663113 0 111409 510224 293505 0 0 834729 0 623374 0
0 437503 0 0 0 501699 0 0 0 0 0 879124 0 0 0 0 161722 0 0 736634 0 968706 0 0 0 0 0 0 524512 371982 252675 0 0 110434 0 644827 830145 0 0 0 695995
0 0 0 0 0 54939 0 0 511827 0 530073 0 338252 23679 0 0 903022 625927 0 547868 0 319358 260997 0 0 806693 0 182918 0 0 188537 134494 0 274969 229989 117073 242670 273994 679586 0 202702
515014 0 0 335939 0 0 0 667695 613353 0 0 0 888838 0 456094 329577 0 0 501893 0 863174 935873 724118 958686 480318 736442 284994 837389 0 507642 0 0 0 0 169404 0 0 0 0 0 851755
0 0 0 0 0 0 0 0 0 323357 219789 0 180061 0 360632 0 0 426572 0 880645 0 0 783442 0 392865 388295 749393 141746 0 0 660819 0 450316 344258 508055 0 651607 477001 188133 925479 768542
740017 0 0 0 0 0 0 0 0 0 0 0 0 823817 563815 0 321835 97378 984881 0 792115 0 66728 0 581291 531954 431461 0 0 0 742040 0 256332 38428 0 0 658188 694930 234485 201230 819852
679093 0 0 0 271014 0 0 0 273901 0 582737 0 0 0 398601 343439 0 0 125694 653683 0 0 435398 0 0 921517 54816 0 0 0 853095 0 52520 0 0 342802 0 573093 0 875940 0
0 0 0 0 0 0 0 0 119795 85369 0 0 0 0 0 0 931977 451849 373993 0 553354 211075 405027 969670 87629 331068 0 240180 0 0 786263 0 123470 164533 0 963831 0 0 0 0 0
0 0 0 236161 0 0 0 32457 767039 0 0 0 589228 0 32544 0 750287 0 0 0 0 0 0 0 521521 0 327129 864247 0 337266 0 930758 777051 153104 0 0 0 102487 0 0 56419
0 0 0 0 0 0 0 0 0 0 0 0 0 534821 0 0 0 633124 0 167541 0 134566 0 271782 0 0 570953 0 0 398265 943916 764006 0 0 0 0 0 0 0 0 0
0 0 0 0 0 0 0 0 0 0 0 0 0 0 0 258123 0 0 701866 0 0 912335 961394 0 858842 0 0 0 0 728690 887283 682452 807050 0 0 0 0 848762 0 0 0
0 0 0 709843 0 878204 248229 0 99626 0 0 246538 0 0 0 582098 783782 0 0 754234 369344 455108 0 0 0 0 252337 789770 782376 629487 0 694198 202223 308539 338940 878504 372623 0 160710 496639 0
0 0 473564 0 351100 186648 0 0 0 0 875607 0 0 0 74 865867 0 0 0 0 0 0 0 0 0 123372 0 0 442353 0 146949 0 0 693989 615651 64485 0 0 0 0 0
965915 0 0 0 0 0 0 145575 321718 551646 0 0 0 0 0 442919 668159 0 0 0 0 858287 0 0 972318 415123 255627 179535 0 0 696277 0 466774 0 0 415529 0 755607 453780 966831 715217
0 0 0 0 0 0 0 538611 0 0 0 58175 187896 0 0 0 0 0 0 345954 0 0 0 700952 0 0 0 0 0 0 0 0 753999 923155 0 0 0 984261 969261 0 527976
82114 0 0 0 49733 0 0 0 76476 0 0 0 0 0 0 0 545861 0 0 540320 0 0 0 865576 495046 0 0 0 0 948113 0 361722 0 0 0 175087 0 113780 321817 0 0
0 0 861798 0 0 0 0 0 659887 0 0 0 0 0 0 506865 0 868695 0 0 0 0 0 0 0 972944 0 0 110360 0 599874 0 0 409054 917890 0 38814 213617 692138 113302 0
891861 0 794649 0 0 0 0 0 306357 328847 0 0 0 491471 0 0 0 0 0 856764 0 0 0 0 0 122841 853474 0 0 951814 0 491434 0 0 0 0 0 0 0 0 0
742391 0 0 159467 111958 0 342945 0 439467 0 0 0 0 0 0 0 0 0 754106 0 0 1687 932962 0 0 0 0 0 690106 45567 0 0 891676 527175 0 0 0 0 0 824449 759805
0 0 0 836613 757330 351127 650748 0 129930 0 0 0 0 0 0 0 0 0 0 0 0 404070 0 829568 0 0 0 0 124461 0 629300 0 723829 598430 0 73457 460161 0 767887 21972 304647
0 478743 42313 0 0 970670 0 0 0 0 0 0 0 0 0 0 0 699718 0 0 0 0 381659 0 101645 0 0 0 0 0 791572 661227 256491 159000 0 0 46831 620469 925336 0 986292
0 0 0 0 0 0 0 0 0 879444 313450 0 0 299291 0 0 0 875344 0 0 0 855051 0 0 0 0 0 20331 0 0 0 0 365093 435569 0 0 364100 73421 998503 561717 0
0 0 0 0 0 0 0 0 0 514395 0 0 0 0 0 0 0 0 0 703818 668713 491912 0 601659 0 0 0 646214 713730 0 994188 0 0 595940 0 0 544480 7659 0 555099 875081
0 0 0 205973 155104 0 0 0 0 0 156596 0 0 0 0 0 0 0 0 0 0 891491 384378 0 82982 0 0 0 0 0 0 0 0 273148 92288 534931 0 0 106664 359180 0
15783 0 0 0 124515 0 0 0 603526 0 394909 783087 0 0 460751 0 0 0 0 76991 0 0 0 994900 0 0 833438 0 0 126523 0 0 687820 155471 0 0 0 402403 246234 0 667535
0 0 0 821165 0 0 0 0 0 0 0 0 0 0 0 0 233209 0 0 443997 0 0 201969 0 770041 0 0 0 0 0 0 0 0 0 0 473188 0 682673 755565 565387 605756
942328 484712 971632 0 0 0 0 0 0 0 986154 0 0 0 0 0 0 0 0 0 776952 0 635456 0 0 0 0 0 0 0 0 0 634073 0 0 0 0 118717 539793 424418 0
0 0 0 0 272765 0 0 0 480601 0 0 0 290723 0 0 401941 176174 0 0 0 941775 0 0 0 89806 676762 911952 0 0 0 0 0 0 0 0 0 274430 22934 0 0 0
0 0 0 0 597050 89233 319987 985119 0 0 0 561972 570952 0 0 0 0 855177 0 0 0 0 0 955963 0 0 0 0 0 335561 0 0 0 0 746516 0 0 26107 308559 0 0
0 0 0 0 0 324688 0 654079 0 0 0 0 0 25971 372676 0 496490 317679 0 0 353984 628779 0 0 0 0 0 0 0 0 0 0 782072 0 0 379959 0 0 984086 781986 0
0 0 0 164558 587752 386176 206334 0 552754 0 344022 0 0 0 126972 0 0 0 948810 846929 0 0 0 0 0 0 711493 0 0 0 0 0 0 0 0 0 0 0 0 0 587259
0 615954 523914 0 0 0 0 942022 334084 0 0 0 0 112190 525710 0 0 0 0 0 0 0 0 0 0 0 0 0 0 0 0 0 0 0 0 0 0 0 0 0 0
0 0 0 0 0 390923 0 0 0 611219 0 0 0 0 34713 752734 0 844795 0 807477 0 0 29294 0 4889 0 0 483745 0 0 0 0 0 0 0 259599 0 0 0 0 0
0 0 0 0 0 0 0 0 0 0 0 0 0 0 0 0 0 0 0 296661 0 0 734929 0 439970 0 0 0 0 0 0 0 0 887915 164854 0 590844 0 525558 0 0
