19 229
0 0 0 212331 269894 0 298217 914915 326992 0 0 483744 0 441126 0 0 511385 0 903721
0 0 0 0 0 42994 0 0 153086 0 0 0 559801 0 690709 18787 695062 153975 405981
0 0 0 0 0 0 0 752983 944644 0 136311 580212 215381 4337 0 0 0 0 995803
0 208588 247643 0 360852 380741 0 0 992920 0 191315 0 3371 693103 422229 520045 0 0 0
0 855832 0 0 0 0 0 49514 0 0 906601 719207 0 851927 0 963845 423778 0 0
0 0 126292 0 800495 0 0 0 0 0 0 0 274849 570009 0 372107 949915 712180 899228
0 574169 0 0 0 660019 0 0 424211 0 54690 0 0 0 549746 0 384490 617485 513138
0 0 0 0 0 0 0 0 0 0 698434 0 0 787081 152721 859852 0 959053 0
0 0 0 0 999154 0 0 555350 0 0 0 887326 0 0 0 555949 153267 281907 777931
1928 924371 0 0 57840 47939 0 0 0 0 0 903245 0 889644 0 0 693442 26308 0
719491 0 0 0 0 288434 0 0 816760 998685 0 0 0 140291 193964 0 0 950037 757198
0 385315 0 0 0 434882 476794 0 0 0 428371 0 0 0 272961 0 958137 0 0
900425 0 0 0 0 0 0 312450 0 33336 0 256254 0 0 0 451708 188071 915078 685181
0 0 0 0 0 0 0 0 260279 0 0 0 0 0 44304 976198 0 0 503000
721269 0 956186 0 429695 0 0 0 0 0 0 0 0 0 0 339495 0 274307 604812
132639 0 0 0 0 0 882226 0 0 0 0 0 0 0 0 0 303073 0 0
0 0 0 517863 0 0 0 0 0 0 0 0 0 0 0 0 0 538783 0
980231 0 807939 656051 0 0 0 0 0 0 0 470297 0 501640 0 775864 0 0 0
0 0 0 0 0 0 0 741488 0 183484 0 0 0 0 0 297745 102784 936751 0
