28 858
0 0 0 0 408614 48327 872291 0 96462 0 8077 884502 0 0 211300 327843 546765 786796 35895 0 0 0 693707 0 483890 691808 477811 0
0 0 0 0 0 0 600198 0 0 0 78002 0 419023 0 0 936008 210847 669780 0 0 457435 0 0 304758 60572 0 0 0
0 649545 0 0 997983 207329 0 916500 839696 0 488070 0 947118 0 875399 980155 0 316858 0 0 709290 107799 538601 0 129674 491669 0 0
0 272288 0 0 122602 943150 0 850677 0 0 69793 126393 110875 0 454620 0 717725 932896 45106 118997 192646 199419 0 876044 0 68296 0 547361
0 590581 0 0 0 457295 903573 789285 0 329533 836486 0 0 0 707130 0 775156 0 896468 247030 0 0 0 557877 400919 0 536011 0
0 80695 0 0 0 0 524672 0 0 0 337718 0 587310 0 0 0 0 0 0 333395 0 0 0 400961 431327 0 2206 0
0 0 0 988596 0 0 0 0 583458 633186 690059 779047 0 0 0 83451 921707 709616 280949 143753 787383 0 952776 235871 0 0 0 0
0 0 0 0 0 251955 0 0 375832 0 223288 876361 879015 787122 0 992526 841035 876814 143964 443493 85372 0 165211 0 0 574378 0 0
0 585614 0 0 0 832339 0 0 0 0 0 0 0 0 321197 0 71468 903298 0 0 898999 266061 0 0 978280 662697 0 289262
0 0 0 0 0 576161 0 0 0 0 0 0 684134 0 263224 91305 0 0 578763 0 870475 80214 767250 0 826820 0 0 0
0 0 0 0 0 0 0 0 0 0 0 923026 0 0 396722 24102 466490 0 652196 528072 80245 0 0 518812 0 0 643538 198820
0 874294 0 0 0 904379 0 0 0 0 0 0 600898 437052 15111 0 0 0 281127 0 816388 0 33367 0 412690 851944 0 0
0 0 0 0 0 0 0 0 227738 0 0 0 0 815028 730184 0 0 82916 126669 0 0 293671 0 515046 0 155025 561714 711261
242715 0 0 0 272493 321562 399763 0 0 457921 46999 0 0 0 469899 389574 59287 222236 0 412960 0 218850 0 808610 992625 423450 370882 560534
0 0 0 0 0 0 777021 61295 0 0 0 0 0 0 0 0 722231 0 785468 377669 611477 0 0 846270 342777 0 365306 0
0 0 0 133399 0 700369 0 0 993759 0 0 0 0 0 0 0 834998 0 0 708777 0 0 0 933464 57428 90369 0 0
0 0 559136 0 0 0 0 0 0 983462 0 0 238616 0 0 0 0 0 0 253977 0 457926 0 915289 0 165197 293623 0
0 0 0 0 829727 0 0 0 0 0 0 0 0 0 0 0 746182 0 0 162684 0 278469 947107 0 0 1935 581537 517123
0 691607 0 0 0 32265 0 0 0 0 0 0 0 49039 0 0 0 0 0 0 926596 517037 32669 0 855992 446733 0 532022
142303 0 0 0 0 0 0 0 767493 634365 0 0 664176 0 0 0 0 0 0 0 0 751126 0 0 0 255465 0 0
640854 0 0 0 0 0 0 0 0 0 0 0 0 794791 0 0 633526 0 0 0 0 0 889578 339359 0 679899 62462 35093
453137 0 0 0 0 313439 639826 869865 0 0 140906 984664 0 0 414765 941730 0 0 0 0 0 0 0 0 0 636991 459531 0
0 0 0 404981 0 120285 0 0 391844 0 35105 0 0 0 0 0 0 0 0 865875 0 865599 0 64729 371122 289881 0 0
952164 0 0 0 0 0 0 276882 447504 25234 0 769329 0 0 0 0 0 0 0 907112 0 855833 0 0 487325 172433 90806 87542
0 0 0 812951 0 0 0 0 0 0 475189 0 0 0 0 0 0 0 0 619128 0 0 0 0 0 0 900445 335340
0 0 0 0 0 0 974205 0 0 0 0 0 0 0 7653 0 0 0 0 0 0 0 0 0 22530 0 0 70306
0 191470 627540 244845 0 0 357740 547952 17907 0 0 0 0 0 0 0 0 0 809734 0 0 0 0 0 0 0 0 516368
0 0 0 0 604082 511659 683048 361921 0 0 0 659958 0 0 0 0 0 0 0 233323 0 0 0 0 0 0 0 0
