1533 2801
1383 385
157 530
108 1024
1117 1520
703 637
259 1084
1510 34
331 506
773 549
206 576
127 1249
1371 973
1125 687
1100 604
1498 248
1162 453
884 16
944 1339
108 910
698 1517
213 1124
842 289
94 415
380 1381
675 976
1305 1180
1467 1190
334 705
1293 1487
1457 703
1277 1319
330 1236
598 1122
1382 1096
1201 309
471 261
1244 221
291 681
31 1262
1304 274
862 298
7 555
18 366
46 66
1271 6
145 327
848 463
17 10
562 1303
693 269
1305 286
215 181
1098 509
1312 1251
290 851
787 400
857 1296
806 1043
1330 827
360 1053
1383 193
759 1220
255 1146
286 1485
230 199
1020 908
1172 792
838 1521
451 383
652 620
414 907
1203 272
1185 534
41 1151
645 961
712 339
1301 1480
34 1310
655 793
314 698
1310 1311
737 1036
891 160
1314 998
1366 1042
94 1463
1055 200
542 1081
1527 1085
1194 485
963 1252
584 333
24 108
1029 711
264 1345
62 13
1192 385
653 1099
80 14
753 398
474 449
218 1467
9 1045
1412 1425
1004 1307
459 1061
531 462
1024 581
571 1024
1064 1130
195 375
28 572
700 477
685 1066
922 1347
1284 1293
1236 1337
568 1454
766 436
1350 500
791 1004
355 169
24 1453
1314 219
615 418
1142 683
816 744
778 41
1419 1122
238 227
1267 1365
141 772
890 943
646 698
657 762
616 931
1361 775
615 1292
946 1170
1035 721
908 527
245 189
798 349
1024 55
1395 1027
261 329
1108 1422
1375 1187
696 170
1090 358
133 809
861 1504
671 213
3 1415
906 832
615 227
174 1022
555 452
1078 276
307 258
186 1002
1261 895
357 530
949 736
883 863
760 415
1461 1080
1005 1438
380 404
550 405
346 1482
614 925
1145 929
165 52
708 1202
23 1102
942 1205
771 1204
670 866
78 180
1469 752
903 181
1028 345
1418 871
1215 279
1199 7
902 1244
1043 213
1505 1044
1176 1078
599 1204
597 853
407 919
215 1343
1494 1118
33 1458
653 940
498 169
680 807
49 107
695 563
297 211
6 820
525 26
1191 1486
1479 294
573 997
484 1434
728 30
489 1372
1134 1037
1263 1251
1422 609
769 579
875 673
670 1228
1428 496
1064 274
838 1203
388 969
5 1351
979 1509
837 1169
258 259
63 343
537 107
92 804
39 285
718 1147
232 301
1352 654
164 1420
452 486
773 1006
1026 328
1081 614
1189 380
1515 45
352 611
239 388
1507 906
1024 654
1248 407
650 365
754 744
1494 12
792 1060
936 814
240 1
1378 1427
1348 84
577 1227
292 585
1528 1271
548 104
1011 1354
540 107
781 1001
1025 1265
1018 1313
1065 511
487 288
366 677
636 83
865 104
1506 1155
264 1419
297 424
1383 304
885 1430
324 1394
250 669
1396 1300
914 741
744 1213
1099 647
919 685
216 609
1143 615
1207 1133
75 1017
1265 149
938 123
758 470
55 1005
1020 1195
1128 1124
770 194
275 1136
1494 1376
482 1210
1053 815
1439 788
369 1139
796 1080
554 669
599 169
732 1155
1493 1523
1244 1067
961 915
1400 1345
352 232
511 428
527 1457
880 284
584 909
1360 1319
72 1417
83 796
590 857
865 230
1401 420
439 1364
300 1488
799 1022
1192 290
449 36
1139 966
365 1338
682 646
946 883
1080 829
750 257
1292 935
198 61
799 165
554 701
620 547
1275 527
1411 631
790 890
991 1334
554 356
1107 984
686 1364
1315 43
511 985
247 1087
673 1442
636 303
1181 1183
843 234
941 753
1487 1042
1116 1344
194 687
657 19
1202 673
100 1420
1461 730
691 283
140 462
1006 451
1089 45
1124 677
1304 475
50 859
745 1128
433 119
307 799
705 1350
304 1015
216 1339
982 1112
264 990
13 623
1409 910
46 939
1158 417
33 1239
709 1066
126 1126
991 714
32 314
621 87
236 816
1124 1517
221 1047
1363 291
223 1195
1048 323
1276 364
829 1253
998 555
885 1254
1334 923
460 1407
1341 1089
250 1010
428 831
778 1260
1269 995
745 728
1298 1476
1020 903
1222 738
708 802
549 1220
1263 1361
292 1201
10 1307
1528 87
796 1357
1372 848
1151 1046
69 180
1072 1028
1459 1465
1301 1381
758 747
287 250
1072 258
187 160
367 280
1252 191
517 339
1399 116
534 821
353 652
368 899
1424 555
1090 1126
649 45
465 308
467 908
69 1261
1287 918
365 953
414 325
118 1140
639 1515
448 1472
1248 1262
1266 484
1040 693
637 775
316 659
1056 1162
1494 361
764 168
307 452
1281 396
1302 720
499 1122
905 769
1072 899
1497 29
295 334
1280 293
1161 380
496 1280
569 13
1525 834
937 1293
283 639
609 340
167 1145
451 1382
184 63
1440 1271
1434 225
859 392
1279 1175
566 47
905 975
277 38
1073 1336
1026 331
279 271
902 1252
1285 512
1227 1431
365 440
1166 1252
402 412
409 155
1474 1293
351 115
756 1274
971 896
990 192
263 293
93 211
142 486
1410 666
1448 1144
1250 1015
1208 148
47 281
1058 1363
439 577
644 1421
639 1090
559 1139
1441 1099
595 244
1490 156
448 686
76 514
54 1115
1 993
1062 824
243 1270
1305 490
43 524
625 1466
1386 1242
200 25
581 410
1107 1153
1178 967
1328 1318
959 533
1379 597
1435 1327
1468 675
363 753
1282 1108
1033 1071
311 552
1140 368
1235 106
1076 1334
31 1239
519 1132
1473 1101
62 681
54 1380
78 57
1161 771
730 616
1494 1270
607 40
3 135
852 154
136 764
1118 554
526 506
505 186
1299 461
1069 145
972 242
868 679
108 597
1458 332
257 1491
37 282
1344 213
1170 1280
466 1284
826 915
432 1342
429 405
932 280
1399 1504
407 214
556 552
164 314
572 29
273 1036
286 1493
283 1053
932 299
436 427
1453 174
880 1429
1127 492
946 919
1187 467
240 503
154 1287
1213 1095
678 94
706 278
841 1202
234 921
919 646
402 455
226 560
5 1261
1068 1499
43 1289
546 1343
846 86
1023 1020
1518 1169
722 903
1289 752
368 1213
806 306
110 1345
853 1208
593 1410
924 109
1240 806
1166 788
1095 1385
1093 560
426 87
1184 788
984 448
103 392
1276 768
934 565
538 1201
873 341
319 50
548 855
297 123
100 899
1115 1288
1260 284
1115 391
1214 399
1410 773
332 221
134 234
1083 1033
1190 736
1366 528
412 1480
819 994
1288 1122
29 648
1508 690
1071 608
1083 1401
1214 188
865 331
780 579
1310 89
502 198
1145 1103
440 107
762 1248
808 29
1076 914
1128 1068
583 8
648 1102
204 116
905 1487
329 1136
701 804
1331 517
1314 1402
751 1386
328 224
1081 109
363 1434
602 683
1102 1444
360 1333
579 878
348 1022
951 249
1415 623
1350 538
181 596
883 499
1473 1334
978 119
1342 615
894 515
1185 809
8 734
221 379
1023 326
60 1197
373 1083
1499 267
342 363
709 242
1096 569
830 395
367 806
221 1377
225 586
92 558
1466 145
44 1255
54 541
525 529
519 404
1188 40
46 1472
235 304
191 1092
144 1481
734 438
256 1150
868 673
156 1082
1301 474
1189 902
1189 1173
1386 1507
714 220
509 279
1301 497
936 392
1459 784
126 234
1359 926
1441 134
918 939
901 104
164 1433
1332 13
1451 701
1311 195
700 1054
759 534
44 423
1391 705
746 502
387 1269
748 1521
870 1228
1330 985
1114 262
1413 1480
771 1521
1463 1125
393 984
518 395
1069 726
751 414
579 1082
1175 592
466 1158
401 991
1114 1318
713 820
1022 1126
610 1172
1016 958
871 539
1144 210
510 830
517 222
342 695
229 212
1270 1042
1284 1126
948 1265
1141 1515
522 1236
1111 1248
373 80
133 328
1018 141
1190 42
1116 724
174 1185
527 406
724 434
857 67
1421 938
159 1231
748 906
1336 581
362 1257
285 965
870 173
610 1252
335 745
1290 1400
775 78
287 963
642 407
632 1337
45 154
900 1347
731 696
45 685
1204 1266
1496 618
133 716
101 1468
203 1214
1034 1225
1182 771
298 548
1428 502
810 1206
1188 670
1529 1353
1013 1062
207 39
1088 691
445 1494
866 654
1328 940
475 281
1477 548
1108 1445
675 640
1044 1242
186 1299
304 663
773 207
276 1135
618 945
650 562
759 293
1107 815
279 1241
152 1256
1039 302
1050 260
1411 1324
1440 103
226 367
868 395
594 1201
1429 680
754 1260
405 448
999 1285
1039 206
1394 201
1179 48
614 1188
754 420
991 539
1509 81
268 201
1150 1347
463 1114
1404 490
713 97
1359 1470
624 236
1245 142
315 487
1117 847
976 1080
1306 1424
893 471
396 1418
1007 184
1413 314
1094 773
1328 539
864 93
652 744
371 754
1357 579
536 1265
574 1219
82 728
1332 953
569 545
312 275
373 257
972 879
501 373
454 869
996 1345
1059 443
781 1347
434 1406
950 1477
1105 991
560 150
495 920
960 139
506 476
664 1430
711 514
1389 1126
553 639
257 1194
693 47
391 1280
414 540
907 197
254 415
121 485
388 827
58 1088
1036 157
1168 1366
195 788
1238 753
1527 1313
1443 29
737 852
764 943
1433 450
1409 808
1197 22
1303 359
90 575
198 703
1284 200
1109 783
1517 258
229 1069
390 399
277 1241
456 1330
240 596
111 137
728 712
324 945
67 262
1511 495
1120 1449
587 173
202 1022
79 1224
1087 17
231 319
1318 532
602 639
1254 1461
1330 196
1350 926
1341 1034
1381 157
330 86
1372 1055
448 846
423 815
627 663
1361 144
1427 1120
508 1109
71 152
447 866
440 1374
819 175
694 223
744 1390
872 1509
711 1127
1312 916
1076 1345
622 1023
803 624
885 438
1150 112
1357 431
499 740
1445 1210
986 969
64 162
639 380
228 333
1426 748
976 8
632 1472
261 687
515 632
410 556
1470 489
1260 590
48 14
813 1354
308 1185
1093 984
549 823
26 279
1022 936
831 886
1291 287
1248 1271
524 166
52 744
38 657
376 1352
1080 1530
76 724
1012 625
201 678
575 148
1052 78
676 699
38 722
1349 1149
1514 1227
994 126
808 1060
1088 1511
779 508
790 1360
1473 685
1328 671
50 212
771 177
472 390
277 63
803 1290
1297 1334
572 731
1126 224
412 1072
1286 365
1322 1195
1365 1438
1196 226
1091 742
1025 178
456 821
642 217
287 113
983 235
1259 1014
811 848
1454 218
993 1139
314 1289
749 74
901 347
1317 21
321 338
42 1085
19 715
1484 401
749 713
775 340
468 967
474 1195
389 392
614 1503
763 1490
1003 1226
614 1283
860 336
451 82
1145 813
1282 1248
369 1494
711 855
1109 1198
766 1005
1250 779
716 1421
1400 685
615 699
727 108
475 55
533 1169
482 602
477 1432
1172 1023
104 260
134 266
436 1274
82 1155
1004 475
611 1340
524 1119
1080 1521
419 688
303 601
480 777
1105 728
29 83
910 760
739 1494
318 827
1224 66
1242 1173
458 95
538 601
1226 725
697 408
105 1424
1098 1217
1245 953
1526 1280
734 97
1342 1338
1188 912
200 1313
690 397
492 479
37 1020
409 775
942 664
485 416
1462 642
567 1233
617 635
1296 1103
1355 83
845 54
514 218
1527 852
1390 467
74 650
100 1475
864 529
1410 979
546 459
1017 1124
321 1130
1077 815
128 549
354 289
225 532
1152 1011
386 1399
1107 843
886 1261
1420 586
206 1169
1305 1500
1076 681
955 1179
74 934
241 832
925 1343
138 432
1316 308
883 935
1438 427
1115 935
451 1457
441 604
341 560
740 608
646 886
1278 30
979 1186
744 179
1342 473
1307 1523
666 514
239 1506
389 1207
1244 819
1197 1023
39 1490
828 706
45 385
513 1340
896 3
1228 261
1316 1328
1368 1417
126 354
1224 960
896 445
1442 1249
175 623
733 448
1403 479
1310 1047
807 1232
215 1192
240 127
1322 126
1160 713
730 1005
1526 726
1359 957
15 229
472 100
1411 673
447 994
1276 1276
861 156
864 23
207 693
633 789
1517 405
1343 1212
238 802
674 476
169 707
150 883
26 651
1309 100
293 61
117 1274
502 46
844 605
817 44
310 180
39 951
756 45
832 895
623 278
1462 359
550 919
1284 903
12 1279
1249 714
616 54
1191 264
1184 1062
116 1417
1335 1369
262 420
603 711
1081 374
1142 757
183 583
593 1307
715 306
1262 8
1006 1240
58 1354
1341 1429
390 968
1446 990
53 115
640 988
492 1242
152 876
161 1443
1508 1163
1314 779
1496 876
1067 936
321 1226
944 1097
865 998
64 174
887 187
324 695
1403 831
1388 1473
667 340
931 730
1517 361
343 1304
1353 1441
370 277
1228 690
647 520
1416 1446
290 441
313 983
1211 687
319 512
1133 1133
160 823
206 964
958 422
1099 1255
880 88
100 1495
474 351
1314 1137
983 1000
1372 716
70 358
608 310
846 1472
858 777
336 939
425 891
227 1519
128 787
1266 1231
28 1405
129 475
211 967
319 583
1151 969
421 1004
329 352
670 1251
367 136
671 673
45 645
346 1487
1306 524
512 36
471 871
1356 1155
1434 636
1187 648
722 164
1248 1315
539 808
599 158
192 755
1070 312
228 1145
124 879
211 106
794 429
988 1268
626 402
832 268
329 239
1386 1027
971 123
946 1330
14 1187
195 23
1156 1151
862 1381
449 999
1255 808
718 285
830 220
227 1105
418 499
182 1465
468 798
1258 500
716 1332
338 748
773 107
112 1177
157 815
647 1439
935 1405
1112 45
1373 916
527 59
960 186
825 862
50 402
44 894
238 1241
711 103
86 1250
670 1435
1462 87
990 1264
359 75
770 297
928 1124
756 703
576 831
114 931
84 43
719 1258
1285 1208
215 1070
488 1029
1490 14
743 1499
1292 957
618 1115
870 339
428 1224
731 566
186 334
1195 385
176 606
401 1331
1439 328
412 1424
1278 104
287 299
325 789
67 1469
734 1034
617 193
409 751
1081 644
242 519
542 197
525 485
244 750
364 852
1434 160
819 303
389 104
835 420
1488 1077
585 998
1298 725
326 1265
172 1042
285 1087
234 1366
624 623
909 825
1444 464
409 621
1498 1473
1065 827
1512 1055
289 327
1070 273
328 961
1009 735
474 1346
1369 1200
995 1086
1528 292
552 1528
1115 842
84 1321
115 1300
446 198
574 853
653 1490
256 316
176 1113
1250 565
861 567
24 1532
877 396
1192 1268
1290 218
604 163
328 251
917 1051
1214 793
1259 1084
253 780
508 1219
1519 355
1023 1352
505 1507
894 822
357 93
858 539
244 1317
512 1090
1261 940
341 1230
637 325
77 582
327 449
1088 146
473 1209
228 850
1194 1110
722 148
680 598
488 628
431 1232
421 577
529 1101
1228 1282
1160 272
1520 679
136 811
818 258
672 915
1013 678
470 364
1281 989
1452 1042
772 415
437 677
1304 168
1207 1208
291 1366
1232 267
895 308
1335 869
415 1317
1013 617
259 1309
1507 159
218 689
1316 1220
1214 1134
1372 1133
1320 958
1107 55
884 655
444 437
1128 1452
353 302
979 922
570 426
383 1361
96 499
801 301
1514 601
360 434
122 209
1094 1511
470 799
830 455
842 1424
323 326
842 591
1132 141
283 1391
1109 450
1024 775
351 1493
698 467
1090 436
658 1403
543 439
1395 1529
1287 393
844 1482
353 1253
169 680
13 1154
1285 1192
982 119
395 1030
652 1392
1306 1492
60 748
462 302
1139 330
434 1113
1395 1361
956 366
1488 230
419 398
857 428
635 1449
1168 724
950 1316
1115 737
685 396
311 738
705 841
779 1136
479 709
1297 838
1360 177
716 579
258 502
1011 1008
439 1378
725 270
41 926
312 1058
531 1220
1381 126
846 12
465 83
270 194
21 518
653 250
439 1094
1492 157
1109 723
307 1511
201 742
1136 1489
1513 441
451 929
1417 1166
1008 217
117 1391
91 98
580 206
146 1518
231 879
865 95
1503 669
1484 95
209 1373
1399 1174
431 1164
345 1455
170 867
239 814
1414 701
1146 314
297 1430
640 804
881 969
1042 1004
299 1267
1277 50
1210 382
791 1402
713 831
525 686
1249 659
1221 1491
724 1073
401 1089
698 803
689 14
777 312
1331 139
8 1019
1332 1009
1491 467
1378 1402
1072 894
475 1328
953 1285
590 884
756 549
970 626
746 138
1506 957
640 1239
222 640
600 1425
734 405
682 458
1407 1239
1320 1305
440 1323
1094 524
311 1423
82 1425
945 1459
1231 1063
898 736
196 615
1125 330
138 1160
1086 1243
1432 416
930 491
10 1491
1117 1422
307 1068
59 1474
205 636
1346 1509
298 600
897 1349
587 112
628 278
531 952
242 663
109 509
1415 849
876 217
145 882
1444 980
818 1350
754 1040
298 1504
79 264
272 164
1490 247
1154 1014
394 1060
1279 974
1131 1023
563 870
1314 874
49 78
829 630
420 200
1511 382
212 1052
534 1531
1508 1000
829 714
500 1464
1306 956
83 906
1213 1268
488 66
646 98
27 1200
601 193
545 424
671 1107
692 81
1511 1410
1175 340
1414 261
326 229
1484 221
207 213
922 831
1087 719
744 548
64 709
509 1063
538 821
640 370
1491 316
1295 130
493 919
109 672
1375 76
131 238
937 85
579 1070
624 1016
1180 1368
466 1018
704 407
229 596
952 759
859 235
495 548
501 2
144 557
1142 1164
356 808
990 320
1038 8
1298 1399
1140 349
1070 950
74 258
1249 475
704 1403
1030 1447
1206 1331
539 1435
511 648
1063 1350
678 924
549 168
535 38
115 1057
1351 58
998 1394
1324 643
1441 137
1486 325
1425 601
818 1399
910 294
1493 687
159 197
868 404
1082 520
589 1437
828 764
911 1280
791 428
170 310
650 143
1230 1395
633 1301
704 464
868 1064
436 600
32 1515
8 872
1162 1117
174 798
37 1030
1099 1332
918 1350
61 1308
154 192
264 978
896 1197
1066 426
849 387
152 984
616 1400
587 446
162 35
273 1148
234 734
381 695
561 492
525 913
901 119
1497 1438
373 399
1064 1074
1031 232
550 224
218 1092
1279 1247
15 1498
543 1048
1128 1136
293 1220
1080 1163
713 927
1210 519
918 563
569 430
1016 856
611 245
1418 958
446 102
1023 961
225 1512
248 813
567 97
114 80
1292 104
66 1396
312 831
828 1317
885 1223
1462 1353
814 724
639 1068
404 323
561 1503
565 26
593 763
1028 720
1370 1483
762 617
545 1500
1172 973
1371 277
1067 566
1350 1435
967 407
219 575
255 614
1285 675
441 324
997 1268
3 127
333 1011
798 301
1086 450
1139 1262
1077 1137
1086 1284
1359 724
996 1153
260 983
461 512
112 239
1101 651
1254 353
305 1146
837 479
342 535
15 1113
1208 80
1205 1285
747 502
1243 130
802 1347
1502 377
937 1234
1354 45
1049 687
58 818
119 565
1458 337
73 593
215 1278
995 491
1004 514
183 79
134 846
1136 1347
345 1227
1383 627
780 17
1274 336
1428 886
1257 135
885 844
1275 1396
547 820
575 1391
804 1239
572 453
877 553
1043 62
1235 573
220 795
451 571
452 780
717 1525
1327 1230
1297 285
60 832
827 1046
511 997
690 474
449 1217
1181 1499
980 285
33 368
995 373
619 134
1043 885
1278 462
107 908
520 1510
1502 1039
275 68
1087 1136
256 1480
328 86
1070 1062
1194 1221
962 624
64 1387
879 506
196 854
1317 1205
1238 207
176 981
461 136
3 660
894 750
174 476
1046 366
1167 156
195 161
358 924
104 1141
528 1188
1313 1531
976 605
700 752
152 1439
1363 56
88 1145
1513 1348
649 395
841 837
925 1058
158 516
1193 1093
61 996
549 612
381 623
1364 212
267 1049
1306 961
25 791
615 818
985 933
1275 506
280 1275
490 954
1093 21
863 1104
116 484
1370 1071
1500 898
773 1102
474 876
1351 444
640 931
51 669
1200 1248
441 94
1333 1209
907 1371
1346 388
1031 1115
1136 1328
856 59
1387 249
64 170
274 897
1105 274
431 443
538 902
704 1388
1217 1231
1052 1154
1132 1198
1492 494
984 305
1281 459
989 1147
1056 1070
946 932
128 1131
182 30
177 1509
42 1029
1231 1000
1516 499
1334 704
543 60
814 1136
48 973
1184 601
594 40
293 900
428 817
707 446
282 556
823 194
1133 1209
202 355
1392 382
1396 1039
885 559
1413 1406
974 419
488 115
786 1181
445 1213
516 917
1381 622
1388 913
784 755
826 1216
323 1307
1266 525
1443 217
897 751
303 1053
1184 1337
69 416
922 363
1003 1160
282 1391
1093 44
448 661
208 965
599 819
1337 1343
1474 400
743 313
1403 239
1266 603
32 1164
1210 1388
682 481
78 480
444 138
917 1285
774 955
1069 1264
1355 229
1475 506
204 569
614 856
1019 55
929 1339
1401 264
19 1253
113 414
578 923
484 896
703 1392
961 371
478 797
203 1488
438 873
432 984
442 164
171 491
6 983
775 1486
1083 492
1025 821
1153 441
1074 1071
686 584
224 606
1382 1242
1136 1419
133 1375
816 864
549 1360
487 996
135 1495
709 388
181 618
722 789
664 131
886 921
355 1104
41 528
1199 1023
482 120
544 990
1431 116
1419 699
1 837
153 1265
531 442
838 237
1187 1195
1255 1140
429 1259
1246 920
1041 1492
1291 943
1095 1146
951 628
739 36
1110 1181
1287 282
41 261
751 48
575 651
1469 1486
1235 487
179 145
140 143
13 1224
1129 1218
224 1357
533 1274
352 840
1018 1404
649 861
17 942
1045 994
499 78
198 1227
523 1451
1085 1019
572 88
938 191
366 1415
472 1402
651 503
452 23
1530 231
768 264
1230 425
308 78
1084 473
951 1005
203 365
1412 676
1053 797
1014 1348
57 1342
21 572
3 1097
883 422
164 1370
869 784
1360 641
1451 584
1035 372
861 225
793 498
250 763
297 557
304 1189
1361 619
622 388
1217 546
170 1261
1264 1162
962 762
519 761
118 286
1457 737
650 48
852 511
1519 1009
1003 803
1178 1415
972 404
1212 1063
327 459
1139 1475
565 746
1275 1200
843 891
259 1274
861 1222
1317 1487
879 51
1223 1441
1309 194
899 710
99 768
204 1219
1258 1094
104 385
873 523
1395 1480
967 1403
397 832
1255 147
980 34
1477 143
373 675
1191 462
36 618
710 1104
1136 635
995 999
1507 151
1275 880
498 402
1131 255
1279 752
531 493
874 345
138 585
839 878
399 1084
1515 473
465 300
1016 1156
308 609
850 989
1514 909
892 1106
862 273
1453 195
1038 351
385 516
691 543
396 245
752 921
837 317
1153 1020
1314 1007
659 167
1304 1408
1062 240
1467 758
1191 857
85 228
1144 1399
1224 573
1155 1392
213 491
589 604
1443 697
100 1111
1453 1377
1472 774
985 1272
372 1105
1450 547
468 56
148 368
212 906
181 369
1423 878
769 419
226 1365
33 98
291 256
204 52
258 886
1100 62
956 906
1442 60
938 301
157 481
961 569
484 538
1285 925
426 512
12 1103
594 126
508 975
510 625
122 1387
973 511
1447 906
1260 266
719 48
580 960
100 1118
181 740
1431 803
588 369
1385 903
623 1132
608 46
51 503
606 741
854 907
129 1117
651 1482
397 249
700 834
1196 1010
1473 1015
930 30
782 981
1307 229
586 489
1522 168
249 320
1319 43
495 1188
501 1246
1234 580
1211 1127
10 1277
495 295
390 1250
1130 513
197 500
722 1474
435 1485
29 997
165 547
1353 843
774 196
1268 1334
935 1204
359 1303
260 1448
912 1235
201 764
921 198
583 1176
1234 495
1040 1306
252 226
315 216
556 726
321 422
703 377
849 65
582 1116
1007 454
835 894
834 615
422 711
1074 474
1395 779
1531 988
1512 390
31 413
102 795
648 1473
1364 1404
1196 1434
977 1305
1020 289
1369 442
925 288
57 842
673 1516
636 936
590 1340
819 1147
262 1385
1146 1467
1470 1105
1063 984
1003 1261
815 319
56 1401
399 1267
410 1234
757 254
1243 1096
943 198
74 611
407 1290
1027 1272
847 100
383 930
1251 563
1283 408
272 684
1492 1185
1327 450
156 525
443 204
43 481
337 1281
648 295
362 197
1043 1430
5 307
143 1079
802 1468
967 899
404 188
839 384
1158 1139
1358 1491
131 919
388 597
1308 1275
915 974
1196 1076
1032 239
796 1033
1404 909
169 1317
1195 138
453 1284
544 1268
1439 800
823 1167
1147 702
43 1222
1445 455
1377 1283
1495 690
45 800
1283 135
1121 1149
1389 1319
430 883
358 413
1406 1310
889 317
1158 1033
572 1240
459 1188
1474 1268
1105 1090
1002 493
552 1413
791 919
1528 1240
963 1035
721 891
689 680
1040 1119
561 266
767 103
32 1063
352 1497
569 758
24 930
1311 434
1426 49
1528 1171
164 1432
1233 1166
1232 284
849 801
1393 809
1379 613
810 735
1012 1336
1465 1281
378 928
188 1438
1377 44
864 1182
211 1172
1033 1339
148 1372
20 1221
599 1460
207 249
933 1444
823 397
492 624
673 940
137 817
810 506
795 1482
601 519
1229 297
1506 271
1339 963
270 1500
648 910
721 1034
887 242
400 191
1270 736
1351 125
115 1163
857 1409
716 308
561 41
491 1210
1501 654
1418 637
135 500
842 455
1304 402
645 195
905 458
698 630
3 163
1484 1308
220 1349
1517 346
139 523
92 1299
706 509
271 315
1134 769
83 933
649 342
100 345
470 234
111 1317
734 384
785 953
1249 342
725 38
1399 966
1265 20
351 541
1147 27
1009 500
1300 1133
986 303
874 186
1213 1445
78 970
1334 167
615 784
1446 549
937 1035
441 1108
554 198
522 583
620 963
1305 737
235 1488
664 24
484 197
392 1167
861 49
1146 1441
73 713
208 523
336 810
559 1018
294 940
686 1355
681 414
154 275
1394 1444
26 546
1151 51
647 218
273 1490
313 1073
120 649
424 991
502 808
86 1094
782 1053
1450 276
24 730
1209 1164
542 1249
132 589
812 1105
807 1502
792 153
669 719
844 508
1183 1211
672 569
1410 1233
1036 184
7 722
1174 858
660 1482
1527 809
170 630
485 1390
334 1013
1531 634
1447 214
1323 1071
1366 477
1494 1061
960 703
457 1511
1433 711
1094 885
1102 1421
1336 729
353 816
1196 123
175 1097
699 258
594 506
207 1064
616 1069
368 1358
1003 833
792 1399
1006 662
916 1065
1002 528
1379 941
999 206
437 26
43 468
1165 800
175 491
565 789
1262 107
326 1014
1230 667
328 454
1525 1210
1391 1479
233 771
1167 116
244 1364
596 350
557 1087
1317 550
1202 606
432 1194
1264 1304
983 932
1297 1469
1082 172
1285 989
1465 243
1128 758
807 348
911 1506
324 234
812 1479
1452 1170
731 245
849 1231
813 704
1231 1128
1408 225
12 643
693 1384
1426 44
1100 95
369 509
483 804
37 1401
20 1110
695 851
664 4
427 749
407 1103
103 1292
1454 833
967 1145
624 913
603 989
1062 638
426 980
1181 1250
651 566
1281 417
913 666
446 478
1201 880
261 1117
826 97
1188 1237
796 112
18 856
980 1163
1170 1135
381 26
623 517
1101 883
1077 1170
31 458
1094 300
1184 297
1260 1351
1447 82
813 981
303 1315
545 223
843 1454
150 368
384 1330
1183 938
802 667
632 603
1468 1008
1064 188
1293 553
856 703
797 1510
362 871
1001 131
1057 736
612 629
935 1505
1393 1073
1317 497
996 227
813 85
232 469
1375 1485
1241 663
893 1261
258 1239
568 1156
493 785
23 103
1268 968
464 663
1129 134
233 898
180 339
1382 1286
976 1404
1375 1195
1409 596
160 1469
1281 485
1279 864
641 112
450 974
732 718
119 1291
564 1500
346 464
171 1055
1149 1257
804 461
722 1084
133 392
28 1189
1352 778
1393 1500
987 788
337 299
763 947
77 662
13 1240
875 1024
1279 1005
278 87
169 675
962 1517
912 837
553 84
26 1088
433 991
1061 1177
95 940
127 309
616 1223
1044 562
802 1427
767 1226
46 406
262 1002
1100 41
1518 869
804 259
1238 570
1305 318
1310 159
154 182
874 1512
987 393
1086 742
645 694
851 1138
188 551
1418 1120
53 1252
1409 589
1020 394
1049 1143
728 1188
729 1370
665 1509
625 480
1076 664
865 1433
276 1237
345 949
277 540
1131 78
261 1102
1095 1042
928 50
166 869
603 1511
927 65
1194 1336
271 26
494 715
1152 256
164 254
15 214
1524 1328
1191 120
755 1476
1516 867
295 806
577 303
1114 932
1190 1080
277 76
506 718
731 563
563 516
444 1313
311 615
1057 1388
263 1154
1493 43
606 244
1355 1010
1314 799
214 737
55 699
188 722
1482 1215
1457 1344
1143 889
1369 1114
690 1452
884 1410
291 1375
