3671 6137
2625 2643
3588 2862
2987 1653
2293 611
2084 1175
3018 294
1202 1103
3154 2469
3667 2187
3017 1131
3521 2129
362 1660
3329 1798
109 425
2756 809
2467 1529
2476 3185
303 904
1730 25
1879 2578
1747 3505
132 1531
1888 1274
1965 1463
346 2003
2486 2004
153 2851
1753 1657
2463 3461
3459 2184
934 156
777 3607
1344 161
3391 462
2109 3337
1613 33
3416 1917
322 2333
1243 1918
1223 2589
796 1304
2041 2450
2569 1119
3482 2423
2427 837
1766 1335
2007 386
328 118
2566 195
3531 297
276 2312
938 3024
2087 2081
7 1574
1353 1901
3173 2539
2855 3555
3465 96
371 3118
2113 3302
906 589
2566 2264
3478 1876
1157 2990
3588 700
1182 1830
3127 1155
2599 2059
3370 2735
743 2104
1783 2023
3200 2825
119 3239
3490 3378
2986 766
1453 2851
71 2024
2008 3116
1317 3491
1174 73
2872 3063
1277 3097
646 3580
165 2671
2099 1362
977 911
1703 512
1010 3110
368 529
1293 2057
1257 2904
459 712
407 3196
818 1858
468 1332
693 1540
1128 3610
1326 2571
1611 1908
93 2626
3415 1385
152 875
1072 2885
3125 3081
2688 3096
774 1257
1490 1240
2051 2383
2197 2820
1363 252
3615 3419
3248 2593
3075 258
1576 1596
1367 1578
3555 3350
1505 2219
562 367
328 2404
973 3446
2758 1188
43 938
766 3250
2141 1019
2909 1163
17 1694
705 2250
1434 966
1674 2477
655 2250
2064 918
100 3666
678 1369
2652 681
2387 774
2190 905
1524 3224
1759 1723
2085 3378
20 2839
2327 1052
1180 130
2729 845
3053 253
534 2121
2628 3405
1510 2620
2685 2351
1523 1942
1572 2450
2467 3278
976 348
1270 476
3126 3547
3348 3006
3613 83
172 340
1374 2794
2918 3168
1815 1848
42 2475
2247 3602
1528 2295
2439 1358
3632 2675
3670 1209
1832 2336
1411 2766
1321 3666
2907 2044
395 1552
686 2082
1196 2723
1643 55
520 3347
3028 1312
3032 614
3592 2045
3377 1974
1073 3002
2973 677
3149 1683
2271 1953
2564 2901
53 758
3105 3075
1215 3509
2474 3070
1897 1996
1309 2508
3167 1679
1316 2796
3111 2906
2054 2566
558 55
405 1015
1952 2336
721 1775
2886 1311
2772 3471
3195 1722
1807 1707
2198 199
1494 702
2978 2674
1845 2597
468 952
2219 770
3032 465
3385 1114
2652 2823
3172 1523
3028 2903
1335 2280
2392 312
2622 1915
2070 1042
2632 1906
1541 424
1979 2606
3450 2964
2976 110
172 353
3257 2170
1307 184
2829 2034
1530 1660
232 1603
749 44
1878 1613
601 1596
1752 1173
2301 775
785 168
309 3040
1175 3089
2148 3546
1579 3594
2844 2391
264 1032
1459 960
700 3180
1955 473
2214 1550
852 1781
2330 995
2079 1224
1146 463
182 3346
398 2867
278 3291
2663 2792
2902 558
979 159
2323 3235
1245 979
504 3343
608 2075
1324 2147
2333 10
1494 2108
3310 2247
3636 1448
3423 2624
2219 2399
1014 157
647 343
3159 2066
1467 183
1397 272
1737 3110
2933 1207
282 1371
3500 800
1136 1079
2344 1048
1374 2596
1005 1313
2512 1343
18 1662
3336 1858
958 2613
2041 1570
3157 1060
1730 3586
471 3265
198 3649
472 784
1124 86
2451 2442
630 311
2356 617
2945 1557
1860 250
3411 1890
273 1210
1249 444
2396 1863
2680 2221
2734 2178
2612 2072
743 1161
2438 3449
317 3242
751 999
3399 2309
3556 2293
2563 2981
2556 3615
1528 3617
2057 186
3630 2477
2011 170
783 1166
1284 2519
2764 1361
3528 1074
1602 2289
2959 2698
219 3028
645 1892
1770 240
189 1925
1842 1691
662 475
1852 525
259 1735
2715 870
3270 2744
1444 2595
3577 6
1667 298
2157 3252
1663 1320
92 2242
1711 1238
3221 1200
35 630
2391 1037
781 2243
3191 1121
3162 883
1542 3506
2824 3630
1733 623
1942 2492
2203 1012
2297 3208
84 2169
491 2335
3345 630
571 3290
1839 2620
3430 3636
2905 3117
2008 1265
2547 892
1654 1991
1629 2297
2458 1197
424 3152
2115 1741
613 3404
2428 1844
542 979
3294 3045
654 246
2728 2038
1689 1574
1165 2836
1956 3495
3306 185
954 3159
2503 2113
3280 3271
1361 3221
3307 3003
1516 2377
3400 2634
3132 85
3106 1302
2976 2334
3282 769
3303 1523
870 1687
2934 3432
2729 865
3250 1530
2559 1729
839 3256
495 2610
2949 3071
2231 2976
2701 661
2555 1854
849 1324
1701 2320
1874 2251
3225 1278
2017 133
2038 1924
2588 2649
145 3503
3101 2376
96 1633
1289 2103
1557 3132
3386 3067
3142 1414
1710 3411
3413 1026
637 1756
1000 3546
3503 366
672 852
216 1
2771 2953
244 1770
1300 2056
2736 385
73 514
1291 3042
3201 401
1042 1287
19 1558
2966 289
2851 1532
2564 2120
23 2632
3571 1936
2801 683
1265 1686
1744 2265
3282 2561
2398 3362
430 192
2297 805
1574 1269
120 1922
3372 2387
2924 1263
3044 3012
3589 666
1476 3156
1417 731
2523 833
593 607
3451 2645
2092 1174
1178 2045
779 1044
1147 3151
2902 1198
3202 2383
335 2057
3026 1014
3109 3132
2161 829
2135 1542
707 937
2117 2892
2531 1966
1877 1303
3629 3262
1010 1003
3657 1118
572 3636
3159 1512
3370 297
2117 1339
2641 875
2812 366
2695 1350
3306 880
2413 1787
2292 3014
2817 369
209 1583
1853 421
687 1900
2322 3089
1755 665
1779 3243
338 2925
2664 1667
2907 1228
1943 1258
2221 3098
3644 3539
2297 3224
3035 1532
3602 3634
2483 3009
894 1762
2117 2009
2617 1228
767 2313
2280 295
1441 1676
3251 1316
2491 1708
1130 2802
813 1705
54 870
2913 3654
1941 1890
2405 1154
3657 2255
459 1875
2657 1017
791 1594
198 3650
20 2598
631 2935
93 2754
2629 3362
3313 1030
3251 493
1037 352
2543 2235
1489 867
2595 1527
3630 3557
1382 2614
1881 816
1804 943
1418 2548
2774 3204
2556 3491
1361 144
2138 3373
2865 1553
2345 2320
77 744
1425 2745
10 395
1476 2619
2408 1505
511 2486
3247 451
1740 3489
1146 3497
294 1307
715 3184
331 2034
1989 3658
3089 2262
1310 2764
450 2094
302 2609
1443 3489
3627 1534
2201 371
2865 2537
3424 1283
871 3349
1248 9
3502 2161
123 3199
954 1116
3094 2056
3543 2515
140 3597
1718 3498
265 2110
2475 796
1 1019
3588 16
3062 2472
2113 3161
2444 2744
2262 1671
3007 410
177 829
2062 333
3466 2964
1606 2001
1955 3037
474 1782
1859 2163
2282 273
1465 2494
3572 1262
1969 3450
1529 3315
1350 3634
3650 265
3411 1956
1655 1857
3362 674
1815 2086
3437 893
1524 1484
2847 2018
1692 1442
1264 2109
2883 897
3279 103
388 2868
3038 780
1366 2645
2126 279
2080 2445
2629 3565
1163 2842
342 3427
1168 1567
410 2788
3341 605
2653 2066
2849 55
1284 436
1650 639
864 2518
2581 653
2015 2348
1635 822
2097 1419
2594 3582
2967 904
2039 2103
3104 1668
1281 2362
45 2716
1252 140
3431 733
2450 2583
3128 344
2770 1621
2226 3331
3012 100
602 914
3221 520
476 809
3042 2981
2221 2989
3619 942
1019 3333
460 3071
862 3317
1706 1580
2319 3481
1408 1708
2269 2247
812 3396
1186 283
3618 2148
2688 982
3169 2904
1596 2405
3225 2564
602 830
2680 977
1713 2852
3431 2123
2892 1453
2410 579
3001 2861
3470 1705
2215 3419
321 375
621 3574
2593 3000
80 2248
3351 2566
2263 2044
1868 2234
3049 169
3007 1496
1161 1653
1300 302
1474 3429
1387 2570
2022 74
2923 364
3346 2339
1592 2262
234 3191
1776 589
816 3249
2937 3051
3427 2516
1022 2825
2688 1916
3006 63
842 532
392 1525
2582 3635
86 2171
700 51
2635 3288
3349 313
2196 598
62 2138
2074 1683
25 61
1429 1279
1710 245
2233 3010
2916 463
1792 3557
2260 1172
3257 1033
1823 18
3455 3319
3068 1279
474 336
2087 789
939 3121
1556 1599
816 2473
85 1111
649 104
1465 1388
2723 454
2275 2947
1411 1536
1005 1554
1593 231
2974 2305
2632 2993
2661 2862
3198 3633
3513 1974
3303 2956
2620 478
2843 2676
3462 539
2241 1114
3268 2364
1768 1246
3426 71
2023 2192
1775 521
2304 2112
32 133
2799 1102
2725 3073
867 3551
24 1885
3129 573
983 2021
532 1050
3098 536
443 3000
1719 72
3165 644
2942 2542
425 1132
29 74
3157 538
3099 1017
381 3452
242 289
1854 988
1299 610
3239 1371
2501 1528
423 1432
223 3338
3492 2616
140 2642
2628 1686
1861 2666
184 1109
3287 1666
1448 780
1201 2276
1714 2823
2700 3609
2849 1823
2024 3664
531 3619
1165 3510
766 1154
2074 1012
2841 1269
1800 762
296 1116
436 2064
2757 1998
244 615
3488 1474
2784 3644
2281 1063
1555 2092
809 3172
897 780
3016 2245
928 1572
524 449
2347 547
3455 2887
2713 1571
1925 2481
2841 1245
2869 1224
2822 253
1528 358
1785 1473
3433 1983
968 2335
2607 458
2955 646
473 1290
1667 1929
3643 1619
512 3029
2461 2962
1900 971
1317 3517
2450 3291
1888 720
2997 1996
2268 1732
2783 1642
1009 1179
2343 2346
3122 924
3296 780
3300 1993
1239 2773
3458 119
521 3358
3059 1639
2206 827
2398 3662
2549 2208
3216 2643
2443 466
1110 3559
1634 3208
161 1641
560 1180
1242 3161
1730 2552
2443 3132
2263 2738
2593 1609
3656 2598
2226 1210
2548 409
1095 533
3115 3586
32 695
1208 2135
915 1173
2908 385
2289 703
2502 3274
2779 1330
2911 1474
903 2782
1900 1400
1937 2226
3299 759
2972 1510
2917 270
2780 2612
787 10
65 462
303 1803
1646 3602
3492 3118
3339 2674
1331 3565
2827 2759
2632 433
2989 1139
774 3336
3168 1495
3299 2081
86 1534
843 2444
3049 1821
2921 1180
2506 2100
3578 398
1770 195
2392 2944
948 2796
2930 546
2162 1068
827 2382
1892 1053
2586 38
2342 817
1037 742
1867 3257
666 368
1027 2477
3406 889
526 1367
766 2813
49 2781
2576 987
2206 848
1045 797
3627 2710
96 52
2100 2704
3432 2321
905 1776
1692 1103
2950 2816
3042 2768
1084 3004
1460 1545
2632 598
1129 2167
1445 917
1671 3359
2957 355
171 213
2015 1581
1621 3448
3339 3077
930 3431
228 443
1165 64
576 2461
165 2587
3309 524
1182 1501
2034 1232
503 2583
1514 220
861 2065
1428 840
2316 643
1402 288
1788 2588
875 131
715 3553
2291 354
3455 193
2506 2478
2329 1935
546 355
2475 85
1737 2779
2401 3029
662 3198
2554 3442
1425 1681
1221 16
627 662
507 809
2697 2523
2129 1388
1820 3050
3237 3413
835 2883
825 828
1312 35
1841 1569
2361 1484
2353 863
678 3248
516 2057
1872 2313
2487 2602
2500 1154
2728 1545
533 3477
3505 3616
2559 2486
2714 2554
394 3424
2317 1222
173 321
3117 85
1508 3068
313 746
1425 2126
2858 2185
2291 3130
7 2760
2044 219
2454 3395
1631 1
1158 1059
3044 919
1233 621
1787 2309
3177 450
3319 2273
1447 648
170 1701
1697 3121
2011 30
3322 3018
1337 2868
383 636
2061 2357
798 3603
20 2661
552 3194
2841 3267
857 3047
2189 755
2428 421
1975 1148
2734 2519
1899 2813
3286 1320
2235 2074
225 1866
467 110
3391 1396
675 1465
2058 2939
862 2258
3281 2694
195 33
2637 359
2373 2252
2164 2169
558 211
1765 156
1089 1063
3625 2372
1045 621
496 1947
921 2533
1232 2809
2318 3037
213 3645
2639 533
1958 1906
3002 1448
904 1038
2052 3338
2852 1311
549 2338
2948 1865
682 1819
2336 1580
2538 3581
1333 1024
1746 3479
35 3174
618 1865
2341 1691
3647 1441
2616 2527
1782 1989
1263 3618
1612 993
511 2618
1771 3513
64 3455
221 1896
2032 2657
818 2198
1331 3121
2350 2940
1115 917
3370 2342
1606 1838
2284 371
115 2105
3665 3626
3390 366
2721 2310
878 1596
318 985
1993 1753
2641 2648
2303 2690
1596 2573
43 372
2516 3130
1069 236
3586 1272
2281 768
3500 101
2752 1466
2503 1895
157 1010
1014 3347
2413 471
3503 2791
2790 3341
2630 389
650 637
673 638
1268 2956
3191 949
2927 821
3398 2774
1467 703
1185 2467
2577 354
2995 1668
501 149
3603 3426
3549 1982
1286 1208
1815 3469
701 2292
3394 16
2911 2753
1396 3309
891 2720
1931 1002
2806 2526
823 1937
2551 1361
2463 830
2748 3050
2627 1126
1248 2792
1016 650
2453 2039
665 591
2370 1001
3091 2046
1632 113
3085 2396
1498 2526
1013 3411
604 693
731 319
3595 2533
26 2139
2538 2452
1553 2074
2474 3058
1402 175
1358 3373
2689 3135
3252 255
3066 411
2269 412
3407 3538
1967 1427
733 869
457 2755
2655 74
2502 941
1878 3504
531 258
2212 1953
575 2065
1416 1981
2500 1048
611 2189
2904 3315
732 3097
2596 2169
3267 2603
2186 1416
608 1792
367 788
736 2542
555 3077
2837 2139
3565 1553
1248 1221
2069 2289
3633 1782
682 2162
2953 2215
864 883
3419 918
2909 381
2565 112
3279 3126
504 2438
1218 1595
346 2867
1183 3092
2644 2524
124 1877
3186 1142
2841 2861
1025 1474
1374 2375
1034 3395
3334 2166
3082 3323
1818 986
2032 2857
3092 549
2542 2605
2726 2675
443 2649
3648 645
1977 2885
2130 2250
1626 801
460 1122
678 3188
26 1593
690 1265
887 3445
1911 2495
2 785
1472 3350
79 1709
1965 1082
397 3395
2166 1476
2011 1415
3189 357
467 2180
2782 448
1244 498
1327 351
1417 1085
1660 677
819 3586
282 1485
677 1801
1110 3638
1534 1912
629 1382
2346 874
3635 791
712 938
1491 2263
325 3494
2365 2750
1586 1536
2856 2307
1718 2309
1214 2863
1325 646
2570 3294
3343 1755
3301 2387
57 1469
2076 1361
3492 3181
2977 1229
2894 2243
2620 1258
3572 3253
1214 1256
660 3095
3034 918
3534 2452
741 2955
2058 2802
496 1378
1539 1221
2489 635
2299 1907
3230 3548
1426 839
1559 1081
456 2438
1668 1019
945 914
439 584
1857 1680
3392 50
666 1721
111 1575
50 1684
3022 1432
3207 1171
1022 270
3197 2269
1396 2482
2909 232
1235 3233
2331 1895
3219 1377
3039 2113
1854 1566
1763 599
3133 1649
3203 967
1453 592
373 581
3577 256
209 2371
2456 2655
2152 3435
1044 3596
2294 387
1795 1090
2800 455
2302 1503
573 215
2718 3143
743 2786
1852 3588
3335 3224
1723 1978
1444 1543
1756 3069
493 3233
1339 3597
1449 1509
2732 426
1463 2248
3021 2174
2766 2439
3397 2824
3616 1690
3001 2597
1263 2214
1082 1375
2976 1732
1526 2311
1772 2893
1807 1834
2332 2310
1672 3540
1807 174
3373 2477
2280 2126
154 1671
3380 185
140 465
2707 56
3571 1514
1963 3255
480 2094
808 1799
2509 1007
3604 187
148 2998
1919 3377
2744 2654
2873 1385
204 2467
52 2244
2020 784
1989 196
124 249
1975 1382
1923 2333
1577 1821
3259 1648
913 2984
3293 533
1793 699
1056 1349
1310 3329
2528 187
930 3504
2559 1486
770 2285
2148 484
280 2205
3435 2262
3226 1673
1037 223
2108 1800
2080 3324
2306 593
1780 2199
1718 1453
2453 41
2508 492
1252 1159
2011 28
3366 3451
2653 876
2134 317
473 1647
340 2360
3043 936
1080 1855
114 614
3311 65
3227 2748
3593 1063
959 2629
3357 1966
1768 762
1008 1108
3122 890
2467 1062
1429 3165
2331 1505
2403 1042
43 906
83 2666
235 2619
2776 2688
2326 1661
757 214
3648 2116
313 2736
2784 3409
2873 96
1394 344
79 2251
759 757
553 1927
1117 476
3428 438
1302 3626
591 1950
1124 2497
2682 2125
1230 3494
1690 3661
3548 2878
3460 20
2301 3531
1295 1518
2427 252
3556 1185
1635 2290
932 1776
1827 1399
3013 100
1241 379
773 3178
12 1576
3024 508
2644 114
2831 476
2002 516
2384 1195
20 561
2444 994
3610 2945
1185 3153
2325 3301
2859 1658
2150 845
2594 950
1845 2146
757 586
3646 1472
1740 1545
2410 3112
895 994
2323 2217
3048 3418
2475 813
2915 612
2425 523
1119 503
3209 1926
2175 2483
2582 2675
2938 2611
2541 593
2550 3086
89 1405
372 3663
2371 620
1710 734
834 1520
3319 1857
3078 3539
2302 1854
622 758
3301 2938
3066 2504
2475 2326
1043 791
338 2747
1438 910
2951 242
527 3528
840 2877
3370 2333
3194 2350
3128 1810
348 81
3567 1596
306 9
2387 2094
1002 1763
1702 1090
3066 1948
2809 3589
2489 1139
1628 2871
3551 1150
2499 1647
1595 847
483 32
8 1815
2909 2036
1725 1782
1870 2379
2048 2823
1563 972
1635 1339
3197 3433
2879 1814
1629 750
2482 1806
122 3491
996 569
2064 1790
112 1068
1888 2793
2607 898
3250 254
3417 1726
1556 2543
1568 3276
1603 250
873 2485
587 613
2337 1710
2187 556
2444 1381
3580 3136
1511 2983
317 280
1769 2993
2791 2548
666 2448
610 3662
1021 1935
1886 585
2621 1154
2461 2398
1610 1367
1410 2919
2603 3332
2941 2445
1915 935
1259 523
1138 2903
898 653
2331 2640
1180 2937
3069 2388
236 1181
852 1802
2370 393
3269 1581
1776 3223
957 3292
2329 2065
3078 454
1204 3516
3420 764
1778 1430
1238 1746
1100 3226
2334 2225
1455 1042
484 1348
1470 1174
1758 2140
2385 1298
3068 3480
3170 50
265 166
318 2487
3462 1436
3411 2637
848 3599
764 2289
852 2644
77 229
2389 460
1496 2502
1180 2167
92 2614
2799 1312
783 746
3185 1364
2581 470
1239 3411
598 3297
91 2937
2339 1621
3246 1208
1634 2084
2043 1239
787 2219
1218 2937
431 692
3395 963
604 1877
3230 2040
1712 2411
3496 3309
3578 1568
3015 80
3035 1185
2319 2806
3122 544
1711 2120
431 3233
3198 2383
2745 706
264 1945
856 832
850 1072
1634 2654
3024 2865
1643 3301
111 2839
2944 2556
474 1393
3143 3078
1922 1350
2280 854
24 2350
1476 1271
1813 3540
112 2143
3496 2663
2429 3663
2465 2112
2457 2929
3079 3625
1213 1246
1790 667
2117 2443
1365 3164
828 1021
3296 1189
272 2959
183 1145
1073 3268
3243 381
3387 1706
1822 3597
1096 1467
3488 949
824 3291
1710 3309
2163 3610
2817 2079
3498 2200
749 1855
2047 363
3348 2579
438 584
248 3480
1530 2097
2697 2792
342 2924
607 1241
1386 3440
862 580
768 3419
2678 781
3185 779
211 1641
3044 2681
318 116
2385 3527
2052 1660
874 2067
1725 1950
1215 1758
2061 42
3112 2865
2347 880
1457 3343
307 2003
920 1462
431 2569
2462 192
681 2537
715 3163
2802 1412
341 2502
210 1990
2153 1666
108 118
3350 1961
429 2395
1310 1030
2893 3642
2401 2647
1220 3631
218 63
3046 442
3632 2954
2216 1120
125 3567
203 1688
3172 618
1556 3260
675 2616
3446 392
1148 656
724 2258
1256 3129
1843 3280
935 1359
3172 2089
2155 357
2847 3649
2337 111
1913 2423
393 3128
3222 2866
454 2504
2303 3585
1487 1672
1015 871
126 243
1213 1184
893 874
562 3376
3049 98
723 849
3628 2976
2906 1027
1544 367
518 841
2461 2825
1995 1900
3664 373
21 1048
2098 3380
3615 562
1648 1936
3274 3592
2968 1650
3527 64
2653 3460
129 1474
723 373
2531 3048
697 158
325 2660
667 757
966 1202
1659 2032
382 1147
2854 2841
1562 2085
2048 449
3563 3507
363 1527
3591 148
2656 1179
2513 2905
880 1933
1801 2638
2431 2893
3417 3164
3375 2170
3639 1963
797 3363
3192 1628
3445 2326
1438 1410
617 3401
3180 3581
3609 314
3316 980
1801 1854
997 1931
716 2928
1877 1671
72 3506
2896 1499
2062 489
1634 1087
3056 3247
1095 1833
3662 3488
2347 676
977 3284
521 1708
212 586
2543 1562
1654 1036
3539 1235
3487 523
1924 120
1806 3275
773 3317
2593 2276
1722 3047
2545 2585
1284 3571
1252 251
3252 3624
2921 3648
1306 2647
82 1110
2952 1949
996 1093
14 600
1909 1647
3611 2903
1974 1082
72 2450
1240 1259
2062 3229
952 2372
1400 256
1408 2566
1548 2006
2875 1389
1816 706
1775 3360
1235 372
3536 2648
2316 3079
661 699
411 618
44 223
1535 1627
813 3382
2620 606
829 188
3034 1578
1541 2085
308 3116
2415 1359
3198 2243
819 1590
3093 384
1710 152
3260 238
744 755
522 1176
420 2713
523 1582
1117 1327
1999 3539
3136 207
1406 1969
2118 1849
3309 3583
55 1673
3149 705
3198 681
3354 1774
3389 3549
1270 2273
1285 408
1744 1980
399 908
3034 3050
3581 3622
2128 2996
1093 181
1760 3629
45 2200
333 1627
2476 288
234 2792
419 2936
2024 949
1461 2303
2417 2850
164 2614
3369 2175
3301 254
1545 2940
1129 1736
3327 1198
327 2632
792 1072
1310 3212
2404 2576
3586 1810
1111 3272
874 259
885 940
754 2863
40 3339
769 26
3055 2990
1654 3319
3000 10
1040 3403
94 200
2241 3015
2182 2298
824 457
1842 575
1969 1317
178 3594
675 1771
3249 1527
3404 1013
1887 1648
3151 436
1434 545
3608 2255
1944 1981
3443 20
3527 1727
2498 1949
788 256
214 42
3621 1605
671 1571
2540 1326
154 727
1214 2687
2865 2602
1390 3186
1223 3550
2843 17
120 2703
2084 1399
1401 128
2340 530
702 2073
1107 2890
226 2132
104 295
1207 3617
888 1045
3542 2124
3122 2803
2746 470
200 438
850 2473
1507 3487
902 904
1571 1022
3292 867
1923 3087
3083 3184
443 2906
1395 3484
2688 1762
2010 1281
2957 132
2168 1025
805 2826
611 128
736 407
235 3239
728 950
495 3265
835 633
3200 3441
1986 3255
3387 178
3040 1915
1761 1124
1727 1200
2282 569
2411 3119
2861 3303
2301 1550
3528 1676
2177 1893
2330 2722
2884 1313
1893 3008
3299 157
2672 2923
727 2064
560 1524
2216 292
2637 952
2050 908
2656 2295
3282 3511
3540 328
1275 520
1412 691
3178 2872
11 2811
2767 86
3117 2525
2407 956
2973 683
3629 2244
2324 2467
1102 726
130 1579
1157 3337
448 2809
2898 1828
2957 1033
528 146
1349 1049
570 1302
998 1504
3507 2039
1379 540
1651 1458
485 1748
287 2879
3014 1430
1171 236
56 1013
2788 1406
37 1508
2734 1776
1418 3412
1570 1551
1495 2152
2158 375
3554 1896
2670 2592
283 2868
2305 1999
779 1616
892 2417
2322 3470
47 2286
3425 1335
2748 3568
2950 997
3299 2452
2922 1002
810 3473
254 1979
2763 227
753 1767
685 1916
1576 1601
2813 175
2634 2390
70 1271
1977 1307
1398 3233
562 2634
2101 1047
2511 2983
1207 1806
679 2413
2961 1323
180 280
3520 1235
1721 938
1818 3473
66 3471
1871 2912
472 3602
542 1668
3002 2073
621 2676
2361 2475
829 2607
1911 276
3263 3274
841 1419
713 2927
2691 2654
1464 689
484 356
750 1602
3593 1152
2570 3387
1170 332
1148 303
2878 1921
1387 2099
2678 3206
3518 894
3564 1647
2832 615
495 519
1121 2886
1714 3038
729 1593
2459 480
1678 913
719 909
1803 79
389 3437
220 3508
669 3308
534 2647
3638 2127
1917 2355
521 1040
2087 2937
3496 3200
3571 2614
897 81
1419 287
2055 2735
1445 2543
1334 738
2624 2944
2722 1426
24 2150
2193 1637
3460 1663
1603 1193
3226 3488
1153 1900
150 755
1607 1144
2193 3627
253 2733
2577 88
3238 2338
1485 701
3366 2747
1026 1038
1117 3054
1320 2508
3399 80
1025 2952
2824 2998
1098 1437
667 334
1985 2096
1209 3477
2586 3093
3163 45
1017 833
2167 3098
1733 926
2447 1347
2980 1449
324 2951
2116 1724
3532 1276
2553 376
3415 376
547 2182
1079 1497
3552 1930
209 2269
289 2173
3404 1249
919 3382
1917 1389
1902 613
1280 2681
1157 398
3456 2693
1555 925
58 1055
565 938
2971 356
293 447
3330 2223
1847 3371
3428 1967
3151 2275
3632 2792
801 326
280 2905
2511 2563
3557 1172
103 3614
1862 2257
622 258
2191 3378
3044 2599
499 1302
2601 1652
188 2926
3071 1783
2582 24
754 3422
2882 537
2235 813
2107 1535
2673 1903
3446 1662
1601 993
1567 3161
465 1346
819 934
1145 622
2163 311
3264 842
66 766
395 2092
2495 1840
3138 1042
1081 1834
3273 1021
1342 1823
1426 2140
345 2966
1310 1669
1802 81
1375 3006
837 1972
342 151
376 2042
1519 3372
359 810
1725 2543
650 1663
1353 3563
1619 2294
2563 3060
2075 218
2554 1045
1658 989
619 839
2894 2649
2977 1096
2611 1147
2123 2136
1216 2719
951 2820
2542 1298
935 912
1828 1557
555 371
1607 2856
3115 1798
1997 1848
1331 1705
3231 976
830 3665
2439 1787
1562 3225
1681 267
1156 3006
1354 680
1229 530
2567 524
2944 402
1147 3424
920 2388
2504 2104
807 1845
171 600
664 1335
1829 1602
1244 3250
2900 2648
2951 3507
291 2386
2868 556
2181 1173
2790 780
1000 3430
3442 616
1732 2930
3178 3472
847 307
1784 2420
384 1683
1359 1041
3460 2926
1606 504
159 2303
3541 1835
196 645
1520 2517
2856 3220
2122 67
2963 2153
3597 3322
1321 3485
2546 3013
2890 25
2939 1274
2020 3574
11 853
1787 948
1195 146
1546 986
1362 1297
3504 2950
253 1229
1344 2849
289 2992
1410 402
2072 3496
1911 3104
3364 1580
1328 210
1258 3131
895 929
1399 1278
3281 2238
2269 1266
3128 2025
929 2567
2758 92
3367 2088
3249 526
1995 3056
1387 697
3374 2126
3397 1657
225 2023
1459 1968
2412 3338
237 1438
1659 543
614 3136
2776 546
3531 1479
672 2209
201 2485
2335 26
2468 2612
2086 1420
2013 2403
3088 712
1938 2476
2048 2195
2046 189
215 1810
1835 1780
870 2794
368 42
762 685
2845 2878
3324 2230
2236 2248
44 2232
2554 1906
2882 1024
1011 3002
1342 2834
1312 1522
330 392
3638 1270
2608 2655
34 2841
803 2995
2207 1151
2682 2755
1638 3403
1419 1852
2591 145
3629 2521
2348 2927
1008 2432
1128 2865
3666 1302
119 365
2227 3627
991 1377
2770 718
76 2308
3047 1428
3459 3032
3157 3233
2866 2039
637 607
2876 1885
3669 2196
461 1014
968 316
2363 2243
2018 1574
2458 2886
902 861
3000 1869
828 1146
2582 1118
2980 2239
2533 1701
1757 979
2972 107
3663 1731
3545 2226
2780 675
572 2494
1889 353
3253 1721
2664 1214
1322 3037
3401 1186
3351 3229
3289 129
1105 1846
2760 1082
2116 1563
1734 1496
1224 2746
2273 1379
3125 725
1379 3266
2863 2120
452 89
2903 2270
715 2172
3473 3641
2341 576
1214 3449
3615 2715
1235 2630
1774 1026
545 200
2327 1465
1115 1341
3433 213
591 1910
3384 2639
3244 1753
3251 771
982 1300
1603 1237
1142 874
2333 2303
1735 512
2704 1302
1292 1306
1923 2530
657 405
2082 495
941 789
1397 474
2387 2752
1153 2858
1072 709
265 1968
2040 3159
441 2056
732 3426
1018 3121
481 2854
3350 2502
1619 2426
2344 346
144 1676
3170 3558
2255 2561
1906 66
3477 1442
2226 2450
3395 2306
3117 1370
3117 20
475 1664
1048 2323
2448 3075
2843 255
514 87
1627 1573
753 1400
2581 532
991 3342
3614 2553
3414 1451
2023 721
2467 1773
859 2395
362 2868
604 3424
1148 2485
3248 1709
166 3622
1564 1029
724 3396
3110 1797
2949 2262
2762 3403
458 885
1324 185
1457 2782
3207 3026
1099 2421
3125 1506
2866 653
2086 2867
2590 2189
3536 3456
3355 3576
406 485
236 937
1322 48
2229 2571
334 657
2898 2372
1127 430
981 107
1148 772
2052 1766
1403 3327
3020 796
2503 241
1969 1892
2599 1512
3626 1273
3331 916
3630 1602
716 2064
3641 3158
1878 896
1310 2987
392 1012
386 1328
1736 1662
2569 1097
1419 2957
1756 744
1993 724
2892 3426
1611 3624
2959 2737
1752 3402
1302 3357
216 3622
3497 3666
356 766
1304 1741
2677 1986
2462 3643
1367 1792
1113 1894
2322 2119
965 2374
2915 2733
1419 2384
274 172
774 2309
1022 3311
1729 3256
3072 207
2501 3517
1447 16
2562 3566
3471 701
45 519
2923 1546
3377 1020
1585 3489
975 1402
574 2679
291 3573
3358 942
1647 2619
894 1437
777 919
3454 3294
221 1957
1725 260
2458 1028
680 1678
3543 525
2468 1649
3636 3407
1041 2094
509 3093
934 2839
3232 3069
31 388
716 3303
451 991
2111 2668
1394 993
720 1484
2877 1050
550 1841
1851 764
2965 2076
1830 1755
945 332
2380 261
1764 3056
2664 609
652 3377
3096 292
756 3278
1190 1457
215 935
2014 1856
3670 3489
2867 1432
3120 3124
1327 2612
815 1773
3468 1854
1734 2232
3432 1121
2642 2069
2632 3188
1862 2814
2016 915
2754 1512
1360 495
171 2425
2259 1568
2444 2792
1584 3067
3016 358
1708 1582
1809 3117
1390 1656
1857 525
2392 3456
2153 416
2222 1552
3316 2857
2052 1693
3101 3385
3310 3593
3425 1515
2849 3087
1034 854
2085 65
3380 1784
1689 3143
3619 3423
2079 3261
3298 1653
2970 1312
120 553
524 2795
3198 1146
2392 296
899 301
919 1463
687 2748
43 3645
1438 2952
3448 3208
2287 624
2293 1191
3180 3384
1640 998
2527 1774
1777 2764
2490 429
3032 3452
441 2578
1764 858
499 2493
2217 3222
1285 3622
2388 2704
1943 561
783 122
2756 211
1810 38
227 2056
3202 3330
2677 679
2161 2421
2761 2272
2475 2885
2610 827
2168 2342
2212 1068
3197 3514
2334 1794
3101 914
2643 817
1766 813
1489 2832
1916 3472
2025 2013
1159 3409
2946 2255
2064 1308
830 1689
339 311
2751 3241
3435 1474
639 2987
2825 3083
1643 3532
2392 706
305 690
1729 2464
236 796
2575 1335
3436 2521
888 3160
2854 802
1591 738
3584 3419
1890 1342
3267 1359
2051 1101
1226 1071
1110 389
2565 2779
181 3520
2090 79
95 2645
3348 2578
1156 1177
1204 1932
711 2731
1610 1614
906 2954
151 1379
1059 3552
1361 2585
3112 1342
2490 75
1531 2633
1875 2466
1909 3638
1337 3136
1824 2663
2328 1388
1327 1976
3265 1873
2094 2753
2036 807
1295 1553
644 1677
2088 1754
2684 2423
2136 540
3139 3537
397 1971
1732 3025
1865 2300
2233 41
2863 1431
1602 1002
1342 765
3206 2446
2401 2885
1748 1365
273 738
355 2156
2729 208
3353 2422
1101 3502
788 1753
2570 58
1536 2071
420 1282
983 1959
3454 1855
1339 1893
3414 759
2892 1868
713 2700
311 2833
2782 2519
632 30
2120 1215
3093 2954
801 89
70 1638
3489 169
2860 634
2333 3560
3029 602
3414 531
1902 1536
1952 1920
2747 2375
1220 774
3297 2820
796 3198
1353 3114
3103 637
2198 1813
534 1337
214 1995
381 341
2681 1330
919 2181
2946 2766
2058 1286
1097 2737
1841 2594
3057 111
3573 938
1468 184
2746 1287
2064 491
2598 2011
3314 1828
3441 527
171 2839
2718 1838
3511 1990
2402 1618
219 3569
1700 1333
1681 3597
1495 1684
2043 3307
1696 2208
2248 2144
2608 272
588 2118
2499 926
240 2224
3059 2542
1423 169
2209 249
707 3291
2554 2106
3651 2175
982 691
854 2164
1988 1227
1108 1277
2523 2637
2712 58
1778 967
4 1627
779 2753
1727 3087
1895 531
2265 88
817 3057
1271 922
217 1521
1809 272
3260 2961
1318 1346
2938 1825
26 2205
2122 2326
421 1087
221 2917
2538 685
3370 3007
1489 635
3442 2215
1594 165
1880 287
1637 2545
3324 490
2537 2226
3637 2513
3606 3090
2532 2267
2803 3455
3617 1456
1302 2109
194 3204
312 512
1642 1229
1441 3005
3233 3588
874 870
497 2184
801 57
1979 3280
2421 2047
1767 3462
2378 2323
2659 3246
1879 949
3163 1108
2085 1450
900 346
942 3569
81 3449
3390 3649
1223 1496
878 3156
3306 395
1078 3530
440 3553
2839 1188
911 3032
414 3543
3495 196
3383 1200
3586 3153
3412 891
2581 3007
2518 627
1883 2558
2549 1153
1856 988
790 2692
3205 16
1079 855
1231 2494
3635 2223
3423 2909
564 448
3200 2535
679 2505
3166 1791
1263 936
1044 3387
3055 1470
817 2746
866 2478
2846 2828
2798 3035
1838 920
1392 899
386 662
3421 529
3600 3663
1104 3544
1751 1498
3575 931
815 3276
1287 1283
2676 3360
3378 2747
1052 3453
18 2260
795 826
440 339
2128 1853
2548 2907
994 430
2748 2741
2187 1060
2082 2053
2372 1113
1680 1929
2735 833
732 2158
990 1486
762 3471
2656 1432
3465 1422
93 2968
2318 1392
287 1959
1441 1350
1157 521
3209 3209
352 2438
176 2612
2763 1570
1318 1928
864 3327
406 2759
2529 3072
1540 1715
175 435
1621 1309
2230 41
2509 1935
3172 2828
1513 1418
291 914
2041 2029
605 618
1973 2538
2056 1470
471 1202
526 1030
2942 1384
3443 2623
2267 1825
2234 1918
2925 424
1725 2571
1080 2596
1177 594
3192 336
1875 5
551 2481
1469 1399
95 3122
1298 442
484 1122
1896 3154
452 3449
870 355
1076 3338
1853 3533
190 184
3151 2391
915 2883
3182 875
1024 1216
1368 1989
1488 3073
3290 937
627 1542
1170 1950
3443 89
1174 1423
3294 1229
2558 1481
3155 369
540 879
1314 1550
674 3230
2790 3508
931 1317
1219 335
74 2134
1264 1691
73 1778
2877 658
743 1988
2589 3020
304 2332
215 2786
1571 2508
1617 2627
1607 379
2583 298
462 1392
2714 1948
3466 777
1666 3067
289 217
568 1487
1102 1347
320 1344
863 174
2172 3565
18 3132
3024 2799
710 562
3456 1321
2296 2373
512 2323
2198 2272
2570 2980
459 2227
96 2182
1208 3159
3033 3474
1503 395
405 1694
1011 6
889 2445
1606 125
825 2287
1905 359
1776 585
2678 3011
1712 738
1428 1992
250 957
3015 1287
1242 3154
1223 625
2051 902
1360 2392
3353 282
923 2453
1419 1730
2395 2914
2498 181
1349 572
625 962
2466 2782
1052 2389
2155 702
889 2560
2827 1807
674 1247
1186 3300
229 335
2816 3211
2868 3171
3153 3227
1607 2245
524 472
3288 507
909 3415
402 941
3518 851
2188 1844
2974 3611
293 2717
746 2571
554 1351
3348 2801
2529 844
904 1541
1395 1942
1617 1783
868 2992
662 2690
3194 2178
3509 3414
3004 1817
291 3617
2633 591
365 1865
274 1498
1968 3493
2509 815
3375 1196
1117 3655
8 3313
3071 2854
957 3067
2989 3102
2989 669
561 1142
2344 3481
3485 1230
1721 225
3048 3414
2327 3524
3638 3055
3382 1118
2818 598
565 3305
185 1305
1771 2085
2881 1374
3405 1586
916 2819
990 2910
846 710
2163 2338
877 1143
588 525
2895 1316
806 759
619 883
2516 326
1216 1111
900 827
3198 1638
744 1915
1347 785
345 2199
2074 2740
2365 463
802 911
1181 2359
3490 599
13 3107
1568 1005
1777 1613
1263 3526
2268 535
1158 765
1538 231
3529 1609
2503 1267
314 1651
1674 1237
2792 2349
394 1389
2258 118
1221 3274
1729 3132
2115 3464
1587 914
3056 1364
47 2556
865 1649
1936 1395
1221 2264
3308 3144
2022 998
2882 2409
3489 804
3103 645
1439 1349
1243 1142
1094 1233
1132 1750
2574 2479
1663 2478
944 390
1594 3480
3052 2892
270 1505
3481 2978
2484 1208
2711 2751
1435 3563
1078 1551
3515 2940
2541 1159
3534 229
2647 274
1486 38
2302 3403
3161 1241
2632 2143
704 2093
1527 3050
1982 101
1029 1528
2098 2538
3093 2102
2483 1563
2528 3060
2197 887
3463 1169
360 2891
931 2689
2752 376
2774 1516
2866 2118
1855 2308
900 1812
2393 1184
3392 3319
1253 77
2878 2241
2037 1438
8 424
2985 1098
3251 2440
1980 2032
3574 3614
1128 827
1320 2580
496 3412
2556 3311
520 2207
2516 2368
1870 2035
611 714
3372 3219
3310 1771
1372 2953
3568 2106
500 3368
3294 2132
1137 857
969 405
1379 3537
1775 2057
1627 1547
1581 956
934 2333
3359 22
3396 19
1501 3462
1712 1990
971 3173
855 3048
3593 491
1401 1791
255 1066
47 1006
350 2383
2656 955
974 2866
2667 567
2251 2679
3658 1774
1868 3023
998 981
3639 788
3591 1791
3632 901
1668 3363
2998 925
1284 164
2560 482
455 2475
639 1955
2302 823
2058 412
2555 2944
1979 3068
1490 88
2288 153
2897 723
388 324
3124 1482
3663 1129
2721 1523
468 56
3394 1595
1791 1152
215 2280
791 3531
738 3236
947 1193
2565 2000
1910 1340
1445 888
3318 2951
2987 885
443 1386
2918 1830
2631 1805
1146 1879
3083 1998
1307 517
715 1498
2574 1380
1863 1006
2086 2855
2696 1396
953 405
2589 2619
2137 3371
300 732
3375 20
2489 450
2496 1964
2660 277
701 2432
2066 2011
3098 48
989 2042
1701 3003
2561 1403
2514 3108
2889 1939
1216 3029
853 3046
2919 3398
111 587
3631 425
1385 3635
1735 3026
266 2342
2208 1789
3311 3130
1245 1013
2398 1073
1948 2684
2615 865
2252 2199
3041 1521
586 2220
3503 2258
1668 29
1705 1784
334 810
990 1048
489 3467
2177 3250
1870 443
2708 3642
2118 1926
2266 108
2390 3101
6 2974
1104 2953
1169 3550
2696 3477
2071 3374
2102 1146
636 299
1131 992
3655 3457
1924 1703
3131 8
1101 362
1494 2990
1629 3257
2402 981
959 2253
2951 637
3199 1364
2428 1116
3256 3419
452 263
2433 1580
3022 1042
1416 3534
2057 488
1306 1467
422 996
2224 2484
3446 570
1944 840
1746 1470
3478 2351
2827 89
1660 2421
1312 1754
489 387
286 3331
768 116
1415 1725
1171 2009
3352 2788
321 1958
3463 973
778 2223
283 2091
3551 1953
39 864
1152 3357
2562 1377
1661 425
1452 878
3359 1604
2757 1448
505 677
166 2528
2876 2411
562 2854
3274 2450
2675 1128
529 1660
1438 142
2062 1232
2022 435
1101 2636
1584 2228
1376 1146
534 1932
2772 645
672 2821
3052 591
2733 2179
1806 2071
1604 534
2139 2287
175 1597
3241 1227
906 2754
374 806
3533 2879
2905 1199
335 3034
732 867
1423 437
2940 2902
1894 743
10 3613
1013 1646
1245 2060
2214 2773
2136 616
2715 2823
2576 515
2763 3452
72 1915
3280 3079
2274 1285
1117 1510
580 146
2908 3580
524 2662
2884 8
1231 1513
3545 1030
2231 1959
1740 94
3217 2860
3457 1039
399 1067
2326 2732
734 199
401 3408
194 3165
2946 3536
302 320
2246 2304
2680 1063
518 1418
3105 2486
3278 1206
2992 3208
3141 1207
6 803
3048 3466
1845 3154
376 348
615 3528
3394 1953
1853 902
541 1641
1117 1231
3083 1680
3468 1635
1867 2862
106 2683
2491 1789
2454 1833
949 637
3596 3640
929 1276
3097 1060
2212 2361
1703 2277
2338 1650
2726 2662
2253 2715
3386 306
1898 3070
2541 2047
2787 2277
2599 390
3348 215
2917 806
904 897
1336 2509
447 2636
2137 1822
2055 2790
872 2859
211 3526
1785 2597
1207 1206
2826 528
1724 892
1107 699
981 2763
2633 1549
162 1957
1121 644
2116 636
714 252
2566 1291
2376 1916
42 2008
763 2313
586 2240
1022 2678
2131 1503
2617 823
1421 1014
3410 2929
3274 1257
1186 1738
3461 2534
1387 2552
3469 319
3631 691
2237 1473
2052 2166
989 3211
3016 448
2639 2572
3159 1074
1273 786
2024 2890
266 1973
2364 1610
1819 1052
1242 3148
3514 2556
2255 728
1795 134
2920 474
2946 785
2573 2555
1557 1818
2277 1026
216 1622
3172 865
3439 2456
1533 736
867 1878
461 1740
2926 958
295 1065
2253 1895
1101 1617
3444 326
644 3053
671 3266
2754 2410
3411 551
3530 2395
3371 2634
3279 3661
3599 952
2479 801
1399 1130
97 778
2875 751
121 1849
2879 1414
2170 3486
1890 1012
832 2025
706 1728
701 2278
3484 2846
3452 3358
1001 2087
103 1898
1513 1122
1087 3429
730 1043
3433 2133
1543 1372
1078 2568
1954 1798
1991 2453
1804 1340
2356 1332
549 1288
3522 242
3089 2566
2095 1873
1265 1232
2338 3264
3171 1722
2903 3197
463 2453
3583 2409
61 3642
2882 2377
1757 2933
118 3108
1536 1384
2731 1442
1323 954
1137 1063
1688 3118
874 1442
2180 1536
2361 2701
225 1695
2396 2539
1378 138
222 1299
2826 1391
573 1379
2629 303
2012 631
459 3047
1819 3371
744 1885
2401 1332
1634 490
1598 3315
3244 2877
592 1095
2145 834
852 3591
555 2564
2850 3421
165 2223
1992 1742
1196 168
3281 341
1334 3440
2224 1337
3133 2910
2614 1917
1652 2498
2395 2722
2007 120
1600 1162
2362 853
695 2272
911 162
3168 1960
3082 2819
14 3463
1881 2561
2822 1488
426 1569
2123 467
3526 1110
2373 507
1205 855
2572 152
2642 803
1180 1879
964 646
1768 1354
23 2736
1347 2690
3204 2502
2923 2729
486 3014
772 70
2503 768
2774 946
293 1055
1578 148
991 2228
362 1855
2238 1201
3585 3361
1602 3299
2788 3108
1831 3553
1535 50
91 926
1020 3027
258 2288
3299 75
1472 3403
1570 3427
3457 329
1138 1510
2976 96
3188 2609
3283 1053
268 3146
2495 2382
1248 3120
458 1201
2236 915
964 993
2676 3196
3205 2078
1688 3162
296 446
3488 3362
2033 1682
1400 334
3341 2685
1876 1627
487 3246
973 2725
2237 2122
2506 118
1627 3582
305 570
20 2923
2910 2235
932 1249
1736 3249
429 1131
2728 2592
277 1517
1146 1570
3282 1537
1008 819
1263 310
648 1636
3121 2209
1324 3493
1557 1527
539 2507
3385 321
2889 2365
3382 218
1870 67
1240 3081
1812 2389
2228 1664
987 1984
1217 2942
2295 3023
2030 810
2453 2093
196 1581
2014 1646
3297 1207
2300 1741
694 258
2455 25
439 1884
3640 2418
1830 1814
794 3416
2548 656
2945 217
3289 1069
216 3571
1793 2663
1909 1141
492 226
3641 1238
1622 1071
2701 666
623 1087
3071 903
2615 2433
3460 3228
2003 3233
1442 857
2624 1290
294 1640
606 1966
495 552
1049 2060
1832 440
2627 1271
1933 1989
1912 1580
2736 3166
2161 1877
2359 540
2906 1113
2222 2830
1646 2472
217 1737
218 1319
294 2350
1402 576
2590 1572
1129 1252
3040 236
2906 155
226 1915
3500 3305
269 1141
297 2559
2639 19
3430 3158
3621 365
3116 2179
3654 996
624 383
101 917
348 1825
1842 1749
5 375
3656 3447
1763 248
475 143
2665 1634
772 1266
914 2712
3603 2046
3540 1306
855 221
1400 566
3046 855
1247 874
3200 1083
2920 1014
3448 2337
3180 2445
3636 269
494 35
3147 1133
336 2443
452 370
507 1859
1549 1688
1018 1911
3393 1506
2340 970
725 831
1401 3564
3666 992
1974 1865
567 413
1623 2942
3247 3241
1784 3574
2021 1788
157 1427
1433 1047
520 2192
2805 1677
2929 519
802 2658
3070 2151
3376 1256
391 377
3597 3071
1533 881
1124 889
1507 3536
2936 498
409 2692
2475 1886
53 3048
3414 1626
1486 2055
2398 55
1846 1712
3404 3264
933 2419
483 3101
2278 2086
1878 3235
123 1809
775 3296
2716 2462
1198 3540
3592 511
1599 1136
13 2634
1312 466
2194 2364
3072 2557
1477 3225
1586 3287
1153 3147
1751 3154
1418 1596
1820 444
3385 415
395 3625
3416 2381
752 2259
1237 2999
3013 1211
3580 1136
3642 475
704 446
3483 158
905 2385
1856 2720
1046 295
1102 196
898 805
671 390
3373 3000
2845 3662
913 1887
1833 3091
2364 503
696 1624
1940 1427
1734 2257
631 486
406 422
2626 3407
3629 2525
3073 1180
2967 3659
346 2499
1973 3040
1550 249
3250 2746
715 867
373 585
2931 2034
966 619
3611 134
142 1028
666 301
1136 2176
591 3006
1397 2318
625 3355
990 1836
1866 3670
2443 2459
2570 766
2230 404
3068 785
2200 2477
1806 500
2851 1208
2721 1766
1617 1864
345 1933
1668 1735
3647 2522
1139 2776
3253 2442
998 2802
334 1511
1542 3351
29 1713
1582 3644
1334 3459
2170 2908
3102 1536
2043 3452
3442 2726
1579 1420
404 2539
1072 1656
2193 2317
3164 1530
1964 2581
3142 1461
2743 667
411 2498
2947 322
1362 905
2512 1917
1174 2010
584 2188
168 2061
1652 950
3437 3128
641 1669
77 2815
2760 80
3037 945
3246 646
2901 856
2374 283
1344 1474
2760 1878
967 3114
25 2341
2763 2425
3215 3443
1778 3394
863 1337
3284 2574
3465 3189
2349 2978
2943 1276
2827 1853
3080 2571
2857 215
580 672
471 2486
3017 1732
1590 48
2374 1249
3460 1507
2845 1818
1713 3353
3475 2842
2314 2398
613 935
533 638
625 412
337 1900
513 2175
2537 619
1714 666
2709 2703
890 1301
2156 2075
2616 1518
3337 498
1236 610
278 32
3300 3170
3476 1165
1789 3106
1353 1501
2289 3493
2972 2172
2328 3356
3074 2857
343 67
850 912
1399 1144
7 1201
160 1679
2890 1881
1125 3498
1778 3340
1386 3493
2970 658
2671 3422
2527 1389
137 3308
1569 3457
1276 1216
613 1002
687 39
2562 2494
2435 2604
3102 2113
315 2180
1484 1938
1517 2239
497 2330
796 1899
2438 2082
2153 1908
1435 553
2554 2997
1695 3564
890 2487
2162 1213
2648 1136
2933 479
1224 1350
3478 2633
3497 3160
918 886
1446 1698
1126 3426
2567 672
1532 2214
2914 2404
3288 1964
812 3592
219 2396
2055 1474
666 3178
1359 3153
1636 2225
967 3627
2332 3461
1464 1004
3044 754
287 2337
1148 72
3121 3013
71 187
2776 414
2356 894
295 3124
1332 1181
154 2566
1931 3232
1359 2604
1950 3055
2248 2109
3622 245
260 1844
1251 2278
2702 1859
591 2681
3534 1445
2559 1016
1933 2877
2905 2131
2144 3635
2959 1788
2338 2215
3467 344
58 2667
3368 1562
1666 3292
829 1559
2180 1152
3082 1039
2444 1619
2467 3644
1804 2958
2807 221
1341 1688
2436 3049
1957 509
919 126
428 2306
2824 1692
760 3114
1533 2584
1652 3513
1627 3213
3580 2044
2496 658
3171 3013
660 2130
919 2410
695 1692
2427 1125
3577 561
1517 1818
486 2014
777 1512
2692 2127
2074 1990
33 3149
1042 2124
2040 3453
3116 3342
1501 3068
57 1606
2519 1323
3459 3112
2457 2303
1032 2743
2710 544
533 371
1100 3398
1966 236
690 3231
2031 3142
544 2174
819 3422
1782 27
3592 879
72 1411
2075 133
2181 2843
94 880
1469 2090
1710 3332
115 3555
1502 1602
3242 805
707 964
1663 2589
1362 3092
810 1320
1824 744
2561 2309
2532 2217
2149 1630
193 932
3073 2626
2982 130
1664 3456
139 2651
1748 444
1997 565
71 2257
159 808
432 793
2213 1065
396 3270
2569 763
3094 3520
1621 53
984 2068
2354 3024
2334 2732
105 959
2975 3027
531 1411
1525 2616
160 3638
1425 2768
2646 1286
1578 774
2807 168
3381 1537
298 455
3100 1087
1804 2800
2752 1861
3105 225
2338 2618
2052 26
74 1442
1616 1859
3504 1890
2108 3046
2596 855
1020 3104
1958 2635
2354 2146
3085 570
3107 629
231 2376
2039 1615
23 1044
1361 2321
2708 2294
2318 2600
1753 2202
2562 2572
2636 1549
2154 3557
269 1097
2289 3333
3334 1732
1740 468
203 1656
1097 1672
3056 1808
2189 2453
1596 2910
1002 2275
693 3514
733 937
1325 3479
3045 2858
1149 2264
1899 1703
874 2957
1872 3243
2497 1036
3240 150
3509 882
242 2655
862 2211
2505 1526
1773 1169
832 3213
1534 1061
2759 272
566 123
1513 1623
2328 1313
1811 2704
2439 1460
1465 335
3578 625
2638 2958
1061 453
587 864
282 3548
3140 96
1909 2394
190 2332
782 1035
1365 141
3126 903
2335 1964
3167 1025
2601 1140
2095 3466
3142 1848
1142 1541
2345 988
2290 3122
129 2473
832 2968
565 3427
630 98
1191 1926
1911 3649
609 1493
2870 1263
2537 3050
1001 1487
1188 2363
2911 356
2603 717
3484 1755
2249 1242
2905 901
2015 52
328 2615
2470 3508
173 2583
1337 2607
2384 2147
3602 2250
257 55
2183 1274
2648 2351
3093 861
1987 779
3550 2257
1142 2364
424 564
1996 2594
3488 2136
1566 3268
2311 1416
2831 1118
777 1576
175 1337
1668 3446
2505 1818
1857 807
8 3541
946 3038
417 1556
1072 1996
1224 2729
973 2286
1319 275
2550 3606
1584 1657
2283 2059
1789 3439
3529 2882
2316 594
1357 670
614 127
1438 343
3159 679
2064 2976
1213 3311
1155 3581
3282 1712
2451 1300
1205 336
1220 657
3625 3394
3096 1218
2525 3491
806 3148
1662 164
1255 526
92 1684
1019 292
3110 1097
3549 2702
109 1698
1849 2615
819 2707
684 116
723 747
855 2152
1001 2482
1645 3405
1770 1729
2707 219
333 1791
3186 501
2417 2390
3007 773
3032 1645
2444 116
1129 1072
3171 2683
1028 2991
1825 729
2019 3626
1156 621
2018 2448
3515 2783
494 2321
1201 2885
1458 2699
2122 1187
1262 1783
1247 1745
325 3363
2748 3374
831 1513
830 1100
1411 1827
340 3315
2585 2346
1063 416
2537 2407
480 2236
3124 1538
2944 2255
3595 3606
2841 2737
1532 1588
2650 384
3084 1437
1601 1703
1086 1694
3040 37
3655 826
433 2427
1375 2333
1718 1278
1366 3329
1974 936
1900 1901
436 2655
1178 2635
1316 2483
2820 541
3211 2563
501 1778
3546 276
1403 2718
3353 2174
2942 1298
315 3521
2331 3588
724 2838
2590 3281
2816 2205
1078 1448
3287 3302
3615 2123
1070 803
2490 86
3441 2278
3037 2198
704 2159
2811 2803
2894 704
1516 201
1083 2879
2543 3442
2114 3277
260 1643
2481 3431
2090 3293
712 224
78 280
1677 3491
3065 3135
2127 807
3602 132
31 1574
3189 138
2653 2669
1093 1636
2692 296
149 2027
2826 1665
935 3097
683 2786
3607 2012
3495 1509
313 309
3069 3468
2382 2084
623 1409
304 2567
3360 2704
189 929
1449 974
583 3499
342 48
3238 3662
1490 2606
1272 1407
385 1300
1658 3506
3050 90
2772 2739
3361 238
3421 1824
2309 2660
2731 3528
1751 2530
330 522
1350 49
945 3302
2908 2461
1625 51
832 2665
2011 2943
1738 508
1479 1702
1939 2555
52 723
2719 998
517 519
328 1282
65 2587
2625 465
1339 737
2115 1347
1929 2602
1043 507
1037 998
3395 3332
775 748
772 2665
616 559
2430 958
671 1009
2289 3422
3443 2006
784 784
1038 1693
1283 1127
3044 801
2915 2346
1781 1174
1423 921
1685 3387
1161 1761
3082 2618
739 2620
2383 418
629 487
509 273
1459 13
1203 478
1562 474
2429 2938
3322 3533
1887 1901
502 2920
3557 563
3023 2328
2803 160
2793 495
664 2798
2680 651
275 3666
360 1188
3042 1772
1438 1255
532 330
2853 1311
250 3080
2608 1955
3055 277
2134 3216
2705 1723
2919 1101
2869 947
2811 3226
1654 391
970 3614
149 3103
157 2675
538 2206
78 3120
3649 1492
2208 2618
3009 3428
3014 2518
2233 1286
1564 1642
2996 340
2974 2828
3646 1086
3552 2809
2005 1684
2768 2515
2697 930
135 2857
175 173
3489 2538
2517 945
3520 1632
2651 1777
2857 3536
2476 3511
3202 2772
2710 2079
2040 2117
2699 2336
983 3477
1364 2731
380 920
904 2842
3369 1716
481 987
66 1601
302 436
2997 1943
3098 22
1017 2892
1212 474
1840 2981
2114 2886
3443 1030
768 545
894 2491
844 363
934 1760
1042 2319
942 2647
1264 2251
2241 747
1443 1013
3448 2600
3049 834
2438 2064
1193 3241
2988 1068
2643 3353
926 3626
1134 3158
3437 1904
1111 1936
1765 647
3075 2686
2690 411
826 1864
3101 2871
3435 3502
2431 291
2709 1831
1542 368
2403 411
2912 1302
2343 3247
1739 1293
1899 2410
2455 1986
481 432
457 3606
937 3501
474 3355
1011 1335
974 2451
1022 3440
999 932
1829 879
1530 779
77 1404
1599 637
1121 561
2569 3542
2439 306
1300 2789
921 359
2769 14
1419 2649
2421 1999
2751 1930
994 873
3415 2925
945 521
3310 2346
499 2126
8 1781
1173 1861
2046 3437
2495 1284
2496 714
3420 1963
3131 1373
2367 629
3429 3182
3619 1127
2892 366
210 2428
1335 2113
1001 1439
785 1693
2681 2833
3078 3210
477 3449
562 3478
2164 1102
833 1389
132 717
1941 3158
2407 828
335 2910
2294 2038
2923 2326
1016 50
2240 239
3147 1182
1092 195
3551 2205
165 3094
1139 410
2949 1179
2926 3010
1375 1257
250 2365
315 1487
1989 2098
790 3469
3284 540
672 3121
1334 924
562 2201
3302 2108
1217 1777
266 2167
2137 1640
1967 2593
3170 850
2975 1740
530 3413
1353 737
1486 1664
1984 2657
3144 1925
1432 851
1490 381
1265 531
1444 1502
3358 915
483 3317
1629 2798
3174 1161
1526 1290
3603 2588
1658 640
85 924
2722 1477
1506 869
1722 2201
3302 1818
3445 1854
1399 3439
1719 1027
1812 1748
127 2763
3615 3531
1051 2058
1118 579
3602 1236
1795 3413
119 2076
1455 2146
619 124
350 3027
496 1599
3276 3402
277 2557
526 1660
1037 3471
2533 3533
2764 653
269 1934
152 469
2592 390
1363 771
2331 43
2611 2703
30 1847
3294 549
2175 2322
348 1942
2250 2227
78 1512
3270 2201
2031 204
70 684
1653 1056
1943 1751
2949 2422
872 3045
1486 652
2225 371
3661 2020
985 3608
2310 1099
1336 2799
3203 2089
2936 3301
738 1721
1032 1411
2159 19
2086 294
2441 493
3412 2316
1943 334
693 1846
654 1533
1646 3336
1489 1278
1953 1837
297 2877
1493 3215
1952 3249
354 3451
728 1403
497 124
1381 2092
141 1005
396 1023
1831 3593
792 3616
1161 1511
2742 727
2677 2642
646 666
1419 876
2871 72
2115 3174
2205 791
595 455
1088 1219
1361 58
906 2498
3389 2225
1763 2086
2983 3324
3222 2216
112 1888
2670 3249
119 2709
698 1892
3000 1105
403 182
3517 211
1541 1315
192 3118
1623 1743
1245 32
897 1005
3494 1079
13 1965
142 2577
1698 1105
382 2577
3477 2731
1296 3239
3665 1379
1152 3578
2104 390
1073 524
3135 1846
2513 2031
3140 2077
1500 2848
281 188
466 2108
2704 1603
3141 665
2409 37
930 3156
281 2484
612 25
3537 3661
3559 11
1378 1081
1833 2969
1450 880
2030 277
3469 3439
3400 3516
2565 958
484 3148
2195 3099
3023 1777
1786 299
979 2667
1080 2630
1706 1805
2060 3574
1869 3576
885 1345
1000 3535
2339 1248
2606 966
3537 3086
1639 2790
2034 1499
743 1840
885 3249
1496 242
3392 1076
3395 2044
3636 1651
1963 1111
2927 3130
844 2346
1784 2459
2664 2343
570 1079
2945 3375
3471 651
1302 2042
1810 3667
1485 268
2205 3642
1911 2830
1146 230
2095 1962
1447 881
2004 1679
2914 684
3324 1274
1334 141
396 2284
2615 1857
1460 3555
1155 1844
2678 1804
614 826
1634 430
869 1402
2563 532
2289 3395
1354 3632
941 1301
20 3062
1582 474
2594 1838
2231 3577
2188 2466
3434 906
1930 3581
3518 1580
2047 2996
959 2220
3181 2062
1443 147
2694 3363
2723 892
1205 1641
2063 3281
77 1755
806 1548
3345 224
1261 2866
770 1496
1181 1306
1030 3327
2810 1479
1147 1234
735 2395
2335 2061
3434 1235
143 2119
1705 351
3267 1503
845 2090
1332 1085
797 3355
2744 177
506 3205
2457 3361
2120 2266
3009 846
2525 2861
2743 2384
2007 1849
1235 3542
3132 906
1529 662
1827 1671
1395 3441
2878 1454
1272 613
463 2153
3643 464
1406 653
1718 31
1761 3524
1272 973
1352 910
617 1204
291 1773
2337 816
2615 798
1934 981
1099 2017
3640 245
372 636
2095 1602
1988 3525
2489 891
3436 2315
3291 251
3551 778
1753 2987
745 2648
3079 3
1458 2614
1083 3407
2627 1786
3100 97
3053 1574
2125 3338
415 3002
1620 3127
969 118
2330 778
3531 2831
823 2469
2697 2957
2417 518
3462 1387
3186 1611
943 2315
2225 3195
2409 770
758 1927
307 3081
339 2548
1963 2311
1860 3457
3059 2773
232 1687
387 1614
3363 2865
486 3612
3181 543
2988 1029
1168 1485
1674 2001
869 2129
1767 197
3670 495
2514 975
2649 1759
2175 964
2576 2629
336 3047
3500 2645
3129 2048
3309 2370
1720 3413
1658 3453
468 436
2426 1927
1644 451
2208 1799
2657 1415
2860 674
687 618
2755 2407
2957 2641
945 3368
3630 601
1955 2954
724 377
3427 1437
2639 1712
834 2293
1344 1943
2210 250
1853 3116
2220 2049
2546 519
2183 2503
1359 1983
184 1167
2543 187
2027 1976
1546 2397
2390 1597
2050 19
101 807
2224 2170
2624 1295
3250 2135
420 2092
1990 2020
2992 1796
1171 923
2870 1066
1238 2313
1380 1390
2015 3670
2937 3226
1175 1965
180 126
3451 1302
3497 1008
56 2545
2082 2918
3613 2600
3475 1720
2147 2704
671 1763
3254 2400
1572 1324
2255 3082
857 1648
830 1617
1455 3410
2549 586
2321 2408
1270 1950
3035 955
3333 1716
996 2738
2234 26
941 2119
3193 284
479 1637
1534 3522
1069 886
3648 68
1808 1947
3266 2720
1156 718
64 966
2498 3253
1855 2144
2511 2089
1719 2300
3498 359
1665 2855
2899 1740
2083 2873
175 3378
3263 2366
1398 2528
1191 2818
2839 1942
2908 3078
433 3610
2239 2818
3547 2964
2657 2100
993 898
2820 1053
1546 370
2361 2139
683 3220
352 3339
1351 1222
649 3330
310 1541
836 488
1428 1846
344 1347
3368 104
512 3424
3252 3610
769 471
2785 1693
2621 225
1507 3411
3432 1778
2487 3145
738 2923
3383 3538
2655 487
3057 3457
2290 1752
304 2642
2391 1646
387 2102
1441 366
1663 1922
1505 123
2351 2845
1623 3574
21 1680
1207 2788
654 7
1850 966
3279 1120
195 3246
1327 1364
592 2013
1505 1806
2923 1638
3298 3077
45 3239
1164 548
2930 3629
2236 3514
236 43
910 1632
1206 3370
2032 1666
2818 80
428 450
3443 2098
2151 2094
2093 2877
3123 3278
769 1914
2781 3586
1740 2889
2410 1120
2964 1248
2190 2120
2994 1467
3665 3144
2064 266
1306 3582
2993 3119
3010 3331
1489 2533
3429 1481
2998 3349
2241 203
2417 248
1900 1244
738 1325
273 1244
428 435
2903 621
2077 2495
3264 2416
150 2361
2755 2683
201 3247
3367 3371
1702 2419
1311 311
876 2370
259 1956
3300 3662
1725 671
2562 2958
1508 2376
206 3406
2782 361
2601 1674
2238 2685
3062 1706
3017 680
2136 3126
2253 3060
2196 1094
3204 2932
1850 2695
114 604
1784 3116
661 3340
3618 301
1893 3564
1514 663
2641 348
1812 3107
875 663
1087 746
916 3025
111 763
1953 2899
82 2936
2413 1612
1561 708
1882 3640
2325 2807
532 1879
67 1469
3359 2280
1549 888
2719 1622
2253 2807
3329 3187
2883 463
786 2721
3460 1473
1025 599
2398 1672
2708 1668
2739 2609
1447 2819
28 1295
961 2328
1151 1291
1897 3008
91 2957
338 3167
1313 2853
1914 1237
3383 901
2443 818
3218 3461
1588 2387
3422 3259
904 3516
2704 1247
2408 1206
2509 1154
635 3258
2565 1270
688 108
1392 1030
2612 3568
3490 3063
3094 3166
956 2888
3382 804
76 2145
47 414
1070 3177
928 3550
2464 1617
1233 2989
3455 159
1224 2630
783 2439
1052 1292
2367 1300
2263 1983
1646 2362
2229 3384
2354 162
2012 2753
2126 1427
1237 3061
1829 2882
449 2753
964 2786
736 2100
586 3487
3566 1981
268 3223
615 3570
99 2154
1878 1020
3222 2822
3450 3552
3114 1977
2318 479
2568 3146
1417 1069
2251 2782
1867 1429
3212 2940
360 3225
2687 2729
3269 1603
3017 3026
2241 2255
165 588
1357 1457
3116 1754
3351 1219
3348 2229
1028 912
91 3497
2072 2292
3192 657
3217 1966
2594 1549
14 2030
3369 1734
3561 680
2423 21
726 157
397 2676
581 2748
1857 1231
1152 2305
3367 795
1913 2409
3550 410
3476 1555
618 280
2316 1008
2964 2412
2859 574
2672 1973
2355 2477
2819 1882
2376 2281
1147 1132
2168 2550
3365 1871
2435 958
698 964
1747 2215
1932 1216
3549 883
1514 3367
2655 545
71 2635
2206 797
3421 1523
327 2918
3453 1388
316 3292
1800 1352
3489 2079
2675 2701
1119 1261
721 528
3140 77
2850 281
1704 2115
2148 375
3585 1494
2686 937
229 189
3013 1121
929 2822
635 1604
870 740
2100 3288
39 3304
1279 553
3026 3198
2708 2536
3001 1299
3571 1048
1192 1242
2022 3579
3126 1262
2170 3233
366 1622
1052 2494
2846 2824
1921 2342
2300 1294
527 2649
4 840
1534 2589
2031 429
2994 1783
368 1313
1252 1131
1716 3543
2456 2079
3099 3290
181 3279
1452 721
2341 2106
2154 334
269 3198
2413 1273
1033 2864
2390 2094
2534 1480
1389 1770
3371 1853
1763 2850
1404 3042
1000 3547
446 2835
1557 1001
2976 517
2633 1097
2164 2930
1779 2398
3324 954
2415 300
2387 2198
1149 2229
997 760
2335 1487
3029 335
2156 3577
3546 2690
1951 488
95 1147
2266 3227
717 1084
2744 216
735 69
1615 3467
1483 3099
3310 528
3235 3068
586 1939
1121 2666
889 2877
3617 1226
3583 1687
3469 25
2612 438
1020 368
93 1212
1056 659
2757 3293
3094 2201
2581 1336
2113 3381
2035 2405
609 3335
1413 1652
3642 2144
339 1887
1051 2839
2199 1035
1527 2035
3057 2712
650 1485
1930 2320
346 1438
3030 3639
488 1488
3101 32
1694 2473
1835 307
393 2726
2211 2464
3558 1903
1926 1690
1581 1554
1893 1604
2461 174
2424 2488
2915 1762
1909 2119
1654 793
3570 2517
3459 1410
1593 3217
2986 1388
1025 715
3260 2357
745 1474
473 905
320 2082
2882 699
88 236
2558 2727
1363 2883
487 2960
2714 807
3523 2191
2787 2625
1166 60
2819 1436
2982 299
2820 3457
2407 737
2958 1024
2969 3632
1607 1508
2645 2310
3480 2646
1481 703
2688 3460
3621 175
2192 2314
2548 1978
2545 866
1913 2435
657 1805
3228 2727
3441 1818
467 1452
3126 1920
1167 2967
1753 3371
1817 355
1740 1307
1452 192
2251 1316
2130 1691
574 2513
2897 2093
1359 1846
93 2353
1448 3621
2839 3024
2073 715
1850 2669
482 2707
3318 2127
2315 1552
2260 342
271 1543
1673 2979
130 2135
34 3629
2326 366
110 1982
694 2136
1705 1218
1832 1728
2425 1544
2901 2369
2488 1580
2044 1327
150 2816
1475 249
2684 808
3381 2685
2042 1679
2296 3198
1447 3494
1890 2355
581 2095
3243 2249
2498 3543
3223 1873
1493 2941
2469 2958
2092 3289
3022 3120
768 3240
91 1300
17 814
1988 1198
2383 798
1951 747
2840 1230
607 1612
840 1009
2413 36
2703 1424
3429 1215
3508 1607
2777 445
3281 317
1067 1588
3317 2545
1459 510
62 2067
2965 722
3479 603
2791 2970
3054 2374
477 1779
2565 730
406 1530
3503 2117
2142 3386
3273 2172
1725 2494
2 402
3026 2217
596 354
567 2941
547 1089
912 3624
3409 3238
3622 932
1077 1582
3069 1302
1742 1763
2708 1398
3266 327
2213 1789
383 910
1919 1646
499 3230
2890 912
1467 3110
3569 2809
2032 879
2539 1908
3432 247
2960 14
470 1171
245 3634
3293 2616
787 3465
1702 1245
3061 1502
2087 2328
1041 1747
3169 3221
176 1572
2362 3147
112 1086
1922 2108
683 1150
1515 423
1399 2180
1898 2780
2952 2724
1758 424
1452 3274
3420 2528
426 1904
985 538
26 978
2792 3565
390 3125
642 1408
2635 2014
1453 2790
1240 52
2875 2634
2320 1151
2053 1041
2998 1845
2213 3009
3332 3353
3576 1564
576 3144
1131 2948
533 15
1534 1798
900 3635
1914 2765
1698 3646
244 2977
3019 2414
3552 1297
2848 1561
2670 1432
2567 199
484 1591
1898 1610
2793 2281
468 3073
237 427
1569 3661
2269 645
2821 3157
2996 41
3210 3631
3192 3292
1438 3505
1851 3131
1389 3441
369 136
1912 2048
3014 3376
653 1204
90 2647
350 2873
1971 1853
260 230
3101 1533
1126 1722
2323 566
3457 3037
216 1267
39 1435
1253 3119
2878 3170
1344 2850
296 810
2481 1808
2801 1399
431 690
1213 3406
3001 489
2956 3522
51 1770
779 3492
283 573
1818 3267
2680 3577
1792 1309
731 1126
310 421
1952 1425
2349 230
616 3606
1855 1879
498 2777
1310 2997
2454 991
3268 3170
1757 3425
118 1193
1296 2515
3425 794
1235 2638
1175 88
2480 3348
1584 3060
1616 847
1205 2
1124 770
419 3230
3600 2778
3432 290
940 317
190 3451
902 177
3553 3432
2517 2215
3570 1157
2318 2677
3210 1194
3128 1992
3168 1371
152 336
384 3339
2544 2748
2169 2402
1789 610
2475 2498
123 3352
1624 3051
1996 1646
1897 2080
2185 438
2805 903
554 2479
3449 2722
2370 2330
2039 2427
1288 2718
567 3576
1210 3189
2889 2487
1842 1844
2586 1974
2581 243
1586 1288
1931 2739
441 801
2231 2619
506 135
774 2096
1922 3473
2541 2164
1952 1084
1157 3654
301 609
1419 2220
2088 3214
142 2431
3535 2190
1368 140
1630 163
1394 1066
3323 2011
1081 2887
3601 1193
1549 2887
179 1990
3591 474
2835 3657
959 1506
1718 3139
3030 859
2793 1618
1496 1948
1571 1024
2942 986
2408 3244
1883 433
1668 3336
2824 168
3421 1487
2400 1816
2930 1935
3641 2105
2999 2736
795 2375
442 2459
3444 2977
2682 2971
1078 1683
515 1215
2838 960
2659 71
713 3202
2707 807
1680 1951
550 1454
2093 1793
2579 2936
2195 919
3029 1256
3501 1089
3134 1548
2721 115
2579 1841
3569 2286
3534 656
2511 1225
1405 1922
1040 3450
3600 1008
1407 1919
1412 3112
2507 1107
1880 1889
1638 2371
3599 2232
2932 1718
3089 949
875 1065
2763 2273
1438 770
1228 2139
441 2615
160 651
1128 2038
2809 3381
2572 173
721 2146
3008 2546
726 1342
545 2977
1922 150
700 2979
1882 3440
2187 3626
1777 924
1401 1561
2479 2855
2638 684
999 1114
2945 709
27 2834
2572 521
1231 2865
723 1814
2453 2977
3500 1785
3646 174
10 1264
414 1238
734 3623
1485 2150
2972 1700
2522 3631
193 667
1179 2373
3168 3115
865 2415
733 3244
1247 1577
3556 2973
3457 533
452 1314
519 2761
2211 2320
2539 98
2127 1539
295 3222
2615 563
1806 1518
2599 1445
1770 1093
3517 2163
2544 2378
925 358
1501 28
844 2052
1679 2136
3550 955
536 950
2648 2918
2911 370
726 2144
2873 513
2022 2335
1996 2074
1665 2760
1773 2364
206 593
2699 3181
1073 3021
1184 1841
2483 1389
3146 628
1486 1194
1209 1838
64 66
2301 351
709 812
387 2539
1182 2756
1398 94
2086 121
2755 1202
3558 2216
500 3115
2335 1701
2593 2519
2067 3065
3553 2424
1157 507
1092 2488
1637 2247
3170 484
3412 3094
81 1591
2960 1530
841 2495
1214 3082
2553 1253
3418 421
1890 2481
1506 2774
1286 2427
1248 330
856 860
1342 3078
1985 379
1228 2920
3595 689
1645 1650
2872 3499
2770 2415
1363 1116
2016 162
3250 183
1729 3355
3347 2388
2869 1311
3096 2810
2656 2855
1120 1069
2137 829
1670 2709
1151 3517
530 2049
3031 1279
1847 1470
426 2705
1272 1974
1238 3047
673 1002
2000 914
992 2729
2441 684
1328 2433
1045 1399
422 3440
1684 3160
3232 654
3236 2374
2801 1665
1534 1159
1321 544
884 3417
73 1497
3493 211
3047 1997
3319 1788
569 2278
2632 2138
2169 3215
2080 3017
659 2063
3044 321
3568 605
2991 77
1758 2753
3455 3144
2220 1060
335 862
1588 335
2663 753
1771 554
2745 1178
1690 1595
3050 223
3448 1451
2462 1843
712 1001
897 103
2142 2576
1027 152
3008 3608
1710 2890
492 3040
1897 3599
1683 821
1083 2798
629 1827
2109 206
499 546
3159 3176
3370 2932
1287 2479
245 692
192 2466
580 2341
2944 599
1541 1474
1189 116
3353 2749
1848 607
1168 2016
2745 384
879 991
1467 148
518 2471
3229 885
2319 1878
2525 397
494 2771
205 2850
3274 3293
2979 2377
2712 933
3038 2155
3323 3199
1292 2857
3180 80
326 2892
725 2886
340 450
1036 1903
2675 1599
2263 1448
768 641
3026 3162
3332 3168
1896 325
625 1932
1585 862
3474 2855
3360 1404
168 3231
2904 1131
2473 1643
1892 1232
406 1197
1017 844
3601 1456
2773 2448
1679 1010
1890 3554
33 504
1643 3058
932 475
1005 108
2885 2683
3399 1207
1462 1995
1752 2594
3476 27
1473 2111
1440 1774
2913 1418
972 862
1529 77
937 2150
3024 339
429 1432
1271 1606
3480 759
2095 445
254 19
990 2826
1652 2685
3278 1671
675 1961
1882 3349
1859 389
2045 1458
110 1486
2989 560
891 566
590 2532
2173 3368
807 1210
1054 2331
1143 2599
1161 2168
1535 2742
2359 3295
298 1888
1465 1565
2039 3654
650 881
2374 2942
2160 2178
2019 1716
469 1538
2101 1956
864 1198
3291 3006
3411 3062
2462 2773
525 3467
