9122 1070
3662 8532
1290 7469
7707 3656
2347 1901
771 6401
413 1977
2000 5386
7510 1372
1908 3405
1515 6081
7604 4192
5878 5309
1538 2192
7751 2532
7777 98
3476 2234
2862 8902
3605 3062
2283 2404
2935 4994
8394 2453
6582 1290
1692 6859
161 1394
2322 6958
5164 774
8902 1016
699 1146
1060 7678
2109 7633
3844 2413
1169 8810
6105 4538
6226 9119
1427 1279
8245 279
215 3630
6265 4163
8658 4702
5263 497
8681 4638
8400 5702
4490 4234
2241 81
8840 4328
1541 3393
8739 2788
6702 5624
2549 1573
6481 832
1846 2828
4699 4684
8999 2133
7761 5972
3917 5288
1233 7694
6021 6643
1126 6344
6670 672
7086 6205
827 3127
4528 262
5594 8623
4799 4299
4774 1624
3374 6467
5792 6708
4309 7379
5562 4894
6965 4514
3051 585
3565 3227
4986 4376
8457 6979
8189 8670
2223 1915
2119 2708
5458 7065
7719 7398
8144 1300
535 330
6426 569
3313 7212
7097 2714
5406 6027
3508 6791
1646 6241
1947 6179
6812 2684
228 556
1914 5734
7587 368
2101 4337
3497 3072
314 7561
5089 1901
3699 5801
8491 1405
8271 3588
2318 4292
5180 4039
1482 5548
7503 4361
8898 2749
7042 7662
4432 8749
5581 7911
532 8210
3204 6013
4050 9015
4926 2533
4088 2069
733 6940
447 5499
9015 5218
5558 4642
2107 5482
960 5406
5491 1791
5905 3324
2481 8808
6616 7491
4608 6728
7964 542
2942 7287
3358 2602
4412 1495
5088 8728
3537 8601
5255 6534
4750 3984
4956 6610
277 4296
5394 1818
5906 8093
5006 3217
4955 792
8895 224
980 7039
8721 8791
2707 347
7368 5297
1720 894
1836 346
6303 6831
3359 6410
4128 151
7167 4256
4769 8183
8719 3087
5278 3260
5245 3132
8142 8050
7848 8548
5609 7136
365 1900
6526 5057
4423 570
4327 4492
422 4755
1154 2945
6476 7714
717 3242
2223 2227
7846 2893
2895 5859
4620 4960
82 3668
2250 7609
3672 6004
8396 7439
5226 4866
1618 2306
4807 8422
5029 4966
5517 7165
6615 5241
6443 4880
612 416
3371 1595
3388 30
2951 1967
7892 7595
2820 7422
7571 3277
7708 2516
8419 3810
4990 4736
8407 3828
1522 1811
3048 8851
4612 169
3706 3085
773 5611
217 2801
1903 707
3817 7762
4506 8457
6226 1978
5695 8815
2131 3290
4343 8105
5514 3578
2848 5338
6784 8608
9013 847
4561 7397
8573 3393
6061 2931
4035 6690
7032 7853
863 2890
1860 4933
5051 5811
2317 4313
652 8458
2419 7277
5758 3270
5078 121
8315 7603
4140 1274
8774 3682
6206 4450
5479 4896
8343 1503
8240 3323
2149 8388
8067 5296
3216 3573
709 4267
5590 1606
5451 4815
5642 2893
6321 5623
559 7962
3673 8302
1155 1928
3531 7856
5566 16
8572 3179
3527 2687
722 2368
7010 394
1785 2420
3413 3371
1803 738
3675 6705
1591 8455
7522 4341
2461 8950
8900 2327
1825 5177
6839 5497
7637 7124
5071 6747
3162 269
5539 2857
5305 7865
4541 7542
2994 723
385 8514
1094 9102
1740 4373
66 364
857 224
802 6158
6150 7192
8895 940
2797 2492
74 6414
4419 8424
7835 933
680 7517
5683 2628
7570 3485
1050 1676
757 7488
5133 3232
4256 8934
7866 8628
1408 1278
5770 5841
1371 6987
4614 3878
400 5267
29 1184
5321 2836
2691 8577
7993 6621
2868 3132
7679 5929
4184 6976
9068 914
5907 1819
766 4492
5019 7997
7630 1989
8484 3059
5503 932
7286 1935
6138 7777
6037 2938
2808 8159
1858 5124
2614 6619
3715 2953
3574 7246
2057 6528
6149 5390
7123 4046
4850 1278
4171 3611
4680 398
2046 2390
3004 4826
1456 8322
383 4273
8173 8284
3196 8430
4114 5759
3456 2919
809 7743
6329 8442
3607 2925
2306 447
8384 6442
1310 6494
1468 6025
9120 2157
2670 6262
7397 4554
8806 452
6776 7297
3254 1118
4501 5872
8941 1227
6269 623
2681 465
1636 3041
3261 4361
1471 5296
2952 3511
3896 2482
2158 6665
2176 3284
4677 6695
359 3656
260 786
396 2768
2289 4559
5472 3828
7123 5619
7419 3696
5207 5329
7534 470
8750 5183
1063 3552
5070 4396
6263 3577
45 300
6637 8631
644 7481
2278 6326
4078 3432
5602 7979
2500 4427
7701 1434
8758 8651
8566 6134
4868 3142
2477 659
7054 5880
8369 4269
2920 8545
2422 6915
5601 6637
1484 3655
8374 6113
942 7806
8256 8781
3982 3473
8931 4554
5289 7508
8022 6722
3890 6959
5320 7913
1003 3594
3693 4438
2072 3723
4337 1326
1411 4336
8382 3414
6231 7507
6654 2903
3225 6224
3530 4875
7216 1063
1724 3170
4744 4928
2939 2309
6227 7664
8486 3352
3657 8514
5349 1716
2166 3368
8155 7684
1344 305
8954 3264
4294 7748
2933 5675
2246 2931
7684 2742
6509 2671
1209 4035
8966 5251
5983 705
4262 6120
910 5421
2642 4407
2864 6850
2925 4781
2503 2203
693 8184
6622 7537
2840 8312
6528 5620
6278 2774
462 6742
3530 3441
5033 4030
196 8205
6090 8969
4242 1598
8685 1733
4418 6847
6381 5862
4480 6680
6019 2960
5425 1699
7800 2251
6596 794
6701 1503
5927 8089
4626 4328
3283 4908
8757 5719
5637 5822
6855 6157
2755 6032
8216 1366
3123 4023
5271 5884
5836 6313
8961 4190
6269 8299
1271 417
8253 125
6111 886
4371 247
1388 2902
525 1421
7970 6366
447 2203
7012 476
4933 7748
4586 3215
6131 1233
2374 4136
2027 6825
8040 8053
3305 7852
7505 76
8803 4867
205 6793
3066 4632
4989 5287
8282 4767
1564 4948
4984 1021
5641 1386
6808 1787
7825 5205
5583 6451
2653 978
3072 93
2639 3856
3649 7614
1048 3651
141 7737
7930 8220
5719 2965
2828 215
6404 814
7377 1601
8262 8679
6322 4173
2577 813
7688 3272
5791 5105
5029 3206
7201 6873
8280 4890
4677 2198
5845 5934
3193 720
3684 7890
8439 1136
1821 5153
3880 4410
8992 4187
4294 2411
4601 8711
4530 1082
64 2916
6018 4229
6966 3927
1335 8037
4993 8516
4575 671
497 956
1896 5257
7655 2179
7757 5473
3665 1262
2321 633
5668 572
7893 1383
5208 6831
6084 8474
6933 3625
7555 8428
2832 7394
2514 2211
862 3590
5917 6238
5443 4870
3859 4807
4427 2997
5273 3558
4665 572
1319 6985
7157 4550
6292 8458
4969 5351
5528 8410
6776 5650
4302 1657
4914 3522
8073 8787
8699 8248
700 7432
6401 6759
2618 3651
4567 2241
6684 6433
6896 9032
669 2852
3059 4274
8075 2814
8233 1466
5503 2842
4194 5161
3842 7233
485 2404
8114 3961
8330 1852
1131 962
4189 7381
4513 791
7352 1645
2116 761
430 295
6579 5124
3797 5502
8670 6787
1377 4789
3196 628
6033 8714
7183 7136
1295 8670
1489 5721
188 1423
2110 4246
341 6969
2791 6665
3086 2817
6923 5401
3605 7373
8305 6252
8859 4474
4971 1823
759 2726
228 7900
5345 8698
248 5653
5958 7051
1915 7078
7212 3366
7371 5169
936 3670
2851 7890
5569 5330
1031 6023
4631 5446
8932 2434
4952 8028
8626 4646
5018 7034
654 7654
1524 4161
4379 3127
1331 1178
5877 6780
8410 8435
2941 1858
3783 978
7076 8706
3618 2786
8249 4569
7505 1826
2493 206
7415 2249
5503 4265
5822 68
5850 8397
6769 7377
2416 1335
591 7535
5410 4238
5124 602
8589 1196
1223 2346
8463 6102
8550 8447
8966 4073
4022 8917
5871 5018
3827 4188
1136 1218
8535 2595
5325 5133
5325 1960
2619 1064
1716 2957
3716 2023
3979 45
3637 5050
157 6331
7041 5811
2469 6506
1276 192
5137 8030
4463 3840
4723 8038
9090 7988
1859 4821
6786 8750
4604 7267
978 1995
263 7781
72 602
7428 8792
5667 6710
4921 638
8373 7186
1411 5901
2365 6457
2983 784
4757 5990
6950 6567
2802 2446
6454 2033
2170 7298
9110 5724
7241 5897
4949 7797
8291 3118
4709 1115
5661 356
7054 8726
4960 230
8054 8064
3317 532
7831 3065
258 4076
3880 150
4140 4232
8769 1530
1542 7729
958 1084
7920 3060
6168 7912
6874 3641
2108 64
2519 1691
6373 5291
3383 4138
5322 857
1660 5826
3770 4685
2515 4934
2885 7999
6001 1818
5280 4916
4383 321
8854 5364
4572 4861
8925 2269
8633 7785
8464 5188
3406 3999
7336 8588
7419 2319
5555 5751
3783 557
1013 5712
4591 6671
5509 1609
1723 2994
4837 7795
5319 192
3777 536
8614 1982
3404 7458
4665 2541
2264 6102
4799 2047
4526 1345
702 4321
440 8734
4244 5866
1049 5838
5106 1877
3111 2318
8110 1827
2121 3092
2234 3508
1220 4870
4617 868
7548 4455
4421 531
3308 2781
7377 8136
8673 7928
6716 7398
7006 8559
3398 386
2828 2993
3728 942
8697 5915
7931 2377
7289 8106
8476 3576
491 6961
7711 7606
8110 6390
1073 1306
3873 4245
3604 7959
6334 4827
848 7
4699 5659
694 6935
2685 7844
7427 5620
1618 3155
1636 3457
4792 8412
4376 2402
684 7797
990 5740
965 7466
5391 8514
1647 3255
2758 3659
6879 4920
6690 1060
5892 1020
3652 2583
4440 4759
4420 4732
4178 1876
7404 3634
321 2740
6719 2796
2346 8449
3449 1973
2026 6227
8366 981
4428 290
5101 6916
8347 8972
6158 7559
8013 4037
92 4290
5464 8126
3849 2793
1155 4724
2678 7898
3720 8425
4327 221
8853 1030
2279 1302
3651 6397
620 3312
8224 2234
1107 5854
6952 8419
4547 7951
6135 7975
2075 731
5293 3249
6648 1061
6207 3449
394 7664
6193 5579
1814 5363
5016 6930
1367 2471
7206 858
695 6803
5767 3889
4556 1220
8863 7197
1926 1600
5766 7645
320 3642
5848 6054
8924 7597
3126 4418
4798 8707
2305 2120
6346 7810
7064 4950
7125 4955
3084 2264
7865 4214
1655 6082
9021 747
5482 8856
6741 2542
4877 8140
4018 1399
4892 8019
3641 1710
5306 2908
8777 1149
1700 2348
4634 4322
7103 4432
3473 3037
3406 5968
4232 2557
7740 6191
2984 5896
5080 5774
3324 6346
7412 4767
1543 187
6494 7337
8941 3633
8303 6229
5652 5397
6778 5798
8689 2754
43 4392
976 5092
2645 2850
3172 5748
1484 2453
7398 1744
6438 4676
8528 2504
7991 6815
2659 2593
623 892
8772 2814
2617 6273
5349 8664
2254 2828
3193 5206
5980 7084
4761 5438
5265 3286
2431 3944
6607 1959
8966 503
6681 3438
7337 4668
4832 4500
5525 4063
2104 3814
1604 5119
5976 2182
1837 4803
2530 3728
2678 716
6298 6166
3823 4842
8639 1564
6369 7020
8343 7255
7748 866
5854 1578
6914 3
8629 5813
8708 7576
3320 4446
1827 6412
2718 3745
2915 7474
5401 6582
7071 3633
6187 1937
946 1847
1519 5522
1072 3942
7276 7934
885 994
7898 5696
2866 4999
4716 3507
4034 813
2564 1623
8520 6860
410 2791
4767 3075
2279 7774
585 3147
5671 2913
5374 6031
7703 2716
2528 7326
2265 5558
8970 297
4688 836
2692 14
457 6129
6629 4955
4129 4063
1177 4385
7252 1556
6057 4072
3554 7929
1438 207
5180 385
1592 7103
5800 8755
4875 8904
8342 6435
3355 2732
126 2801
6401 1539
8324 2445
7802 9099
7386 669
4436 7353
4223 2532
1972 8212
3839 5772
1148 539
8244 4244
1393 6986
420 8517
1080 3892
5664 3430
8376 434
3605 7331
26 4072
1483 994
6170 5625
6044 6961
7766 4245
3507 5760
4125 7295
7974 441
6138 593
746 3579
4299 9032
79 8186
7287 3147
2271 3146
8080 5111
6203 676
4023 3693
1841 3020
2675 8258
5721 7483
8883 131
8487 8670
6524 5447
165 7147
6704 8417
1565 919
868 1160
8380 4291
602 8669
6396 2411
5713 8306
6385 1264
350 7211
5070 8193
2824 7548
4778 7576
7899 7527
75 320
3470 4847
5803 8301
3978 6639
5745 7736
4893 6245
7944 7531
8464 2312
8983 8830
1090 504
6701 3127
2395 1824
7481 2581
1708 250
1943 4586
8579 8268
7706 3799
420 1608
3907 7905
5967 5766
3593 6735
779 7189
2554 3136
1988 8599
1513 5418
2784 7057
5916 591
5534 4188
3434 895
1663 8913
2377 1968
8116 2030
5329 5515
2514 3193
5866 7730
2090 5048
2428 1153
1262 8959
583 9035
2788 7202
6643 2316
9027 8338
4496 2689
2363 919
3154 9099
7499 8561
8176 5379
2485 8285
4776 8883
5182 5809
8265 5958
3223 1320
8942 3489
2063 1378
4511 6696
5502 8147
6661 4565
1926 2474
6820 4389
6894 6301
887 8710
3541 1911
7319 8901
6383 3082
5419 8783
