1936 9789
200 1358
595 44
468 469
1369 1029
1468 792
1277 278
522 1392
1119 1232
1773 1821
258 1558
129 1836
192 1569
941 421
1149 877
1334 947
456 1412
993 1712
1758 357
758 861
969 1073
656 1003
1126 2
928 713
212 455
866 1658
24 624
471 786
78 659
689 1565
1929 745
1501 1612
492 1513
1083 397
1489 1406
1833 1893
214 679
1501 1213
72 379
225 1254
407 70
1465 1291
313 501
480 722
794 746
1376 974
561 1644
1297 964
1134 671
1593 87
1792 1787
945 914
643 1484
1784 546
1190 1445
256 1198
1066 1889
1478 1091
1159 920
1120 1600
89 1002
207 1419
1607 555
20 399
1444 1723
143 1843
1102 1600
1746 919
148 99
116 493
341 4
1361 1394
164 1451
751 328
1431 220
43 1601
334 1190
770 1690
112 1016
220 1810
1681 752
1090 1765
353 1618
272 537
1278 337
742 1620
265 1517
1384 1416
1590 1737
21 188
237 1655
917 1785
1725 755
844 1726
144 1449
987 576
1162 1284
949 129
1851 659
991 443
1140 1850
1361 346
1782 387
169 1251
182 1806
1135 821
1404 1676
1122 747
1707 84
1121 1898
331 1777
903 189
1410 440
13 1339
193 1225
995 1074
538 1825
922 754
1375 826
1640 56
1654 1088
910 485
1575 1851
667 239
1654 1396
1556 1492
978 62
685 1923
1182 1207
519 391
1809 769
1525 1035
212 1313
1546 214
585 1178
1501 609
1849 529
1289 1333
838 1197
1521 1078
63 1646
592 1558
1858 1191
1551 1863
747 712
1200 369
1883 1724
1879 1228
100 1404
249 1323
656 878
1244 1525
1730 1486
1022 1793
660 1206
193 1021
495 1821
1411 299
1129 1002
1677 681
1241 964
1729 1787
1926 1288
1126 1367
429 693
17 1085
145 1255
361 1825
45 606
332 1623
1301 554
1360 505
1115 501
209 359
1597 253
9 1372
747 1725
511 538
902 1160
534 609
1652 1409
357 801
1857 1273
503 409
847 1094
1833 363
1357 1372
1041 846
1718 1434
638 383
1633 1348
1066 789
1014 1417
1547 48
1920 96
1801 1246
1613 1828
555 825
834 681
154 368
1563 1385
551 289
1025 544
1496 496
373 1216
205 198
1272 1794
561 1176
1309 1802
444 19
934 645
1061 545
475 706
421 1931
57 1178
1591 1100
1142 1421
1739 957
1107 1627
1722 354
1627 1035
1683 1840
1608 1803
1860 1753
885 901
388 1094
1645 107
317 1727
594 1791
552 826
538 1329
737 1326
292 1605
793 1411
361 880
793 1369
285 735
884 337
356 100
934 1899
1649 1294
521 156
1706 100
1862 1196
1895 958
936 186
217 33
1036 237
1272 1732
324 424
197 851
556 408
1726 1056
1892 381
992 512
603 1715
1718 329
733 444
1535 1687
1795 1115
1166 933
600 223
283 1278
1772 1371
599 1680
242 14
1516 825
1684 1844
259 833
1926 968
447 756
936 1732
1815 202
1268 1383
465 1573
1160 1009
1018 1399
1310 1694
818 349
1222 669
564 635
21 283
131 1781
327 817
1663 424
1535 1639
1575 1075
1808 835
1737 1477
116 1202
1317 1380
809 18
1264 1719
1612 442
1747 865
1469 806
3 635
1090 66
1212 1052
1863 354
1623 1831
515 125
603 1489
471 660
383 270
1487 258
1389 264
315 193
467 1770
23 406
435 543
1157 411
1242 82
1533 1640
653 1697
1195 156
1119 83
710 1309
591 867
1489 1882
430 1481
506 938
1263 291
592 275
599 197
178 1048
692 1466
1811 1328
1370 341
585 159
1544 777
644 1219
634 1361
1372 973
887 1724
179 986
986 25
985 734
718 988
687 796
1394 666
1795 83
12 1302
986 1448
1242 984
1163 1596
1027 903
504 43
1564 691
280 737
567 433
1040 1832
1702 948
640 546
349 820
201 79
1861 62
924 684
1645 280
1838 600
1131 1791
984 964
145 1599
1098 519
1530 1678
767 1243
1923 1413
316 1831
582 796
338 442
386 385
580 1153
183 1173
786 581
1853 1427
1571 676
260 238
1681 1258
773 598
1342 1339
1880 790
1781 1168
719 109
492 1276
1007 342
245 458
815 1031
1027 1509
154 1731
1833 707
1086 76
894 1375
614 216
525 946
693 415
1785 1389
1753 1151
478 869
1167 43
18 523
933 70
1035 1095
42 888
922 1728
706 188
757 1851
326 1494
1618 798
872 451
830 976
1716 1326
990 1247
1697 972
1693 1149
439 1718
517 151
1707 1
377 483
1382 715
30 1430
1060 1891
1449 272
151 1781
1331 1637
940 1890
1914 1832
1797 1048
1697 1574
1686 1411
616 652
1883 207
1430 1205
1094 217
1202 1444
1463 1233
625 1147
1491 1758
554 470
1383 670
1686 199
1078 1208
515 1471
1838 689
135 565
633 1798
257 1526
1231 972
1147 265
1129 226
1483 1261
944 1008
986 1618
52 351
1276 1649
601 1844
1213 1017
235 138
1917 1527
1346 1099
802 417
1840 1755
285 1791
600 241
1479 998
793 562
697 1218
1831 700
282 752
907 1660
163 1429
1809 1036
143 623
879 1821
1886 150
1461 1116
1464 1854
1071 1492
383 1163
472 17
462 977
1065 956
1342 392
95 312
743 1752
699 967
802 55
50 1385
637 1084
101 1475
1016 1055
107 1592
1373 1039
1146 1655
957 319
1844 1104
132 1406
718 260
654 1153
1372 1288
532 896
680 789
1630 1066
1346 1392
493 261
1793 1505
1120 1350
1528 1218
691 1865
515 1654
729 62
16 595
1406 1472
811 781
303 659
1810 1297
821 217
1671 506
1372 849
724 756
1921 1518
424 1147
1002 479
1344 1310
1648 1071
801 1318
1880 139
1473 701
1903 236
1765 1933
1491 465
245 86
1118 1274
124 1306
1005 738
1052 1737
1872 874
1774 661
1274 1694
1479 1665
1703 663
1254 11
461 1132
1033 1154
1564 1174
1599 742
815 1423
489 1275
1364 1509
1450 937
1672 1056
462 996
699 1358
1622 963
515 1624
1 78
781 1411
1286 1001
654 69
333 1831
615 1
1918 525
1495 1313
114 773
634 623
1750 1835
1743 1216
1213 1304
520 109
1397 1704
570 1008
34 1482
101 727
1334 1076
1661 840
738 256
534 1458
102 342
287 987
1444 679
1077 891
51 692
1352 1620
1215 1401
1338 1660
1134 1914
1459 1593
94 1400
707 1689
1081 591
303 1018
1098 1263
220 908
538 1573
170 1329
1811 230
1639 62
1670 792
581 514
663 1660
1013 815
966 619
738 1881
1673 620
1451 1146
916 1408
584 704
1643 1370
1886 1028
1470 1294
845 1592
819 1125
1814 1532
1442 1290
938 1916
1529 725
1870 1594
96 241
1531 1043
791 1931
945 1841
139 1625
636 1133
1191 1605
639 1870
1911 325
1260 275
1752 905
165 1416
460 96
1709 968
969 822
56 1376
641 174
1873 972
156 1800
90 32
1249 1440
1118 949
1316 851
99 1550
969 1038
1339 117
134 1109
121 839
1463 1820
512 649
1835 1413
1511 534
396 487
377 102
1932 696
1033 1404
795 807
163 76
164 840
382 887
135 61
253 1684
562 637
261 317
744 1315
1880 1923
1315 1910
208 383
1670 800
1447 1463
635 1422
387 377
1388 1187
1311 1254
1373 425
405 526
1446 1013
1032 1476
14 1350
1245 413
482 1434
1513 1723
1462 1292
1541 1249
1410 1326
943 578
654 1646
171 314
1512 1145
150 632
1442 1801
1498 1302
1161 636
1310 727
1775 691
693 1084
1498 1171
663 947
1414 379
1372 269
1269 114
1252 842
375 317
581 1012
1813 1019
252 468
1670 205
1396 1364
1028 36
1844 915
313 232
738 1198
436 1011
677 417
104 696
137 522
275 3
1516 1926
1547 1535
1221 1210
388 1854
676 816
1407 840
532 924
1101 450
845 1082
241 826
167 502
275 62
1592 24
416 1190
1022 1642
527 964
649 871
1343 422
1567 65
76 773
35 1487
480 638
448 1010
357 1291
1503 1538
217 1245
1784 137
923 1831
548 1836
498 1034
737 1666
1197 937
991 658
597 680
1656 301
974 982
45 117
668 308
347 985
1907 737
1452 1934
1255 963
1097 1019
1409 1396
365 1009
691 583
613 1461
1682 1621
1012 1724
1570 1721
1795 338
1905 1508
470 1334
1881 1277
937 1077
521 1273
217 1746
1773 211
927 47
889 1384
1639 1435
869 1889
719 712
1010 1566
250 727
1707 156
1173 1235
1670 1570
1601 1639
1354 1454
1743 1628
1547 1767
1546 1042
1056 1710
717 794
1590 598
821 1071
1789 957
1377 367
1200 422
1479 1417
562 1109
592 1605
500 1094
1395 170
1619 330
1104 1344
350 303
802 387
773 730
1271 1536
1085 36
1068 159
608 1054
113 1421
977 1203
1149 453
893 1097
426 203
781 1586
448 565
904 757
1376 118
565 468
166 1655
830 875
194 116
561 84
1552 1857
912 953
803 295
248 983
80 1823
494 699
662 746
325 908
1420 1003
557 308
1731 33
1237 684
635 1764
1041 851
1521 699
1718 251
1381 808
210 1265
521 1217
346 791
102 924
1435 207
1673 1494
17 342
715 1024
310 906
238 950
1378 1866
738 349
1409 57
1192 777
1106 1374
1646 1208
891 1306
505 750
1690 183
753 1006
1174 922
1574 706
117 1477
1712 1624
471 1724
660 1721
1423 1377
1714 566
977 510
1179 1265
598 479
785 709
1709 1417
230 132
157 1723
1398 507
1381 1343
113 3
1156 301
1504 423
1636 157
505 765
1024 1766
334 307
1527 808
63 1128
1465 451
800 852
1326 593
1429 1364
646 1383
1065 822
475 131
574 1501
530 562
303 385
1249 529
418 247
1882 1198
217 73
1781 587
343 625
813 125
687 567
1632 807
8 757
410 1470
430 147
1819 377
1298 1619
1636 1112
49 1483
818 1117
209 1867
1217 91
1528 538
737 265
1271 802
54 819
420 612
505 622
661 153
796 1638
1320 326
1675 278
1520 1898
142 674
1641 1640
203 4
1869 1452
1176 674
1711 1916
1902 201
1284 1212
361 728
1393 142
1468 1915
1632 1236
769 1313
732 1699
446 1309
700 390
851 38
845 1404
416 971
839 655
1140 1031
1617 1154
464 508
1137 102
873 1472
939 345
1676 1617
651 1019
300 1301
286 1790
296 354
1674 1786
1512 1703
1263 1387
629 709
1909 632
1688 206
1380 96
1434 1832
338 866
299 1806
822 1849
271 1140
1500 1282
322 500
1138 28
92 570
1583 587
1504 520
307 585
1550 423
842 282
1641 1467
346 890
34 673
1211 85
755 215
422 1234
648 936
1382 141
1431 1172
1387 496
1472 1000
1918 1757
1632 30
1103 715
672 1108
1530 1146
1578 337
616 436
795 218
145 1810
1044 256
751 377
1914 707
1549 1743
382 967
943 446
615 1665
1756 1363
1883 14
1461 211
93 1504
1433 860
528 1670
177 1219
233 1783
23 783
322 1867
180 128
875 1558
982 653
924 226
336 1802
725 135
1339 642
1814 874
27 263
1530 1840
716 1715
254 1805
1563 1001
1408 1165
465 157
1090 413
1002 1213
1230 775
372 779
1540 1545
563 1288
334 129
1905 526
1044 1863
483 106
1275 471
566 148
985 601
728 652
1732 31
1508 515
1272 538
373 1795
807 553
1499 1228
986 1072
1771 396
1798 65
1377 650
634 233
1649 976
757 1401
140 1314
1172 559
1645 191
1161 417
786 1763
295 454
536 1142
170 1409
912 517
403 906
1246 91
817 59
160 843
1324 36
315 349
1466 1051
1744 1139
100 756
1534 134
1251 1336
385 1298
372 1637
889 266
667 66
901 10
819 1005
1742 1287
531 1219
1792 1381
300 1356
435 1365
1632 672
792 280
45 1418
1103 1557
550 1607
1893 1283
994 1291
1578 100
14 1265
929 734
669 476
1808 566
624 446
1687 1243
1345 1540
526 509
1401 973
599 1272
690 1062
403 145
534 1235
16 59
1670 1147
1072 1638
551 1345
229 1174
1158 1898
424 731
204 560
73 1250
1181 1730
880 1783
1418 789
946 165
1543 1116
527 1372
631 1887
1800 222
19 1275
1487 1894
361 1030
1559 1781
1137 397
233 90
347 1772
1592 1838
1028 1737
1501 793
744 1085
892 180
1505 1168
311 1148
733 1728
1297 1327
1470 445
650 983
1755 485
25 1392
531 1303
649 1576
1473 134
394 1026
172 1452
808 614
1302 584
521 201
1444 69
399 932
956 57
733 611
1690 151
87 1453
1070 945
578 875
1439 765
442 695
787 1458
274 1491
966 688
1270 1746
471 1610
733 775
1779 97
474 136
1241 1710
994 958
700 1323
1352 1836
951 1774
611 10
970 659
705 957
35 134
1765 516
456 1578
923 1345
1313 120
1053 467
1042 1479
1422 1100
1254 1604
1395 1508
1735 1246
1073 169
378 1441
1426 576
1928 397
898 381
1926 1843
533 1370
758 332
171 152
1862 1237
379 224
1159 1914
1149 1524
136 1550
1284 1016
1552 580
440 806
331 238
1522 1554
44 1039
1168 90
48 1903
8 633
963 1739
794 1482
28 118
1758 1363
659 624
140 1221
323 1712
1258 1278
427 705
1152 329
1278 807
503 739
74 253
1328 1003
246 685
162 1237
372 907
779 1514
1702 1166
327 1792
941 875
766 194
204 1615
392 380
539 73
1660 1301
1319 227
1222 1304
1303 91
502 993
1050 530
517 1857
1788 688
1731 1086
1879 641
1788 1530
550 624
329 638
117 1871
322 1492
1332 736
865 1454
523 371
834 1141
1927 317
454 545
177 1025
407 1522
160 1133
1206 729
693 1396
1824 1895
997 83
1503 175
563 1602
1564 602
779 954
467 1448
1628 669
975 1917
1069 470
420 1744
1648 1054
923 443
531 1912
376 1935
1715 586
1447 1240
475 1480
613 1529
811 367
587 179
1780 1130
1429 999
239 1397
129 1430
13 732
1635 1168
1689 830
1365 785
1258 500
284 325
37 344
1238 1684
655 1283
1775 910
1215 1463
98 35
1026 1846
316 335
1752 1277
1245 65
1372 721
712 1719
1154 1124
1866 1816
1240 372
1207 1037
1231 81
1744 573
1683 808
96 83
757 288
214 878
218 32
125 421
1068 1452
422 133
1358 1786
1479 1224
173 245
1021 1108
1874 813
589 1677
933 1465
713 776
1179 939
126 493
1135 574
1225 1063
463 574
1113 348
349 1603
1440 868
1078 92
1604 1495
176 836
1330 1336
1724 596
706 328
1226 21
357 1336
716 1471
1931 1615
1699 1699
481 435
1606 1202
1447 632
1393 936
1072 770
1769 1129
1554 1721
573 470
1390 1624
697 1003
1658 578
692 1112
1161 226
1705 970
1228 221
835 1366
161 1222
626 1665
1482 925
986 1695
441 101
106 1286
1287 480
1178 622
1188 1722
1933 1127
728 1055
1174 759
8 698
727 446
1572 587
213 8
606 1059
680 1791
933 271
926 11
1423 623
350 1543
1125 738
922 1680
1800 96
1389 860
305 1123
244 1013
230 1811
1674 1217
1065 1165
716 1311
1370 1503
1483 800
1533 1458
639 80
470 1429
1000 1263
769 1154
464 1153
1070 1711
1421 1870
665 787
1506 870
1928 1010
133 1093
1709 759
1531 1327
379 317
1760 984
1862 891
1619 994
1603 58
941 676
46 756
1522 1652
603 250
352 1697
404 1857
196 655
1248 763
173 31
629 110
920 1498
1413 1699
250 1035
1523 1725
1388 1606
441 195
1792 1081
34 1148
707 573
994 1510
331 1017
1701 691
895 275
1845 129
1125 643
1285 1284
1254 311
1450 179
638 253
970 491
1008 1680
1868 516
1318 1825
1743 1694
1478 257
1143 1783
849 969
209 1148
1461 759
840 793
1586 245
432 847
457 903
208 305
1279 49
589 1675
82 195
993 1008
371 306
1002 286
1761 1172
478 576
470 1527
348 1168
1851 1198
831 775
727 889
796 498
1060 1168
842 626
1586 1757
417 1809
1733 1347
394 1148
1098 958
871 1873
1511 888
1084 1238
1024 1445
762 403
757 1820
1597 1582
8 339
187 1809
669 1350
444 1018
859 1427
1369 1919
495 1909
1054 971
1151 1402
1401 970
1532 1571
100 877
144 1385
191 106
311 230
422 1011
267 7
1554 913
1879 444
1051 909
925 808
1083 506
147 140
1342 19
359 203
917 1597
740 1145
1898 88
29 1189
1518 1447
662 704
558 297
225 968
1925 388
1046 1126
1674 1486
1132 1857
745 1015
1924 1852
480 294
1766 1859
528 286
1603 605
563 236
1896 734
172 80
52 1468
266 390
1889 540
439 1040
1006 233
1069 338
717 928
632 1257
1080 650
871 472
783 215
283 705
1484 627
178 1693
152 1864
1261 920
1494 1568
605 332
45 1685
157 1400
499 1208
1401 972
1060 1338
316 84
1202 970
1559 1054
807 1883
1421 330
1029 352
1547 1150
1279 1159
1301 1875
1200 1088
428 1695
41 1177
1339 1456
713 1815
113 705
1460 755
1433 1804
1206 718
1572 460
33 1394
1273 1694
1617 1463
1554 1092
1073 911
104 1461
1127 1711
121 340
826 586
837 876
868 459
841 773
1730 1439
146 965
504 1436
1107 1766
353 1570
578 1695
84 1405
428 1330
355 1764
1913 1442
541 225
1738 223
1571 605
1599 336
1848 1911
1733 1227
1361 1009
1228 436
1916 1288
887 1919
1309 1806
1933 291
131 1877
348 46
521 1834
1261 1679
1800 811
146 884
1481 54
156 592
201 688
1786 120
1238 575
939 1403
854 1509
884 876
326 1929
1486 493
208 963
1158 1450
694 1348
1576 895
458 1728
918 246
1376 1769
1873 1409
1083 1641
1403 1520
996 1228
1315 784
378 1191
1199 145
339 1801
1832 1361
1456 236
1583 42
798 312
1085 965
1417 885
617 554
1723 1770
1010 1078
178 871
796 1430
1888 267
584 86
1420 1043
763 1473
549 1184
112 740
983 483
506 1443
1030 664
1090 1335
631 61
1263 1187
1935 1005
787 274
562 797
49 672
1421 561
1341 1921
736 1692
956 1681
179 467
987 56
505 1613
1099 1081
834 1881
1689 8
1130 604
540 119
1919 374
712 299
672 735
687 1167
640 675
1271 1557
106 1495
327 468
1471 22
1850 1347
746 253
1062 560
805 1376
23 765
1316 423
997 279
111 1208
1172 1061
1534 642
249 1690
524 1091
810 54
1038 711
638 1007
1213 1629
996 936
1711 1096
1808 747
1539 863
416 1688
1883 1921
1516 1242
1092 953
172 1090
897 1049
596 1763
1350 1398
1610 521
1760 80
247 1910
882 1724
1756 202
746 64
1916 1663
1442 1131
1351 511
1010 750
136 594
226 1435
1508 1575
397 1896
658 1358
354 1536
346 1904
1732 679
1366 924
1633 1783
1477 1808
144 588
478 1807
1875 1144
1090 20
428 1795
1242 292
604 115
1343 409
855 420
585 497
691 1653
1039 1377
1294 111
1485 1127
799 242
532 571
101 973
91 1345
1789 1338
787 1245
1103 1316
808 707
903 1862
995 1659
1537 561
1324 1566
573 521
909 1487
1107 1084
1442 1928
640 1041
29 1088
1118 1545
886 838
1825 356
1503 1485
1310 292
37 1476
1686 1590
50 1201
1104 946
224 345
1349 815
456 334
1109 1443
1416 230
55 855
403 1876
413 820
835 293
54 44
1865 201
29 839
1541 1867
1262 568
1233 511
1705 1131
615 120
1455 1645
628 1795
681 1688
1844 227
1513 186
124 441
1352 1553
342 1888
238 1749
1655 979
495 609
205 1836
211 208
84 1097
894 976
695 1661
1470 1910
1076 512
1604 1486
1240 356
1641 1276
874 549
881 20
1284 284
1325 786
1147 1089
1434 119
688 154
967 1505
1054 100
565 246
1396 604
647 1517
1805 1819
1608 1337
362 1724
299 50
1042 59
1294 1170
1472 364
1624 1161
362 133
65 1645
690 1273
1297 1425
181 146
1760 209
1792 1866
61 791
1027 934
618 1390
1646 1120
661 737
1688 1039
1841 702
1710 229
194 1644
1112 469
936 1878
1255 623
1475 739
1819 1321
405 979
977 1819
1925 1705
1898 1575
335 1536
614 420
1672 155
1023 950
1008 1068
115 1739
192 272
1304 340
147 1638
772 30
977 666
933 876
1318 1475
1226 739
1762 1605
181 1489
1417 1507
1304 1883
1914 1829
972 610
1565 417
961 1169
454 473
1424 1286
566 65
732 1066
320 572
1382 1647
841 402
912 757
1817 176
1689 585
446 12
935 1722
1343 883
1923 265
1742 1696
718 1517
1063 1371
514 1247
101 365
1699 713
148 1371
68 998
385 1606
438 966
301 622
58 129
1280 1822
328 229
363 1816
1112 1118
1382 1934
14 944
727 826
467 1220
1684 747
654 1821
576 733
1377 710
1025 259
559 234
1267 451
604 1423
629 1374
1805 79
1776 1866
1311 469
1464 1790
323 1137
1403 1194
631 1176
391 385
447 1851
1161 196
1554 753
79 316
1714 948
1038 627
1059 1445
1263 415
140 925
85 428
827 1394
378 1493
1331 258
359 1135
721 1182
1442 1170
1069 1398
1314 629
315 45
1022 389
512 601
659 753
1362 1833
148 1141
409 99
460 545
130 1657
1679 1350
1249 519
990 12
166 652
665 627
1801 1907
223 932
1552 557
1858 178
1311 1420
501 307
1918 1486
759 1077
1894 500
809 1823
277 622
987 581
146 150
789 375
970 341
1649 1223
473 1253
182 1285
1124 1077
1518 1000
1410 1522
425 763
859 1688
1739 434
953 1573
673 792
43 182
257 1527
25 1393
207 914
1601 846
1164 1458
544 1650
40 1596
1548 1161
1720 75
894 1871
627 335
349 1788
70 721
885 218
616 17
1655 452
1191 159
778 1692
1809 1363
1839 1817
687 1001
2 956
940 1228
732 1757
467 1438
1301 871
1526 1825
583 252
1851 549
622 774
17 1535
348 892
752 1842
329 701
878 716
695 1852
750 1679
1539 1495
835 1163
472 742
275 117
1517 1101
1078 454
1919 1678
830 1427
713 494
1264 1380
479 66
768 867
939 1782
955 66
1102 825
1118 1001
776 153
1716 1531
307 310
1916 1589
1850 422
1113 402
1111 1253
210 270
153 1110
618 1157
260 10
491 22
851 1723
347 393
1464 358
817 1002
1364 963
1328 770
642 3
1378 1761
1566 517
704 921
1796 436
573 346
210 65
51 1142
1119 1608
277 352
357 626
819 1893
905 1430
12 759
396 1436
1678 226
89 272
569 93
543 15
497 1791
953 1330
610 1708
25 100
1278 26
563 385
658 1092
1045 508
1015 1850
1061 1645
1124 147
1728 816
652 737
549 1678
1696 568
1520 1784
1724 1168
853 375
417 434
688 343
85 311
1030 567
8 1056
1050 1676
1087 256
1291 1538
1644 742
346 1873
815 330
1578 1607
1845 1571
1888 680
1807 259
458 1039
798 592
1004 464
345 528
37 140
1681 96
1008 271
1740 481
902 9
749 592
1601 1815
1669 1200
876 893
883 1845
950 1827
1191 1696
949 9
116 818
519 936
1811 879
1587 1575
1012 1697
318 726
1456 742
1834 539
378 1879
441 311
1859 1861
1583 803
493 242
917 316
1239 858
474 920
1800 140
1396 1781
23 1464
1172 221
662 471
1224 1415
1806 2
1369 76
1190 1424
1493 420
269 431
1591 1550
1719 46
1458 1161
197 628
829 1313
1644 913
1048 873
1384 832
940 545
1162 1829
1617 628
60 1289
1113 1585
85 1278
1337 612
1287 145
408 273
1046 908
1056 1068
1651 1732
610 759
1207 1238
1670 505
1691 505
1312 584
1876 1216
221 1491
1516 911
668 94
1179 742
1658 522
1109 303
774 512
1324 160
1620 730
1270 1150
1133 847
1482 878
1827 777
1188 1033
1266 1813
392 11
1025 1286
195 392
1320 213
237 124
1660 554
874 813
694 800
1343 928
1922 72
1586 1012
1442 1852
1915 47
386 1773
1607 1203
1671 860
475 76
1729 114
1717 1256
400 1485
781 1524
66 151
331 511
1610 756
1475 1502
1324 1896
1787 1740
1189 642
1917 1914
744 713
823 1722
467 1858
1536 1748
1216 171
373 20
535 1335
706 977
1041 598
908 522
791 464
282 1182
1913 127
676 1064
346 454
772 550
505 1873
1386 149
1083 1162
1451 762
1027 1637
121 1375
1539 1625
269 1672
1372 588
1649 1905
1794 25
1706 1862
635 1713
835 1854
678 603
981 1717
904 793
962 1173
1601 1769
1073 1248
1597 100
771 1021
1879 1223
1172 1612
1032 91
1389 1415
669 1571
1702 1000
22 1137
474 49
1499 406
1731 780
1689 1221
435 1359
314 1234
180 1371
451 748
1000 1266
215 723
26 626
1624 1880
1029 1218
653 849
227 216
1583 613
1565 37
1470 1690
1410 398
1281 1560
1363 840
475 1129
1243 142
1672 176
1195 946
918 740
1011 1374
1617 1383
957 1526
1271 1655
212 284
666 96
578 974
692 1467
1462 304
116 1928
484 1698
1270 291
1559 1631
721 1878
98 1313
1914 1131
1236 1379
1366 1196
1401 1077
429 1385
717 726
762 1813
683 257
479 206
324 886
1317 71
1116 1011
529 547
1358 607
1634 1584
1775 1732
70 1742
784 262
1564 1595
1917 116
997 1276
1826 906
52 506
1261 1152
276 374
527 355
1513 762
1420 830
766 1726
291 133
1309 788
695 1853
606 1441
27 123
1799 1848
748 1928
1217 196
1784 1230
1051 401
1756 289
920 1016
75 1852
1299 1733
1595 711
1091 1815
1306 291
1289 4
62 546
1766 86
953 1366
1914 150
1163 1076
823 1395
577 131
1156 287
556 87
1261 1751
1165 165
1560 109
1084 1875
482 1891
279 1022
1400 1061
1015 374
1346 1348
31 26
313 1403
1774 1595
1177 384
1572 48
594 1640
880 1670
1752 471
424 610
283 852
130 1556
1105 1621
959 873
1214 1547
1656 1597
1094 620
1088 1435
1801 73
1369 1908
525 620
1346 1223
1866 1361
1006 802
1294 1885
1392 1014
401 575
738 320
578 865
1797 1289
1632 842
51 204
1494 1604
976 223
558 454
1071 416
1414 1581
817 13
911 1452
1368 1088
738 1820
569 661
397 1281
1472 1082
1803 924
573 802
610 550
1053 1733
726 464
1476 504
1179 1812
1253 1860
1607 375
1812 502
1862 349
290 962
55 921
184 1797
1540 1712
224 1030
127 1481
748 1079
935 1635
201 734
938 275
1310 778
1604 1272
767 229
1142 573
1903 1877
98 282
1906 894
739 1751
1264 280
1449 383
1829 520
193 1884
453 1453
1764 1669
1901 362
854 81
853 1483
1070 1734
1009 341
1030 1587
263 959
1816 1270
58 1799
1464 747
693 1810
1441 785
1444 1300
151 1290
748 104
1276 592
619 556
174 1199
1210 1917
1645 738
1615 186
1594 1773
558 1255
1403 452
800 1665
1932 1063
1596 9
1519 1276
1409 1646
1156 887
1398 1147
932 583
648 491
1126 768
3 1684
436 1696
1692 7
200 1248
827 178
944 74
886 1520
178 114
599 31
600 578
1632 379
1660 405
933 155
1791 80
712 1384
1106 408
1795 374
1272 660
941 1808
1347 688
655 836
667 106
1408 1560
1837 941
1053 1176
272 1832
1444 1566
691 283
239 748
594 29
127 968
1031 492
558 629
652 658
1526 1050
383 464
240 33
1663 1770
1172 414
659 734
175 697
330 770
963 1723
1101 1258
136 449
736 1139
1184 1664
1303 1167
1864 293
1317 1261
251 55
576 1060
449 348
753 1404
436 1364
1543 633
1347 198
922 869
1599 918
205 1576
1554 1903
1198 1142
1200 1138
1575 406
598 1803
86 331
543 1581
634 961
566 1578
772 325
1525 1648
157 1329
428 19
22 195
1581 1683
1177 392
131 1818
671 570
963 756
556 1460
1755 155
980 1262
1496 1375
1329 826
1523 1886
1900 249
1163 1141
488 810
1294 595
463 1152
208 342
4 815
814 1797
632 1107
397 169
728 1646
636 857
259 1836
504 1248
905 1363
1213 1453
270 124
1674 327
1918 1225
1533 971
1419 82
382 1396
1874 608
392 1189
988 1557
1249 950
688 1638
123 56
6 999
1891 1271
1238 657
279 1563
1326 34
1077 747
594 1393
222 1743
1054 460
601 79
1399 976
228 1118
80 1668
565 733
1465 995
1406 1677
1585 500
1743 1365
1148 1095
294 1403
1551 399
1841 131
1480 1078
116 258
843 562
118 1117
215 1170
1382 1331
1208 212
1883 483
757 1239
808 1932
1241 919
1038 1487
1887 1786
492 1715
1558 1414
1282 405
84 381
131 1257
903 951
1913 865
1366 378
1010 1817
1607 712
1320 1661
1866 1494
526 1368
1138 1108
902 1338
1923 477
751 548
1494 1661
524 1203
1866 106
1184 103
1253 1920
805 447
601 829
1197 1715
1505 1750
447 302
1898 52
1315 790
127 783
681 568
844 533
66 357
1124 214
1618 963
414 1103
1310 1425
314 1298
160 1340
114 334
1545 151
1227 528
70 1578
763 1526
427 1289
52 220
1371 1599
398 1925
970 1896
1683 1495
1322 744
1764 1443
273 1787
1673 1663
684 666
246 114
28 1383
1881 1788
1839 693
1055 1311
1658 166
550 654
1890 1410
797 1265
890 81
1816 482
1462 1670
960 1415
574 233
567 1324
1214 1647
985 1660
1226 1607
94 1884
1132 1508
1701 33
1641 1371
992 1318
1806 1230
38 1510
1703 220
779 306
486 561
327 574
440 1325
217 525
895 1649
1446 556
1519 1445
602 249
564 1608
1662 558
112 965
1210 141
819 1807
1346 521
1571 1337
1212 1294
91 597
274 591
1151 294
227 1498
1773 659
1716 42
879 827
1379 1529
413 1280
588 640
112 1106
916 1164
1025 329
227 63
1680 1837
255 16
1681 357
1027 79
672 1035
654 569
837 569
1928 197
1875 1538
943 297
1114 1359
1504 252
220 1220
1138 248
1069 638
924 363
355 604
902 843
1005 519
380 1923
1440 1808
463 1487
172 1380
550 1312
670 1150
131 1276
63 1545
304 773
1753 464
391 980
1833 1285
1297 818
1743 1802
342 1139
1123 639
1859 1551
1555 1080
1658 1934
1463 282
755 304
1093 915
1264 1062
1295 787
1199 624
1594 1530
1832 1812
122 1312
1030 871
1146 155
819 1068
1047 880
1115 1303
124 1545
1027 1404
440 335
1730 936
1771 948
1421 1627
608 192
1761 801
660 1047
1593 860
373 1475
896 960
645 1778
560 1674
62 430
265 862
1407 1413
1757 731
261 694
1720 333
309 1399
973 543
1925 1477
987 1931
1066 152
1358 1520
1660 1762
1298 415
486 1333
979 850
138 110
1711 872
705 466
1277 1905
1568 339
1111 1059
982 863
771 1191
1474 1125
1488 851
385 452
491 1621
1605 1378
1648 1544
1793 118
1262 86
1104 851
563 1883
838 210
1015 1473
1903 971
853 1021
1779 271
452 1014
43 260
676 397
1197 1390
1507 93
1458 1127
143 481
1641 1083
1190 1276
325 1058
249 1801
1297 346
1039 1151
324 1089
310 384
1263 364
1172 1487
1796 1767
843 892
512 1546
187 334
681 532
1410 1020
403 854
1742 1351
1643 1262
739 1511
1895 862
312 400
1301 761
828 1792
159 1370
86 312
1024 913
890 565
1521 443
1671 1835
540 1837
701 253
2 972
1596 1227
1736 124
503 40
379 1442
584 1414
1188 1336
301 289
151 446
784 1445
901 7
1652 284
1442 807
507 1848
1793 1702
1028 137
795 657
1698 1068
190 1278
1624 641
1282 506
1009 1191
1175 1282
972 1814
1674 906
884 328
1526 860
13 1333
1591 432
1354 409
987 388
124 1460
65 1129
853 1807
1571 331
331 1014
1823 218
1912 166
1808 313
1309 3
1677 1587
1399 1430
199 1829
1402 1379
1206 1419
489 1331
109 59
1064 514
137 1560
1417 118
1161 1748
50 1578
359 118
96 1511
549 771
1429 1438
1075 1052
1516 1908
429 1796
589 506
1856 1885
108 1672
1917 1006
1276 454
1606 866
801 1063
1926 1839
1619 1058
1853 402
223 910
345 980
1655 1657
960 1195
1897 549
554 896
749 1472
1531 1064
455 14
366 1361
1245 725
381 203
1555 341
780 1120
834 1842
1062 1041
615 719
48 1343
1687 857
1273 707
832 557
579 1338
507 247
27 1873
398 24
339 952
46 850
1218 502
1841 1428
577 394
1777 429
646 889
1453 654
1453 1208
1465 1841
1682 1511
646 16
652 296
605 1251
931 1692
1396 1146
482 1401
195 1651
1032 1113
1040 1208
1288 849
198 1608
1488 1276
436 1136
1750 308
98 678
1150 269
239 1058
1849 942
1894 873
1176 572
1070 1496
1150 1093
752 1481
947 1334
1028 917
388 202
788 694
1256 223
242 1000
142 1462
1573 1900
322 375
623 599
1566 1759
10 1789
1533 631
768 102
123 1282
138 1291
1656 1218
1072 240
59 1000
863 1645
1027 822
489 1034
1497 643
407 326
1889 186
57 1508
896 1887
13 1779
1319 448
1086 1273
605 1443
52 939
315 1394
441 1643
1472 815
796 1279
181 1669
1294 1370
1771 414
1370 57
320 1419
962 348
897 131
708 814
185 106
395 1891
968 877
866 1790
1935 424
1347 1340
1415 100
926 1024
897 768
1029 636
616 331
724 808
1667 1212
1134 1571
774 510
866 579
1640 1755
1597 618
752 979
969 1575
312 153
1058 1782
964 282
1593 1798
1420 1339
146 1892
756 1247
1624 633
844 402
705 1757
740 1796
1612 454
632 837
1702 1633
649 809
827 27
1883 441
442 701
187 374
946 306
1481 1146
1256 359
1331 1757
1227 622
402 1873
1150 414
1885 26
52 906
1291 1677
1371 1052
87 1492
1838 846
972 44
974 1685
111 11
1484 187
1068 1057
397 1063
1033 1418
655 1131
1431 556
891 378
966 356
1792 1924
392 1015
927 1711
1230 1256
214 1316
830 1253
1460 179
710 206
1739 1843
1275 1091
835 138
1226 1609
826 1318
1023 1833
1482 438
532 932
19 503
1585 1191
1064 239
1922 1239
1430 768
326 410
29 793
131 1042
1683 1199
1335 6
238 1539
1434 430
464 1200
175 699
512 1108
9 1504
498 1001
746 1777
104 862
135 519
369 1686
1767 1934
1360 1597
1770 955
1737 995
1927 412
1188 470
109 1342
1555 304
1531 1765
1920 1898
603 1564
688 1211
168 889
1348 1602
817 780
1694 1548
1190 1524
1040 434
479 1422
1327 114
380 1835
1687 1016
1831 860
1833 1384
1782 845
896 427
828 811
609 1604
1711 1843
1503 270
1124 1625
1934 1028
390 417
1856 1132
1782 286
1660 753
1933 421
652 363
540 1821
1413 1757
1204 1253
562 1787
1890 977
345 982
258 147
1519 70
980 546
1927 1523
604 426
1221 991
1379 479
289 963
1596 1055
423 1333
593 84
1244 1235
1547 562
1307 702
127 1203
141 1846
1382 1004
230 1470
1398 956
940 908
1324 385
1747 63
1419 966
1108 349
1117 349
508 56
1608 1605
1456 1325
972 1672
399 233
713 1092
287 1879
894 852
1145 1322
1324 1642
49 1124
1145 795
1934 577
928 935
248 1827
437 387
575 634
470 1333
1303 1680
1709 459
1137 14
1507 377
1766 1759
127 1341
924 367
1099 609
1275 239
1911 1612
121 232
1303 1909
1553 1481
183 1797
899 1070
927 103
1445 959
290 1295
1206 1267
1728 453
1075 1535
108 1421
1379 48
1895 1731
1693 1440
1131 184
1785 199
932 996
1044 1794
1800 167
637 73
1928 384
684 1759
782 184
1874 1931
1574 284
1308 1822
1306 1686
321 1600
965 1159
1755 1100
745 275
1682 1492
1419 904
132 738
156 924
1105 1325
1715 691
258 500
1542 458
681 1130
56 1411
292 1502
108 477
1451 869
1719 1695
1657 1719
996 1872
824 1363
801 1414
1893 575
86 154
50 96
726 1044
1754 1554
685 265
1295 692
1818 1213
271 1876
1559 726
645 1602
1075 1935
1004 1700
464 549
1359 1910
1720 1714
731 667
1675 83
406 1764
1395 1592
152 332
1160 1304
343 1934
1088 1087
370 1107
206 293
755 1340
795 443
391 216
978 117
1434 690
1605 1199
443 219
494 701
255 1087
1167 771
49 1111
1627 669
1191 1434
685 124
400 1536
230 1406
1081 165
693 1480
367 518
1358 1923
1390 156
765 241
1624 1842
611 666
34 612
1263 1191
1928 1878
1001 266
1 1342
935 440
797 47
1746 1348
74 1203
1251 922
1190 4
1847 1124
1167 823
18 844
870 1205
767 1151
1842 423
1510 298
417 62
422 356
794 733
1425 872
1885 1603
615 525
11 1177
27 1652
482 20
642 861
1297 1559
761 949
490 1448
1382 528
725 349
1463 368
577 1859
1559 1616
1557 475
1599 575
181 241
985 732
1168 1130
735 1402
1046 1514
1922 912
1335 608
679 1568
1367 750
315 145
1277 88
840 620
427 1800
583 1276
245 882
632 45
1707 836
93 1004
629 1808
1703 859
892 482
646 1910
654 1456
1457 380
995 1254
1055 798
11 1346
675 1490
1268 9
677 468
1047 148
1754 1546
177 907
213 211
543 923
1351 1371
1827 1751
1010 445
708 1657
556 1382
1058 995
1247 114
1350 1559
1773 1525
231 1807
1777 1224
1545 201
1184 77
1120 691
1374 1617
1187 623
924 1774
300 659
175 186
1723 336
1533 655
986 940
1361 856
1772 94
670 388
1582 918
1855 1562
895 1302
716 1114
412 1649
170 348
1204 223
1450 263
1866 58
1185 271
1305 136
519 1756
706 1749
808 1460
592 427
1481 1684
1165 97
1925 1184
1229 1566
389 1716
952 281
1117 950
1046 1119
1123 59
1874 719
27 338
417 213
958 641
76 1313
697 186
1336 707
1602 1545
727 166
453 1549
711 294
1612 1184
1337 1423
605 229
1692 1716
621 813
1736 344
658 1286
982 1420
119 1409
892 1638
1512 1742
1751 234
1629 70
129 759
980 757
1586 1169
1703 130
1794 711
1244 1596
12 1633
795 1187
79 1511
618 1040
830 1552
1604 465
1575 1478
505 389
1425 834
1423 1808
462 1866
566 412
656 1332
521 1661
968 373
943 1407
1481 698
1473 318
699 2
247 18
380 694
828 693
401 566
1472 818
42 1154
811 827
211 1089
1022 775
1782 1922
838 1590
1198 1420
1578 611
1319 84
900 789
1697 1131
1133 1905
355 1521
976 48
589 298
1520 25
1013 1931
101 74
83 146
66 456
216 15
450 929
57 1042
1857 1610
1642 1074
1479 1098
101 1671
1167 898
1257 437
406 1303
1615 1430
1230 1758
568 227
34 1170
1395 1791
1268 709
59 1520
18 1601
1804 842
616 1514
1910 377
462 34
1418 298
1858 1848
1905 1591
241 894
844 1198
1070 1333
1558 542
1333 1271
998 1005
1289 1825
1409 1400
105 1419
12 1831
306 149
1039 796
798 640
1764 1032
1450 1207
767 1451
821 760
232 182
1652 178
195 1022
242 1532
1153 640
389 1168
1087 1883
1420 291
1404 1102
1556 1601
1657 927
202 1417
1016 1189
1210 1379
1751 435
1846 1322
422 130
19 826
467 954
61 342
471 1756
203 1462
1146 334
1885 188
1713 1540
258 1074
536 1223
1510 369
1786 549
1000 544
1597 182
1161 935
1851 22
1792 655
1274 851
1547 585
1421 1717
1872 1863
180 1252
386 1579
303 587
1919 1754
1552 1928
230 140
77 332
1686 402
1493 53
993 853
1194 917
319 1863
1868 1839
143 248
1655 494
713 296
594 1202
94 1155
633 520
1665 286
869 1380
511 1037
502 62
201 190
594 1910
1426 37
424 389
916 501
189 274
493 1048
1192 1789
1511 283
1401 1227
934 1209
1411 1439
442 1235
1563 657
772 1145
1768 126
5 567
1146 1372
721 590
920 216
499 205
1362 910
1610 1197
1572 148
1633 822
459 756
813 1553
370 276
431 763
1814 1251
1225 1251
1224 1618
1149 705
384 1516
385 882
1727 916
1407 1028
1037 1578
953 1818
384 201
761 1132
1310 1056
759 1359
346 1562
1412 524
298 317
114 1680
1577 156
758 1376
873 1145
1302 1542
1520 1691
1405 716
1731 1383
958 1268
384 1598
965 993
1013 371
1496 454
1710 183
1084 1161
1435 771
1556 564
1712 113
917 1240
999 184
437 1197
944 1170
1873 859
1464 1115
1357 1070
1047 696
1415 1082
1731 1874
1493 43
1571 750
428 1671
862 1626
1090 1154
177 102
1611 1677
639 444
1008 877
914 717
223 1635
1216 1498
475 573
26 1659
131 921
1806 752
704 849
1644 706
1096 1400
293 21
1073 1103
1215 605
63 244
1253 73
13 519
1803 1904
922 106
1616 1383
651 565
172 1596
975 308
984 226
1920 269
589 1801
1012 673
1909 1417
1027 1583
1678 379
579 1935
1277 1204
528 786
527 239
1159 131
506 422
529 202
578 1741
1789 1197
839 987
1702 403
1324 1493
452 1303
130 713
1742 725
755 1668
29 1652
107 1920
1451 432
433 62
1834 1683
419 1675
754 1263
1135 2
1138 538
894 815
1352 1031
1066 1723
315 1853
1009 1193
421 1798
1586 1019
1663 678
1252 498
1140 1638
341 1232
439 1484
336 459
593 1641
1912 1297
562 1902
129 131
25 1532
1566 159
591 535
1108 926
701 918
1662 838
1917 873
1562 1085
894 711
1488 779
1714 1060
499 1050
1154 747
1168 77
1889 30
1843 394
637 1511
1242 1157
178 601
929 1195
680 600
795 1448
61 82
1026 581
14 1416
950 1185
206 1453
1809 267
1257 1386
1132 1849
1586 1388
1466 905
1289 267
674 17
1592 1767
1354 1748
1020 1121
1630 1556
881 499
576 591
1415 637
122 824
1200 365
543 34
1627 1226
1007 987
155 1245
1785 467
1920 381
1323 519
119 1366
309 142
1437 1205
731 1552
1615 1650
1609 1390
861 1145
1105 1730
1308 1735
1599 1188
1339 815
1198 485
1518 326
212 1132
662 1585
1704 1467
1681 1704
52 1549
557 1383
741 14
136 1233
1263 87
1844 1298
1326 340
406 847
983 1092
1565 380
573 237
47 586
1231 89
1039 778
446 1425
1931 1171
1837 148
1602 588
1297 595
1043 1766
216 237
112 105
1350 658
1458 1242
1898 1846
150 1349
63 1781
1412 1869
878 445
416 781
1073 908
1801 1434
1634 1447
735 503
1746 1219
611 644
518 788
1286 437
1132 608
1539 922
891 1519
1016 736
312 1442
671 803
1701 781
284 1694
1876 1458
1599 1537
1241 298
1929 814
1869 579
923 976
1903 1377
1705 1816
1925 1330
702 501
1696 659
457 1343
1181 1160
1653 464
168 540
455 1600
1675 1045
1296 1372
580 146
435 1490
757 1717
32 1356
757 1623
1246 1430
1012 44
919 1726
555 484
1389 471
802 75
1418 1289
267 702
326 1480
747 1146
1682 912
809 195
513 1178
319 413
374 1214
1630 475
1575 1253
1358 1586
145 1753
1586 1688
518 667
154 1759
2 1120
370 1128
1451 314
120 565
1415 255
939 576
1463 888
622 1217
864 72
1548 1472
714 439
1462 263
1026 122
872 19
1850 592
169 1895
1441 1579
689 733
701 1929
1541 1738
1763 431
1902 509
1817 1745
1495 660
1652 1488
325 1146
1371 464
529 353
1052 1477
801 1720
348 298
581 585
1754 733
908 1874
1837 1146
940 19
773 1007
1580 1321
446 1369
1300 1833
1499 1070
796 22
658 1010
20 14
1488 395
497 1292
1487 1608
1234 1370
983 1050
353 1
1905 2
1508 783
1606 57
1539 531
406 1318
421 359
1364 496
435 1131
94 1888
254 1242
27 33
636 331
349 647
1645 166
167 841
1404 1425
616 301
1889 1479
628 1839
1347 1476
1267 1645
1610 1039
531 2
963 211
1337 1181
173 204
245 253
481 315
771 1547
526 406
1342 116
1218 415
703 930
228 1391
787 886
366 1167
218 1524
1769 1347
300 106
1424 1587
1238 430
103 584
738 4
500 127
613 121
779 1932
1153 463
1911 1759
795 1365
1316 1516
1783 1873
250 857
831 1117
84 1257
1922 284
783 1583
537 119
1310 1474
646 1497
122 1388
133 1907
118 174
1028 1404
1184 1828
127 1273
1828 1920
1204 613
1115 1478
85 1869
1152 995
1867 187
1219 955
1208 1308
1799 1694
213 992
230 662
890 142
1732 1231
28 1137
1568 915
1232 1459
1751 1137
94 1477
147 9
32 1224
241 375
1594 1371
1824 762
708 113
851 1838
924 1840
1126 110
1753 179
1355 514
1084 1119
1873 1896
1682 82
1481 1333
232 72
662 994
1691 1768
291 321
459 689
1459 1562
814 109
1412 1622
720 1455
861 551
1384 702
1702 1650
582 1470
1351 1690
105 1287
1417 634
621 1140
280 975
609 683
1306 1040
471 980
825 923
1380 295
588 557
1911 1590
1236 349
1862 1317
1506 501
148 1218
1158 734
1823 1444
1410 1192
1286 660
28 915
1784 1490
419 1612
1336 406
1305 1223
652 1060
1327 1302
1268 1243
1326 803
1863 1306
1489 464
1289 47
1760 536
1818 1278
728 641
1048 250
1846 1697
52 1603
338 1146
1490 92
216 692
1530 215
593 1589
1787 496
1344 879
1679 1587
1673 374
410 970
668 1836
828 1799
623 491
1526 155
281 95
25 1504
1643 558
1898 1529
1929 900
481 948
1414 1007
1105 1481
958 356
882 1539
1564 572
1642 759
1900 1102
1466 357
1467 1898
900 1146
970 159
1147 1375
690 1322
1122 1698
17 717
951 1504
498 1303
457 1483
331 1269
1635 237
1472 1813
1693 1498
661 834
184 1611
1824 753
119 1804
653 1783
397 1155
1051 1125
1025 1835
1619 881
1502 173
1801 978
87 954
1180 1863
1512 184
519 1157
983 102
1018 1820
425 1389
1538 1172
1249 1109
1204 1721
484 33
1050 304
1208 360
1140 1317
747 865
672 915
1743 1738
1876 751
1139 245
1703 1281
1373 80
1039 959
547 1375
1462 584
968 1912
278 1530
1236 1211
19 1441
1645 476
136 301
33 46
1689 334
1302 750
119 1023
632 265
803 1580
721 1259
1466 1297
264 37
1086 1568
944 570
1701 462
1776 614
1034 683
67 1932
786 637
1318 1578
969 424
1919 155
43 524
1789 185
782 362
1354 844
1692 612
1132 628
1775 1921
523 783
437 1385
174 1655
483 835
1806 523
1126 1385
44 1304
1348 628
94 964
1105 1642
84 440
1582 1040
73 983
459 285
181 15
61 1790
1727 42
763 1663
1728 689
1314 1420
467 1502
41 53
920 1565
1199 1399
1032 1119
1008 1549
1490 1146
630 1698
1044 1472
651 1473
198 1305
93 651
1136 192
1771 116
1499 1800
1804 219
997 1001
655 1236
1198 1483
1148 1332
783 1853
1065 1656
1483 323
25 1491
446 186
560 466
434 888
1569 1373
800 1493
184 44
1459 848
979 1731
856 720
651 1388
1122 1384
1248 767
1882 405
547 785
1699 1703
397 7
1019 873
76 1013
1310 1503
1743 855
757 524
1574 826
763 1693
1468 424
1152 198
1889 1423
631 710
1264 1917
234 1401
703 1531
1325 490
309 114
528 1155
358 46
1054 1155
1737 189
66 122
1098 52
1289 52
876 271
1346 1775
22 1571
210 1211
990 1698
917 1438
820 1673
462 1729
677 393
640 1642
1520 1681
533 1030
436 1604
1867 1859
1464 1132
143 1367
869 1211
801 273
222 1242
1431 970
1664 1568
654 1927
84 512
426 1134
993 1360
415 467
1646 1665
328 158
245 1488
1189 570
1651 984
498 812
1628 1729
193 942
1404 297
1866 439
968 1933
1017 1449
339 133
229 167
1053 1370
1761 561
37 1220
492 717
911 1476
1219 1876
848 826
1557 1174
1782 1380
1319 1355
1061 1556
94 1351
1164 1517
1674 1896
502 1418
1011 1503
1837 507
923 217
1784 1116
498 905
133 1156
521 692
1666 1527
622 409
1125 568
1766 235
380 1055
1689 508
1743 1779
1014 855
1329 596
23 1546
1093 983
496 783
1100 175
1377 485
173 1396
1771 864
1582 1683
1599 169
271 690
514 595
1334 1566
765 1836
1844 1747
1376 332
119 311
102 1661
1417 1859
132 1190
213 1311
588 630
1161 1513
110 1194
663 1442
669 203
1654 101
543 1815
598 1925
302 1498
1569 1346
1901 376
1068 631
36 1162
1117 1699
1772 355
294 610
390 1150
623 647
245 486
1090 200
700 65
336 838
866 1802
1729 664
1010 1770
1529 739
143 1010
1797 1736
725 455
1445 1754
1914 682
1156 442
1124 1603
482 929
1556 1481
1362 1161
272 465
1327 568
142 33
1850 1642
1243 224
383 539
1500 1692
1446 910
284 1430
181 476
245 1086
178 1036
426 1415
517 1803
128 695
332 1001
556 302
633 1616
1127 688
1798 1777
303 128
601 1388
1527 1434
834 1516
1071 1501
1073 1198
302 500
1028 1516
1307 1744
1742 330
459 1604
516 155
757 1900
353 17
114 42
153 543
272 1758
282 941
725 1458
1470 1096
48 1503
1581 531
411 480
832 382
1517 1873
1024 465
92 179
333 661
1119 319
1146 1023
1553 260
534 842
1538 1375
264 1462
797 4
548 609
1773 1871
95 357
775 1078
418 1822
319 612
404 905
507 1177
1726 1643
554 1182
555 610
337 1380
635 662
688 345
1863 1594
660 1302
142 1237
293 1767
1438 968
1488 1927
95 828
719 440
1753 761
1539 44
1333 997
1572 548
449 1319
895 82
1021 1415
1118 108
3 1604
86 720
516 881
778 1086
252 1741
1372 1543
839 1821
932 1152
830 1240
41 1539
346 1663
492 706
1897 1880
1204 1752
189 1926
419 398
417 1206
472 1287
72 439
1470 57
622 663
1010 1640
352 1703
1666 369
1911 1482
1120 304
1071 863
1413 30
774 472
1267 1098
431 935
1827 1827
1366 1812
1197 623
1215 189
1814 475
295 1051
324 1296
556 1868
1500 1854
472 1299
76 568
1832 632
1653 1659
700 1389
720 988
1719 526
642 573
565 1524
1018 1052
44 950
695 1673
380 812
1206 1537
1632 1378
1112 1211
54 806
1235 799
283 1662
1279 446
111 1064
241 162
1544 1200
1476 435
1395 247
1411 1650
5 934
1059 1814
351 960
765 560
400 1308
313 893
980 1495
1910 1737
1882 1461
1687 1802
1924 240
1607 272
1736 1807
877 1686
627 1140
1114 389
1228 1666
591 1110
38 680
1244 1122
880 1423
1092 872
327 28
780 649
891 1762
1905 1572
286 1255
249 1433
217 1745
1409 1756
1833 1181
1494 313
982 924
1696 1902
884 651
1592 1321
67 493
827 894
721 1511
934 1013
160 983
1057 1167
209 1618
1816 1827
143 777
1908 425
217 183
553 1873
487 1786
408 1793
942 1275
917 1834
1678 1468
467 5
1560 1149
1467 1392
685 442
1419 847
338 1029
475 176
1840 299
250 223
472 1686
1639 515
323 335
221 771
1367 1821
1014 1225
1237 1742
336 817
1711 241
556 1165
712 1918
1315 1161
852 1731
1283 1861
1006 1932
1224 869
648 1613
102 1601
365 1903
1873 1385
1043 1717
607 1289
348 1529
102 869
315 856
1760 1249
771 327
1149 1584
1195 305
1047 1223
1822 110
1664 1228
96 1121
535 144
1050 286
1562 1303
1686 1318
1094 688
886 1200
1145 549
1439 614
1128 369
851 1177
1517 488
1852 1010
1833 200
660 1863
967 1834
1633 1797
1888 485
814 880
155 1439
1285 1685
428 737
1049 1543
157 38
623 1902
1275 79
1052 617
1511 1590
1145 91
589 413
1812 1865
1809 259
1409 1119
1749 1698
365 778
1671 1384
771 965
1575 1023
1799 1763
311 795
1775 1445
1275 1568
690 1785
623 1134
1896 1216
1144 1322
561 1594
578 1514
211 720
1097 1660
779 862
1380 1011
244 795
443 1583
1925 1398
521 1673
980 207
1692 1128
888 991
425 514
1885 37
1277 451
417 1085
415 515
923 1775
929 455
1915 34
1669 1014
284 347
1419 1718
1446 918
40 1811
241 271
323 523
627 1534
1706 761
1818 797
1265 1019
742 1159
1130 1890
1053 558
976 439
1074 745
1629 245
1680 1608
1180 1398
784 1334
905 605
170 666
308 141
551 298
1076 1252
1493 1564
632 1672
1733 1082
617 445
542 562
795 143
1444 1255
66 530
963 1799
1233 1764
613 762
446 588
1923 228
1522 929
1160 983
140 73
1121 600
389 637
177 780
1886 997
1585 654
709 1029
725 1232
1143 1379
1081 188
543 1588
858 902
1021 1875
1 944
1489 925
810 713
598 940
739 1203
909 733
1024 1135
1326 208
411 696
227 860
1864 696
240 220
1367 1003
282 1274
1699 1294
1032 1158
1271 884
1744 1748
87 1487
398 914
195 494
1300 1305
414 641
814 833
696 519
306 1412
1393 1072
400 71
180 90
1251 1767
1444 1114
985 1425
1109 1849
1679 1277
1457 1177
1094 1816
427 1298
1042 125
896 573
192 1136
1257 316
1911 999
765 1652
584 68
1508 312
1808 1315
1030 1027
908 829
849 1329
955 1607
1306 235
1375 506
1546 1854
1245 1263
1930 1671
1717 199
970 1677
1387 100
90 218
1571 728
1740 631
1116 696
1904 468
1459 1484
703 1585
232 278
692 187
1005 1196
980 1462
203 1572
1870 259
527 1435
1774 1887
770 945
1211 1129
1414 1653
752 861
988 937
536 97
210 1554
1810 1035
1625 1598
1124 509
517 1153
1596 1214
1614 1630
98 1254
660 1615
1225 1878
1359 1330
436 1826
1028 176
1157 780
35 1386
769 1454
1469 626
1935 1348
1620 1571
223 852
890 1614
231 1034
1931 1731
1753 900
999 552
743 281
777 1867
1409 492
1711 618
1175 95
286 1425
745 1361
1049 1824
1371 265
1575 1220
1761 1127
1352 1694
278 486
1718 223
236 1082
823 147
478 763
1790 616
1714 206
1473 1161
1338 1389
213 1179
1433 514
837 291
1346 101
1858 1905
1596 1215
292 14
643 1099
1583 862
1032 840
897 1633
1128 429
1591 1900
1610 1306
1631 1838
1137 1206
393 1138
209 250
1639 1873
527 1322
1123 880
1297 1099
895 1469
1701 1094
439 1522
158 1543
595 1220
920 1426
824 1931
1837 275
751 781
1120 1232
157 1033
774 253
1585 653
1844 1724
1549 5
788 1071
1500 1841
1121 411
17 1793
562 283
240 1775
1236 494
166 697
687 1214
930 794
970 1310
279 757
171 1583
1930 1405
887 1007
326 435
1687 734
271 1340
1563 1518
67 174
664 1287
860 824
1438 373
995 1404
1125 1567
766 905
1285 980
1034 105
916 499
1620 659
505 1335
1057 846
320 1005
1565 1236
1911 1092
528 1582
469 304
1869 1569
234 779
1748 1493
578 153
855 1566
355 1814
218 1545
1301 1358
19 1637
945 1816
545 1259
1586 672
473 43
905 816
668 1252
1420 778
948 800
1566 196
1613 1882
234 17
1296 941
1369 1048
1243 266
1523 1651
476 21
802 406
1852 1213
337 1914
1225 1046
372 1397
235 741
1570 808
1304 1911
1340 1797
1842 430
1697 1274
318 1577
250 175
497 271
113 599
1251 1560
495 934
1605 600
1042 192
814 1865
1597 10
625 1028
1305 383
618 955
202 17
1672 1190
428 1018
1013 424
428 1261
1599 1869
1811 270
955 834
269 347
528 753
1496 518
686 136
680 1408
1234 821
823 803
833 1264
298 91
1329 853
1182 627
1047 1868
1713 1832
155 1751
1166 188
921 1015
816 441
1264 1868
343 671
765 1111
1081 492
1538 1725
111 423
143 378
64 521
882 1775
1404 377
379 1787
1342 291
1416 433
1732 564
480 603
1883 1540
75 1403
1460 800
1358 1018
291 851
597 559
662 832
1528 1085
114 447
768 1289
1096 1665
595 1447
1015 834
794 592
1420 1883
1812 1698
1780 1504
1492 228
370 956
1878 1892
315 1383
47 1392
1134 1602
1681 1469
1330 1535
701 151
8 1615
1475 469
320 265
1269 1240
1911 1892
875 624
461 1650
1167 363
1861 153
1736 1659
1653 1694
1044 1779
461 1504
1246 1134
613 959
895 315
511 503
192 889
1148 1709
1790 1643
1163 52
326 1321
971 1596
1872 387
1089 1384
89 1826
709 219
728 1772
599 623
1058 803
1663 1089
424 1884
34 236
558 679
1040 656
759 1296
186 111
796 384
1426 212
1867 1696
59 1168
1116 924
1887 930
479 592
14 1394
1569 1074
180 299
142 1803
500 675
1072 1731
1904 1160
1605 1272
1467 776
1102 683
421 1373
324 711
837 323
630 974
1014 552
1549 1282
1704 1679
1616 1069
295 992
1523 398
1001 463
458 769
1760 88
1532 921
1695 1524
867 1820
1450 1067
1807 1003
326 182
1242 1437
671 1471
982 999
1848 312
771 218
1661 164
1805 1096
1669 70
1057 644
115 100
1008 1446
1916 1911
1165 424
1395 306
1136 1889
1487 893
813 1899
926 877
798 594
947 1313
1053 1467
1466 859
334 1182
1789 889
553 178
335 1888
405 1764
277 1348
1056 404
1365 86
1131 1452
1686 1355
82 301
983 196
234 1351
283 1935
1922 1925
1842 970
1116 595
1156 1263
1333 1214
470 992
1888 1766
350 528
417 1634
787 1580
1364 1904
1870 324
94 1431
77 1562
636 1467
182 470
1560 1036
217 1491
1402 28
574 362
1466 1163
845 1785
595 97
1244 975
771 663
1523 599
848 1458
1307 478
661 573
629 1138
1673 1681
920 1546
1728 1380
546 76
923 1484
1519 1247
235 1022
1335 573
227 1368
1250 1044
1531 1223
631 234
1569 1381
1058 1419
1050 1778
1779 1777
1638 1790
531 622
65 113
1266 72
949 1079
1676 1201
1405 1019
522 1762
1013 879
1620 244
1069 997
292 1163
1116 270
422 944
1009 396
1083 1545
373 101
269 327
524 231
765 267
443 418
1064 1717
675 1447
632 1611
1579 1499
1158 403
524 119
62 845
309 144
1419 1856
335 1230
353 768
1403 1899
1353 1496
360 1465
1287 937
993 416
359 63
1634 996
1014 460
314 1423
621 596
1340 1712
168 149
833 271
1557 448
408 1067
600 1448
1197 898
811 1606
1863 13
83 1911
1514 1478
846 995
13 1927
1272 1914
135 544
988 1756
243 1251
88 629
1778 1488
537 1012
1631 1640
1125 439
1789 177
1640 821
445 1509
1110 23
1516 487
1040 788
1529 1619
1585 1879
4 1233
1048 655
1778 1398
1632 1491
45 390
1770 1008
1305 1418
1164 1696
1361 1305
659 40
751 855
20 287
1274 1287
1569 1910
1306 1454
1799 1241
55 1446
1283 304
1711 667
597 1362
55 742
1852 1655
441 1635
1185 1079
331 449
976 868
1648 1685
689 66
680 1387
613 927
339 1371
540 434
178 388
1267 1364
414 23
954 261
98 899
932 189
115 936
1864 1553
897 1274
212 525
101 1364
1489 516
1930 918
1777 1745
1592 29
1061 1064
299 1886
811 1007
1874 1870
1205 483
644 1409
117 1016
957 173
1076 320
1605 1002
1394 711
1618 1560
855 809
1924 973
904 976
638 218
293 1838
437 1897
1648 708
528 869
616 1837
287 133
1843 1898
313 6
282 346
349 388
1246 709
1066 949
120 1285
1850 1763
1118 882
41 1316
418 1753
1635 24
1460 1112
1291 1086
1880 520
1321 722
1154 1095
811 1719
1598 1554
140 1629
636 1387
545 1183
1592 1005
1792 1884
600 537
364 880
1310 1067
1179 1471
61 222
200 621
745 681
1220 157
1143 421
920 740
1411 619
1909 856
1489 1391
1900 170
731 659
906 973
1849 329
1467 1315
110 954
1408 1747
975 780
1323 1848
686 450
166 441
1557 502
1059 704
1087 1628
1918 442
1808 1267
831 1274
996 1005
556 1930
1029 1784
1211 1007
502 1464
1717 1031
1932 579
278 338
1021 889
1825 1498
784 126
689 545
756 358
1770 1014
797 604
1293 1475
1080 1662
1706 1557
1040 1464
1600 1561
1513 1627
1616 480
1258 746
672 1134
872 481
1835 805
1261 931
661 1321
1639 334
1533 656
476 45
1435 328
1548 1754
584 1460
1103 381
205 1829
1517 1014
708 577
1116 307
1723 370
628 430
215 1933
1039 279
1428 846
1852 873
170 1325
1282 699
1052 127
1393 1221
411 1547
901 749
951 1622
1524 1821
1797 1294
758 1283
1275 128
1125 293
1592 791
106 382
1634 914
1142 1914
1799 944
690 474
853 1274
558 1012
1221 1453
1206 826
1313 994
1571 997
1543 428
1517 797
1093 1598
1838 632
324 342
194 622
706 1930
1259 612
1543 781
1920 237
1433 1806
1829 185
1675 782
1846 1144
1840 1852
366 1840
125 158
1188 1335
1437 1310
1188 1325
1726 1695
380 1016
616 42
1693 1054
1054 121
193 489
1709 991
1692 1162
977 947
1450 685
1863 359
568 1380
813 585
767 1202
1398 1125
843 1271
698 437
1675 611
1241 310
1648 649
1184 312
872 1025
1028 1873
228 778
956 1647
645 762
107 825
1222 995
1834 864
371 1605
645 1031
215 1706
12 812
979 689
1721 1714
1674 138
1201 492
1705 1003
131 888
372 1613
1326 374
1436 182
1872 1524
924 1683
1496 1800
483 34
1005 792
460 938
1591 1113
344 1687
1019 1042
1326 1494
1029 1676
1656 1177
1310 1688
1455 359
316 1229
657 1475
1657 1405
366 551
1819 339
1251 1198
194 716
1005 731
977 271
1631 553
1124 921
1887 1407
560 265
634 527
376 1157
1464 236
1915 376
1210 1366
698 424
944 1108
1671 1624
487 908
362 375
1823 1153
1549 1858
1899 650
279 1277
546 1611
662 121
34 1587
1477 1683
116 1361
877 873
1066 579
248 1306
1413 828
1568 632
308 961
1030 1324
566 769
655 1783
1904 207
1689 225
427 1133
1259 1120
484 1894
1098 197
1879 1512
1048 182
1894 829
1430 548
1314 773
1035 1034
1277 33
237 1057
134 1278
1707 193
563 539
1869 600
1069 697
1523 144
1541 1695
1835 1233
1365 215
126 1747
241 569
314 1037
507 529
586 287
1718 383
240 1352
1331 1708
949 1669
583 1380
776 663
286 676
290 368
616 1840
43 841
769 1105
1237 1891
575 746
1173 344
68 1350
770 221
739 768
1558 1127
240 1855
1297 1302
976 1819
1581 626
1424 1200
109 657
273 206
1838 1555
512 1306
1023 1818
1620 245
1325 1449
833 727
423 1591
105 472
865 1440
1362 971
1571 1657
435 1191
225 686
728 1731
1542 1225
1412 1341
537 657
118 71
1490 1453
565 1038
678 1699
1365 1176
1661 1602
1355 1162
645 920
413 196
1696 849
18 1898
984 717
1913 1871
1810 1628
1766 1088
576 328
215 1674
913 335
1749 569
1091 1644
1109 62
1865 369
462 299
1927 1299
933 1775
1930 1106
915 1897
1653 1572
1161 1338
1509 29
250 1052
1766 876
614 1913
1887 133
840 1289
1513 966
1845 1579
445 57
548 207
1738 1733
1053 1006
758 1697
1818 631
252 278
1354 151
1828 1728
308 180
1184 1377
1241 230
674 658
386 499
1067 743
1289 1221
350 925
851 745
1363 1922
730 151
1672 1233
1353 1353
290 1017
513 1547
657 122
377 1613
225 1131
1074 551
813 954
952 1514
1070 241
1604 1471
1729 353
1198 1630
870 1134
1760 1517
484 135
950 1315
763 1760
98 136
193 1054
1868 11
1182 1086
454 543
915 322
1837 1779
1653 1257
683 893
936 282
1274 178
1590 429
947 1812
79 38
228 1177
1930 446
1056 1316
1209 960
1329 258
1130 173
1192 1890
1418 637
1013 1282
277 1907
1090 1507
1864 1531
825 1144
376 1298
311 1456
1915 610
1272 142
1235 1801
385 1873
763 1269
636 21
1530 878
1598 341
1813 1264
1173 1674
1137 1523
1773 1493
1750 425
274 997
463 1187
1471 774
221 448
37 726
1835 371
903 1541
221 128
1346 1049
770 756
810 1338
648 62
1152 1040
494 909
1839 56
916 7
822 989
767 98
1392 665
922 883
1103 1815
70 1202
759 1427
1121 1750
998 1745
1092 1842
1617 1783
1079 539
1706 1064
415 149
542 1374
1768 1353
698 67
765 725
1742 1868
564 1328
1018 323
1127 1848
1141 271
765 1546
60 1762
311 1229
71 431
1158 1452
1351 1494
1801 542
876 765
340 196
579 1612
13 606
1677 1573
784 394
1002 399
1427 1834
1156 1118
1107 1009
233 928
749 1769
1392 1222
473 804
1468 285
1376 14
14 1304
926 1147
1876 716
1426 226
176 1255
1923 1797
260 1086
317 972
1641 1858
473 1133
655 910
122 987
671 304
388 136
1564 1921
1879 1719
567 131
841 1571
866 166
641 1109
844 1367
799 1366
11 1093
1210 50
1752 977
610 933
1364 705
1171 21
1577 1457
363 1803
139 40
258 943
845 530
1528 895
432 1071
941 1195
85 631
1258 1056
52 568
765 1184
1013 510
1345 570
588 573
1404 1788
1282 126
1314 433
990 116
358 472
1650 617
1729 467
242 986
715 904
767 1036
246 200
321 522
1547 1881
260 1084
1116 723
809 405
568 1443
254 329
477 1823
760 457
1271 1927
1563 1789
1895 1236
956 717
1279 1392
190 731
1129 513
920 992
503 483
1016 898
1398 1265
1745 1550
764 1024
480 1112
1056 232
1197 1453
1320 1008
908 1329
973 325
18 585
988 1463
693 1367
1414 48
1117 414
1926 817
503 113
1522 570
968 524
251 294
125 270
1343 145
305 418
526 1591
1641 1913
1481 1131
1385 389
38 1856
1193 916
480 1927
1074 967
1660 1334
355 238
550 1761
1824 1250
970 1768
1897 1551
1278 301
153 844
1596 528
1669 281
926 1625
1540 531
1330 1473
1470 1334
877 317
445 1792
988 375
592 1278
645 1451
367 1365
92 1740
1736 1839
97 1297
616 1345
1335 975
1685 149
288 1075
56 1752
1443 252
120 673
480 419
593 717
1642 1193
1892 900
579 1435
568 1225
1702 1796
190 867
413 735
594 1539
1778 296
637 1121
883 1374
391 839
1518 1734
170 1482
1852 1551
930 673
443 1214
33 1251
628 102
1823 321
1595 1445
1854 1101
532 126
1371 374
1458 686
1873 1457
1482 493
1207 422
503 1908
714 1092
1879 85
821 1489
307 123
1500 1905
252 95
1593 1026
1696 1044
1421 1523
235 543
1352 1199
682 183
1700 778
923 1541
1868 70
257 1160
74 1154
532 904
1405 1264
101 1748
169 754
126 1690
89 1872
1256 1523
1311 1144
1622 1801
1084 818
1519 885
763 1343
57 89
1096 670
1585 1703
687 1210
1527 540
1070 852
1893 541
220 1816
1040 812
1859 1422
552 1687
520 1008
1306 765
1500 1795
292 13
875 1428
536 1870
865 592
298 1109
1772 591
116 726
1037 1823
505 378
1864 441
213 888
763 1265
723 1172
76 1455
1513 1537
618 901
1582 116
1637 1837
588 102
986 449
1313 150
1767 1382
1903 761
1117 1829
1458 926
594 1079
577 707
1190 29
318 1277
1614 1129
1641 232
284 1325
385 780
672 846
1897 920
55 164
1401 1853
370 657
155 121
1410 1691
1270 959
398 1768
569 1728
1671 1493
1533 456
963 1139
1068 1687
565 1727
1568 842
1470 1372
1043 981
349 1662
1686 1024
1074 1510
654 459
1728 917
617 303
1360 991
143 1267
1378 1198
419 1336
1855 1072
1479 1905
1530 1422
1375 434
805 857
1823 452
1135 211
206 338
683 1223
651 227
1740 967
1742 404
1644 1200
440 1473
924 492
132 64
789 979
1391 1611
1150 1871
1235 1304
1703 523
1535 1382
1649 1558
771 1718
704 586
182 1220
1097 628
138 560
453 1103
1336 1325
872 1010
1733 1350
699 1538
582 1240
581 757
16 1472
680 1813
904 1521
632 1532
57 1057
1142 1250
1636 1522
1403 145
193 1640
1520 1921
1715 1260
970 725
1930 1564
1059 1712
194 1260
1881 1405
126 907
702 1032
1862 1625
165 600
993 1299
183 689
310 1025
662 385
241 377
269 1521
1270 568
54 1815
1106 1634
806 524
1485 1475
755 1781
1163 497
197 1888
770 1313
122 1037
693 578
900 1718
815 857
1661 1469
1100 858
1883 1728
913 1328
1086 395
1004 842
1589 475
662 1555
257 1450
676 1387
1666 1228
269 871
1037 261
678 449
1167 1413
649 397
843 1409
804 1770
1199 1502
638 113
501 1036
932 1838
85 558
530 1320
472 1874
1821 142
23 721
540 1215
993 964
471 1190
972 1072
648 1089
1107 1840
79 1164
1534 574
1 1839
1232 334
1392 1665
185 487
1925 294
1627 239
74 1612
9 514
1636 1199
235 350
398 948
927 78
1873 696
58 1680
1855 405
172 773
863 445
1858 1173
706 422
1076 365
116 1443
606 1894
798 843
877 1043
809 473
1903 199
1181 287
364 528
1431 551
1492 820
312 615
1150 870
1610 1616
1120 1749
1695 147
812 98
274 1761
1511 267
1646 1742
1797 1241
1853 641
128 162
664 1771
152 1596
894 1441
1188 943
1264 631
854 1654
1225 1371
349 1730
1386 860
708 442
1203 325
1016 1058
270 457
550 231
1446 1884
1587 1541
949 156
1829 1781
1290 1851
238 1879
665 570
90 1528
1405 771
830 15
1097 323
1648 393
764 1730
421 1599
1202 1137
101 1122
1351 1742
587 83
1238 1655
360 864
1120 1641
120 990
905 1091
1484 1616
204 428
102 354
1086 1774
1620 276
832 93
1043 1030
254 152
1108 1373
68 1803
1564 1199
800 286
502 688
1619 1662
435 1242
290 1254
1682 1394
841 666
506 1741
1822 1727
1667 63
835 1546
1349 1819
85 1908
1625 1468
162 454
1644 46
983 7
401 762
1399 1487
1733 1309
136 1031
1070 1492
1528 1056
573 1253
317 12
35 1853
1737 396
48 418
540 1879
1366 1780
532 260
428 229
735 1269
1471 1233
481 1008
1122 588
657 1291
1366 775
1085 1826
1620 719
718 72
1447 770
935 1112
408 446
887 935
1857 632
1102 281
418 1238
1675 748
658 1098
1844 1684
285 203
1391 1716
156 513
1869 166
1155 1373
599 215
211 595
1776 1314
976 37
778 1863
1885 829
1428 984
1250 1686
1377 432
848 631
468 656
187 1182
231 168
902 69
475 1134
1181 4
1402 206
475 691
40 718
1788 1593
680 604
29 1686
907 1430
448 121
675 134
507 1279
261 504
431 1897
653 1593
1159 1000
1836 239
1383 1512
1708 1535
419 1254
1140 943
1665 511
1638 40
1575 855
966 391
526 1331
1734 1600
1145 707
636 1375
1310 415
117 61
738 1757
1730 1612
276 45
288 736
655 545
1031 905
403 491
1656 1168
910 405
393 30
307 680
589 1652
748 505
76 810
1132 1206
738 1112
1437 601
1763 1834
1112 1110
636 931
516 855
901 194
709 1074
1794 1033
1621 67
697 1808
1233 315
798 1605
1258 277
25 1005
204 161
1225 1836
923 1343
1922 1309
984 233
210 830
1732 1773
962 1803
1180 470
1256 646
370 1462
24 1680
1260 1778
1595 1447
1109 602
1304 539
722 675
702 894
304 1107
436 248
1496 1368
311 1348
4 1270
1011 1451
635 1691
253 1131
1832 1233
973 1667
89 223
1769 510
483 1580
1772 265
1283 97
1621 1107
1167 1818
252 1712
1419 121
1087 1802
568 1510
267 500
1239 855
1734 1292
1595 40
41 141
1436 792
347 1134
487 1776
473 1099
642 192
513 1518
1422 743
1214 697
518 798
350 1810
1476 978
1438 987
259 1309
519 925
1759 368
1666 1234
568 15
1895 700
1189 1705
787 692
1412 514
1480 898
1808 78
494 1366
1452 1741
1367 1426
1292 1310
1120 1428
1700 145
340 675
1719 12
251 821
161 985
287 1114
208 299
95 1673
1389 316
1004 709
201 180
720 1068
338 632
831 1164
1797 1372
422 610
269 438
960 289
57 161
936 1915
716 1914
1736 142
1774 1915
656 1742
1536 578
1714 1755
1885 1741
1305 1487
1372 1396
1178 774
1585 130
1411 1658
611 1074
465 42
1160 498
109 935
957 1238
1126 603
1266 732
282 1558
786 200
1357 518
912 380
525 18
1660 1445
1260 867
277 612
252 32
313 567
1561 1076
1768 644
895 430
1223 257
45 1717
512 659
1569 1622
1270 66
1235 684
1270 1493
1678 954
425 1503
968 727
1350 357
499 23
324 1306
1564 946
1613 234
1009 1844
127 111
336 576
396 1219
1338 1649
689 51
646 591
371 1116
562 970
1749 1077
1332 1031
822 1913
1694 1332
1880 687
864 425
811 1768
1432 1500
728 164
1860 721
890 705
360 1277
294 945
923 373
635 1734
1884 856
932 1117
1650 1109
1579 133
464 794
1592 1818
984 1739
662 691
902 1691
1415 804
1133 586
1118 768
1135 204
218 1038
1782 1009
1026 1015
1088 1110
875 682
1575 103
791 1644
1774 559
1672 831
1351 638
978 958
1137 325
479 834
1215 769
220 1076
1412 482
1248 1104
1866 1367
1388 114
531 552
1166 383
742 512
240 339
811 644
701 690
34 260
1444 205
620 558
885 804
1789 233
392 802
506 596
61 777
269 203
1517 603
1655 1539
992 146
1925 1764
936 1436
1707 1824
139 791
1132 291
1022 517
44 825
1628 620
285 1350
838 1901
1669 758
1700 1390
1329 1138
1210 982
1875 539
1557 1093
214 1495
1589 446
178 21
1461 322
1275 1390
1701 1625
1300 586
297 1887
97 1532
1642 570
58 204
1466 211
27 895
1669 1384
872 308
211 829
894 1309
25 1531
549 1416
1727 1462
193 1929
1837 1774
1320 1335
1375 1666
1006 432
1512 571
267 1417
50 1933
1023 373
1171 229
1004 801
891 1310
1041 1802
1914 759
1895 140
1375 1785
1811 937
650 1911
1372 1410
291 535
263 756
1668 1495
1438 146
1 173
1680 1338
328 80
322 983
595 733
1122 547
1163 710
1756 7
646 1069
597 576
273 1641
1013 559
409 1475
946 1118
1362 112
1223 1194
1403 778
1091 673
505 253
1086 57
1231 459
1319 731
1039 557
760 1578
827 983
1323 1492
308 39
262 1652
1492 730
305 1857
1174 1418
232 1558
1811 1079
1724 911
1736 273
708 1853
1362 239
34 854
1468 496
1584 1692
1135 1756
40 440
328 453
1107 851
424 1583
1785 1777
1813 185
903 1386
493 1368
79 1622
826 1167
841 1508
705 828
1880 1704
757 1409
471 191
1641 1294
401 752
386 1928
928 1328
1914 1576
622 722
801 1234
1639 1529
1230 48
128 363
884 907
624 1605
1839 1414
1868 597
894 39
1409 168
1850 1682
58 528
804 115
130 49
1726 1416
243 200
879 121
1773 600
1882 1749
1906 1075
1560 1450
638 2
929 1296
580 561
74 371
963 1450
1433 300
487 1820
388 587
1180 856
567 466
1534 1799
1716 1537
1196 1035
1476 1353
970 641
940 1151
901 1920
1643 544
738 673
1023 1179
352 746
1416 1056
444 1721
1252 579
1170 921
1721 76
689 1508
578 1790
1848 1206
1297 65
396 1049
850 1535
203 1282
960 824
1435 919
224 691
604 620
1803 1265
924 153
1578 1263
1369 345
1738 312
897 66
1390 1556
1829 1644
868 34
1244 1247
592 253
1396 365
628 942
51 857
593 1661
923 467
791 597
1084 178
1800 788
1620 1324
315 1675
1633 357
445 344
135 1889
273 942
877 1032
1736 1150
594 37
492 1812
1821 570
470 1184
1826 708
192 1343
1600 1047
1796 213
1863 1926
99 1353
1783 657
1585 1662
1251 1883
1342 650
517 1862
1744 1749
795 1293
1467 1871
1119 1934
659 445
1300 1507
825 1714
1020 1196
1920 407
1334 842
1203 151
37 1930
1024 1017
412 1612
188 1354
278 959
1402 1830
1138 11
1607 899
1259 682
924 58
21 851
566 1363
771 1637
130 1853
502 1437
738 391
1584 1188
300 829
919 824
1042 1666
1397 1173
476 118
1307 1856
273 596
214 464
677 651
810 1529
1308 23
938 22
813 203
282 1187
913 1661
268 1348
187 1343
1526 1285
1458 1749
1237 494
761 648
1867 1379
1727 1446
1299 502
1154 1363
1350 249
847 1744
1413 1716
132 1046
518 799
1463 575
1069 29
623 818
1519 517
32 697
1308 782
1108 224
165 918
229 1228
1688 1663
359 1878
1325 1846
210 1363
1064 658
1933 465
1455 1782
1158 800
630 1554
1870 1690
6 1660
1697 944
300 119
1699 419
1021 221
310 716
599 799
1832 1433
579 1173
1098 708
439 1475
379 609
904 1483
450 99
60 169
699 124
573 1360
680 448
42 414
1913 565
1592 1422
231 1545
1621 362
185 351
1293 266
938 503
37 1613
994 825
1637 211
1184 1918
947 1430
1849 1195
890 787
1802 1787
42 968
826 1336
280 715
1531 1286
1078 148
1151 588
1902 728
1494 432
1111 244
1206 1597
1738 1650
1220 915
1039 1147
78 556
912 313
587 1783
351 1272
266 1138
1843 504
823 152
1102 1889
1276 549
842 932
308 1682
1409 602
1242 1170
380 1820
497 888
1059 589
1517 290
1235 296
1406 1926
1390 65
925 839
893 1307
1054 1236
1616 966
1717 1757
1509 1650
1398 227
1399 1316
308 1707
1534 1188
571 223
388 209
1050 930
488 1506
1063 845
1788 985
6 1418
408 678
837 1900
417 534
1566 521
1876 197
544 118
652 1639
1207 1213
500 31
1143 61
311 186
1656 1678
594 59
1339 752
314 196
779 1295
1418 1757
1103 1429
1509 756
908 1132
410 1778
839 798
630 1878
855 1915
1491 832
841 1286
1629 1100
365 637
1509 24
830 1235
1247 1908
1663 1755
278 198
833 1763
768 1286
1649 1531
92 1197
158 1888
1287 117
1368 1354
1213 60
1828 478
477 1739
684 1200
966 1373
163 1625
1085 95
1894 849
225 275
638 1770
437 848
259 1721
1020 1033
1882 225
324 1752
414 957
761 23
333 889
1417 299
713 1342
200 622
367 1608
1738 823
596 278
1373 1848
299 190
42 1620
1300 554
704 283
1102 1619
1632 51
1325 1688
312 4
1879 571
1127 1473
1720 984
319 334
549 227
376 194
605 1773
1232 602
700 786
337 1655
1577 995
1275 6
383 1435
817 1834
1049 1200
848 152
1047 1735
73 1567
861 1124
271 1458
1162 1581
1260 851
806 1786
1678 1325
836 892
1199 750
375 1303
130 1039
721 1293
1817 834
406 472
900 1047
912 851
1171 811
380 1381
845 1165
1889 1708
681 1422
1681 1154
665 37
1767 1518
1447 268
1200 1130
40 570
1767 1917
1837 158
441 836
8 1557
583 1889
779 1624
1065 608
76 325
335 1810
1924 903
595 840
391 965
42 158
863 1333
490 657
1153 1579
1302 318
1889 466
900 825
1088 725
303 1143
1411 154
360 104
1408 779
1735 1348
1602 611
1824 1441
283 642
289 862
873 333
935 480
849 1157
609 1446
808 258
1777 1307
941 1927
800 1173
1933 1330
1853 342
734 982
516 613
316 1920
954 927
1791 899
1322 536
1277 553
253 461
1052 1656
1847 1314
1173 1100
1294 1453
868 22
534 1885
1788 1537
1368 216
888 1356
369 752
267 1897
1526 1698
1177 1314
1414 1131
1855 499
1064 678
1356 919
914 870
1107 1490
1883 1469
985 136
921 519
1417 1529
1588 854
519 26
1340 1146
1330 1745
1394 381
1824 248
992 383
1510 1157
549 1625
1437 867
1707 305
813 479
816 449
460 1445
1064 1151
1845 1283
306 740
504 854
1075 1244
1163 676
1743 265
1725 1397
1126 1139
555 1294
1322 1776
492 475
1407 1212
1511 313
1116 1045
180 1677
1886 1702
32 1540
555 1902
1418 505
963 1132
442 1068
3 1770
1762 1157
164 162
1532 901
592 977
1346 900
404 1159
173 1725
305 808
357 1298
1885 163
1544 1437
742 1260
1190 37
1367 887
264 617
483 979
1632 1900
1758 801
1404 1789
1882 1216
1141 1617
543 1399
580 15
676 1294
979 168
1866 233
1889 1314
1689 673
751 911
1713 817
920 142
1554 1306
574 1182
823 323
1471 603
445 769
1015 118
306 1407
1326 1301
473 1402
98 1540
1481 1820
1935 150
1333 99
1387 988
1319 685
1534 353
117 418
1919 1775
1525 637
1050 898
77 536
124 216
1571 212
465 1393
435 1170
111 529
1415 1870
1904 516
812 1919
1867 1231
1215 307
1327 1742
582 1636
11 1874
1488 1191
1148 1049
1722 1129
468 489
273 215
1415 1864
641 1386
878 27
188 1485
814 1577
167 1372
691 1404
94 1323
1237 867
1128 336
733 1702
1413 414
1281 1416
163 431
699 594
1200 1453
1064 1746
570 604
540 1919
706 1336
274 967
176 1735
481 727
847 59
1595 1494
313 407
1903 638
989 1354
446 552
60 1916
874 1604
852 340
1162 1282
1332 20
1675 544
1422 1363
33 1824
1082 1109
523 948
1751 1624
820 985
1932 1101
773 1774
973 1232
1287 655
1577 1478
1559 1570
1904 3
163 765
1442 1125
656 1026
755 321
782 1097
410 264
691 88
1113 1381
1044 81
647 1734
867 408
1400 1364
17 943
1774 1232
1108 401
393 1164
340 1671
633 580
160 794
789 983
1790 22
1844 150
527 742
281 119
592 850
1868 102
925 1106
1090 1305
1264 670
1534 319
519 116
1393 1844
1188 1348
1134 19
13 651
1848 1625
132 106
428 993
1490 803
491 658
1308 1904
336 273
1591 1424
752 1076
1175 1262
511 309
531 943
1614 1519
277 1224
1426 152
1261 1338
1185 1786
53 1179
1302 1631
527 882
948 937
1931 1311
566 364
133 932
1093 201
1403 4
307 327
299 1767
1316 1920
1051 1207
380 1413
1619 90
691 543
484 1852
1717 739
476 1176
423 433
1329 1459
468 1930
155 437
469 1259
831 1300
366 1786
1685 175
1893 1788
1595 1397
1502 1344
578 607
1490 76
1350 112
1086 1042
1068 872
1304 1326
1540 431
1756 255
477 308
1892 63
135 1330
1078 689
1748 1452
695 406
1336 1397
1581 1468
1600 606
1555 324
63 509
1109 142
258 758
1275 675
885 1833
851 1247
127 327
423 521
1209 1090
1725 464
1052 1697
941 787
951 1437
1357 813
1040 315
1593 268
1602 1589
1022 1853
516 423
181 277
1786 1443
669 1598
1557 978
1633 28
1078 1496
1272 939
1713 1586
748 1159
844 783
1298 1080
37 1704
712 280
1667 541
141 1409
1781 78
1241 1624
1319 1603
1773 1472
1844 952
166 1581
1173 568
1131 1846
1270 1908
1734 1798
1802 624
752 271
1509 1355
260 907
839 698
1237 1376
921 1568
1675 1007
831 283
361 1850
254 1821
890 192
1703 501
1178 598
1585 698
1825 563
1765 869
858 632
1171 952
1410 1306
1394 1598
1643 13
276 543
304 303
455 1872
1059 463
216 1574
450 504
691 1445
409 414
309 985
512 835
594 1824
1253 1174
1667 1634
933 1544
167 894
1187 1357
74 1874
251 1084
51 822
1616 115
342 6
609 970
1147 1578
1131 401
1350 1796
1448 601
133 1430
533 1852
344 1613
289 1083
458 1518
97 418
1263 139
512 1673
518 449
1476 1114
1261 625
1052 361
371 922
1797 661
1704 384
396 474
1665 1035
909 1009
248 1694
1690 1237
1137 33
1000 1106
1895 1694
1475 1275
644 117
1282 1608
1295 156
325 1819
144 855
715 1885
127 1248
880 1626
1323 915
1027 166
1174 904
1285 1674
1917 1245
589 1103
1782 1839
1641 1334
338 870
1728 1393
1218 1659
1218 1330
1077 1350
1840 110
1231 8
824 1644
1334 977
1433 160
1814 959
1813 1807
1748 421
148 1935
96 291
965 621
611 632
1888 282
1736 1392
1142 1458
631 331
74 1434
1276 1069
1689 1830
1079 891
148 1476
812 632
271 504
938 348
865 1477
1753 1822
396 1925
476 1742
150 1157
679 418
806 32
362 1754
1547 919
1578 658
1238 681
1841 500
1496 997
972 1287
1173 793
562 488
472 853
229 1507
1200 337
1393 1038
1880 1784
1441 434
1157 208
1553 343
1096 1015
1582 1115
547 1068
553 1199
360 918
138 1006
1245 965
1745 155
44 1011
1768 1798
1815 1383
1493 314
1849 1094
876 1638
983 278
592 822
1861 896
1818 1453
756 1553
1298 1889
90 1133
410 1108
426 1681
1611 314
1026 1156
38 764
804 265
13 343
508 531
1882 1825
928 677
252 1274
1749 1269
1603 827
718 1196
1345 1391
1840 718
784 426
209 1504
1426 1353
894 1418
644 1656
1307 1243
1580 106
230 1747
1361 168
725 18
1049 905
221 1290
717 1514
1300 1763
1865 1147
574 827
1488 54
52 695
1549 1612
1060 779
148 62
513 1090
758 1781
1450 779
739 1118
1097 1584
1674 54
66 468
1836 1661
1211 1592
1231 522
394 1514
1326 1563
89 1290
1422 455
1079 1354
699 947
1913 242
177 269
1310 1597
1430 360
1344 1828
1620 468
1365 1621
1653 1513
1413 848
1287 448
439 1581
511 1102
1812 957
121 1374
1741 1819
1581 26
455 1359
1262 1398
436 271
653 1561
670 130
954 472
1773 1619
1098 321
1480 1678
1076 577
1256 202
1893 2
263 1379
243 901
1288 1186
783 440
160 636
1363 4
209 1124
203 1925
184 1150
1473 1703
1404 289
1600 921
855 1111
1114 705
1810 1780
1893 1692
200 1761
1216 976
924 1380
1219 1904
663 254
564 1066
25 48
518 1313
1617 955
1132 1475
184 1795
172 1638
519 366
1934 499
649 367
1427 1679
1546 1866
1763 1522
911 611
575 806
1136 1240
5 1118
512 1751
849 944
1309 1293
1168 1297
1331 1069
176 1451
1003 1497
132 1549
1168 1759
1444 1023
1074 259
1680 1505
1763 1653
677 1503
1055 1279
1240 1811
233 1294
1136 1319
1809 618
1296 1829
177 1731
1058 1261
1719 1594
1519 594
956 1305
314 1073
1683 864
845 463
1645 1229
1306 1678
1337 743
980 60
794 695
1239 1849
592 308
977 338
824 937
1108 783
1439 5
692 565
626 511
1818 1816
417 660
379 1809
1313 719
899 616
273 1139
1931 463
837 216
634 1130
1598 1200
1607 1198
1610 1732
1196 309
1607 976
630 1899
1203 359
537 745
992 1492
752 1116
259 1759
643 384
331 681
593 1230
590 1780
364 655
831 1457
1109 1868
1820 487
748 132
612 1581
1881 457
534 1012
137 951
1796 164
96 98
1223 225
1405 187
188 1210
1755 1278
1723 1855
1587 1227
72 844
1071 1199
418 1126
714 959
169 1680
179 353
46 538
1232 982
866 1319
1278 1832
1824 1386
583 636
1382 749
1373 707
1342 1565
658 259
156 1557
1706 1773
1456 1381
1416 1291
1851 1310
1637 1304
126 653
1040 1163
173 354
1871 386
1187 1341
1763 1399
207 1668
842 929
461 754
589 218
1071 271
74 920
1625 1560
1388 667
1453 1643
1046 1090
267 162
1439 1866
1930 121
1734 275
820 733
967 1329
1563 611
966 1244
793 1747
1416 132
470 1711
786 1062
579 1027
873 899
1331 523
456 339
153 1419
1199 1429
427 1743
536 1105
1126 48
1398 1645
716 272
1638 1288
745 626
311 166
324 1529
1862 1385
1856 1819
1410 1864
705 1857
1871 431
1323 942
902 1730
1462 73
1769 815
1343 873
1107 1615
1400 1373
270 937
816 1045
767 1796
77 1712
396 790
1221 883
13 781
59 1554
1312 761
1031 1486
694 661
1727 1563
396 1408
1825 269
500 1468
995 511
113 178
449 1087
1874 1392
1397 393
1893 1233
1573 1886
1837 935
1238 1681
590 1559
831 431
1349 1217
680 1128
1445 1706
705 1806
892 1368
1455 713
1236 1641
945 212
1061 800
145 840
1751 1646
85 1282
1766 841
549 452
78 1579
1864 757
310 1898
1431 485
1849 719
739 754
1519 485
1794 240
1690 1664
116 760
132 1776
1078 720
794 563
283 1223
1101 556
532 939
917 1780
1324 1173
479 38
1403 84
1546 1931
529 1209
303 728
1096 653
1565 1104
299 811
642 262
37 45
1254 1539
594 790
1328 752
1491 1689
1084 1489
1853 773
1525 1582
1632 302
124 607
949 1016
554 900
1697 1042
1042 574
1847 605
1055 766
889 104
61 903
590 1657
1028 98
895 682
1919 1454
476 334
1531 450
1260 303
1291 1873
1489 1093
1048 569
1834 1012
757 328
18 243
1856 11
69 916
37 20
915 1141
493 119
445 1378
1539 1441
1229 549
1463 86
482 828
860 710
456 1812
1884 1098
134 1191
1499 1617
817 1808
232 1042
1374 327
1408 957
549 1341
1053 1170
49 821
428 461
148 1229
1708 1389
1239 216
434 336
814 1402
1610 669
1402 783
1816 1821
1145 72
284 214
248 1107
1651 1334
632 1526
1882 1624
158 551
1806 566
1236 1051
1087 940
1598 1753
131 1028
1463 826
1814 372
410 1696
367 1552
1884 1376
814 653
1302 941
1234 787
1520 1891
247 1853
1241 1852
1372 481
787 978
307 166
524 898
209 935
1271 457
1797 1235
296 1374
565 1470
527 923
1812 872
220 1610
529 1368
1761 1432
344 133
1765 792
923 1344
820 503
860 257
1028 1079
385 60
226 1418
778 1280
315 573
1150 1500
359 1374
1649 190
207 956
483 185
1919 666
1234 1699
1271 1023
431 1689
43 205
1838 1599
1898 1435
423 359
204 865
985 924
661 1760
1902 1277
86 636
1562 593
1187 1512
269 1563
30 812
392 1275
1746 580
1884 542
892 504
654 68
452 1700
1862 444
714 1011
1879 1294
490 765
73 1780
754 890
546 1558
1739 1489
531 1265
1378 1810
606 771
539 1757
854 469
715 509
335 997
772 1556
1252 959
1486 51
551 584
80 534
1858 343
1661 1691
1197 1617
1595 1005
1769 527
240 1281
1721 141
325 364
624 97
1068 591
549 1142
574 624
1219 709
765 1430
989 143
856 1
1455 393
1533 1155
671 101
1496 1679
882 617
298 1901
107 1710
117 1030
95 534
1059 1506
1428 1179
1079 1276
216 1712
1659 1135
1293 247
616 1392
322 1647
1844 887
1453 1670
1670 1802
900 1011
613 664
699 1113
574 1696
567 1577
1061 1627
1809 55
402 1388
406 1350
844 51
764 1427
1076 1512
1679 1451
1848 1370
618 538
1128 1588
913 1329
389 424
266 1891
949 268
1292 700
1364 1518
495 1727
1604 308
1763 1690
5 356
1645 1800
719 1677
1596 1251
1660 993
746 579
179 1231
334 1080
1183 1681
286 288
766 335
1361 1621
517 925
802 806
577 1080
1777 1616
1864 1817
180 1881
1214 1811
651 761
3 719
849 1094
1818 1425
62 106
917 1574
9 947
668 925
1883 967
924 1887
1215 353
828 1836
1557 956
122 963
950 1851
340 1694
577 931
627 1288
900 518
338 1772
1671 925
1740 123
370 465
355 921
126 214
1389 1397
1849 1348
1273 259
1635 35
32 1784
246 1090
118 1250
1810 20
1663 865
1462 216
1726 325
651 1060
617 1141
1146 1838
1912 1881
1166 1446
1821 485
1716 1682
829 1379
399 423
892 1292
168 162
327 1554
178 497
379 301
1019 656
1635 816
1007 915
1406 1847
295 1053
639 144
926 251
1806 611
84 1888
588 1343
1692 110
1027 1058
720 174
1724 1732
708 396
843 481
24 1538
1044 209
583 543
609 182
396 83
1659 881
1700 1162
645 1489
1470 1538
665 1114
1807 1675
42 558
1539 507
1784 1162
1118 74
610 464
1120 721
694 1180
374 314
916 1525
253 483
1409 242
1906 677
1447 1318
373 1148
649 233
1852 1330
531 85
372 1772
448 1130
674 976
1414 1054
183 673
1725 1349
1505 74
1581 8
31 371
708 133
1629 386
582 1795
1645 161
1039 1744
1639 759
1668 746
167 102
120 1398
1060 1345
1626 1728
1153 1800
1691 1215
605 465
910 1316
709 325
953 1903
1753 84
1479 1374
219 741
1359 1876
819 1342
192 177
784 429
387 307
618 1473
1714 1769
1203 328
359 64
859 85
1453 1436
467 1053
99 1684
1033 1839
127 1259
850 1326
687 1383
902 396
1002 1135
1668 100
757 1909
1878 1012
546 462
512 1510
1171 74
1106 1433
508 373
1389 208
503 601
946 487
1120 1469
1702 1182
448 829
1058 1076
1848 1335
854 1680
1059 448
253 414
1326 1906
1532 1925
1412 339
85 977
1169 1666
1480 1842
1880 1456
1736 1153
1760 1288
731 537
1705 924
1131 761
1356 1262
459 1381
1921 1224
179 1060
1034 953
156 1258
1165 1629
423 1362
127 1127
359 1079
1227 1645
127 591
1393 1408
758 1013
1532 951
1399 241
1036 359
1157 1686
1682 353
1612 1161
1530 968
1731 1817
466 765
1405 1198
889 505
1678 1698
1299 54
1275 39
1833 763
1770 100
1917 1858
1673 639
1387 1511
202 1240
1643 303
1756 1456
1506 1410
645 1365
168 1751
1659 907
1125 1499
802 984
1701 1806
575 428
1739 666
587 506
961 1520
1444 1384
1341 849
637 159
719 1142
1574 1183
934 620
1270 899
1283 1935
1012 284
1750 1682
582 668
1076 1544
608 1394
922 1507
878 1741
43 1399
1005 1198
69 1641
1731 1871
258 1881
239 473
1547 121
443 1655
710 1353
254 1429
832 929
1182 1636
1269 538
1202 1293
1276 1545
1398 31
1344 1689
1047 343
1417 1380
1839 1643
1226 350
59 1795
451 590
1511 1172
1030 1273
59 42
1702 1292
78 1906
380 982
377 1425
1412 593
695 132
1060 235
1928 469
924 613
1125 983
232 423
1789 895
51 1373
1438 1615
1398 1459
160 1119
286 1192
1563 74
316 1218
1528 1171
357 1214
1637 1250
1194 721
82 1454
642 561
617 168
1891 249
1163 946
1631 653
916 843
1787 1098
544 313
283 265
40 1633
1305 1776
1429 1925
981 1668
1637 1755
230 976
202 533
1759 1179
608 546
44 1080
1767 1521
268 671
1390 942
1480 1012
1665 1802
337 769
1465 1803
1432 821
1074 317
455 1752
218 1571
141 554
1236 1855
1879 1767
1404 1577
698 1480
214 975
1404 1178
1247 106
1842 1875
1077 1528
404 502
946 1099
1165 421
212 510
1855 286
744 1343
1347 1571
788 526
478 490
1588 208
1807 1133
91 880
756 287
1132 563
893 461
1521 118
1896 908
1448 71
1291 1092
1870 1324
1073 1624
1363 1203
1883 1505
557 615
664 727
1881 476
1407 219
748 424
649 468
1703 974
1739 1156
1673 1640
545 182
1182 976
343 1062
1478 603
1185 1900
1408 1523
106 647
117 511
153 339
1233 1601
111 1462
1915 1724
381 1356
326 1807
1811 733
1809 899
147 40
505 61
212 415
670 288
402 1294
786 1426
595 1320
1406 521
53 289
1359 1090
146 914
493 1438
613 556
684 794
423 1756
588 57
1794 743
1547 1744
135 578
379 605
42 321
1678 5
155 1370
1564 1465
928 773
951 84
1005 1794
934 1444
1238 119
1662 450
907 757
1151 863
546 406
1674 1694
99 645
784 1592
236 553
1798 895
949 303
869 243
366 1012
1198 1499
708 460
1882 721
738 1442
783 1804
1124 1276
1614 634
695 1321
1177 794
669 346
515 868
1292 43
160 198
1510 13
123 235
1267 1729
1894 106
1210 818
1612 1305
1471 1056
1875 1419
326 1381
1389 1533
1062 181
413 425
408 1895
774 1589
1167 218
1023 891
1009 822
3 1462
1043 1313
198 886
580 682
625 848
224 1429
1326 821
1140 1347
671 380
1745 1310
1801 1119
1753 1262
1182 255
1111 43
888 805
1275 1391
977 1190
1123 263
143 66
933 1462
813 1290
1720 854
1189 155
1923 1212
573 454
961 1791
1635 1460
1247 582
825 17
77 1478
1192 1180
1705 1809
1445 439
1687 1155
689 507
868 1787
893 182
1179 1508
934 354
288 239
1118 851
1465 1534
1867 573
1101 1535
761 880
420 675
650 753
1375 1754
174 790
1009 189
1678 461
698 728
1041 1385
1828 18
1282 1099
102 714
121 57
278 48
517 173
1339 413
1467 1149
305 479
1480 1186
1542 1429
1634 1415
1121 1284
1469 960
450 36
1882 436
1316 1562
1194 1929
1743 370
32 1819
379 1752
484 200
799 1779
3 59
502 1392
1012 1203
899 1254
1654 655
1531 1195
1893 216
1617 627
43 555
288 831
1363 17
209 1130
1576 1773
1612 1931
92 1282
1899 1719
1429 1887
1353 999
1570 455
554 450
380 1025
1476 7
1447 1257
1115 1689
1336 1121
43 38
880 1399
1870 486
38 212
797 1725
1698 255
1187 45
1382 812
1437 1579
583 1140
302 59
1577 1441
1167 91
1658 950
388 378
324 1354
569 851
1270 623
731 938
380 1315
419 1889
986 1666
589 967
1752 790
759 1486
583 1180
1637 1831
370 244
289 1740
288 1813
1471 1658
517 442
911 1705
344 141
1452 1498
944 431
1201 652
1623 1809
395 1578
624 1698
1242 357
1365 837
17 121
361 1309
332 1438
1133 1721
49 1870
1646 822
1104 1054
779 1829
1236 442
1380 1019
1035 898
814 1774
1138 491
1859 819
1642 547
518 369
999 837
660 801
406 1893
390 1205
1438 1480
259 66
1568 787
146 1355
649 1631
750 1099
918 1270
626 367
246 797
1171 1774
1499 1581
1069 1237
458 495
149 659
547 1876
302 1694
1770 846
1016 177
1107 1039
978 739
1021 492
1840 1620
213 285
296 1782
1563 484
934 1190
1329 1335
719 1525
1504 1483
306 680
37 1903
1114 552
153 707
1761 1831
206 36
959 1744
1125 1685
1664 1753
668 42
1171 88
1300 1428
654 335
657 228
1423 1413
587 1502
286 323
1090 12
1246 1720
1102 1467
1730 745
292 518
188 1272
1636 238
912 1743
1695 531
472 1289
1735 1041
993 1534
638 617
466 121
1840 1275
956 1016
93 1437
1453 1552
158 299
239 874
857 27
1213 1709
1632 1499
1430 1753
723 1689
1866 1917
1542 159
1905 1110
1261 346
1579 165
1123 1317
1922 556
1034 567
1211 964
525 373
76 1310
1506 1285
455 1476
827 1184
1749 11
1739 643
302 216
1541 515
52 940
800 1770
1231 1437
1048 466
547 1458
1006 1853
1437 410
575 895
141 1754
946 1272
318 642
1610 1298
416 298
1899 467
1879 1758
234 1327
1020 1459
1053 366
769 53
706 1301
1506 94
940 468
1863 69
247 1100
438 1233
1421 1306
469 1289
1825 1124
541 601
1608 1182
1786 1811
1575 361
655 127
872 1354
1782 1696
1190 915
933 1909
1464 592
172 505
219 1871
795 1240
1015 493
1345 958
595 41
1039 1709
821 40
1146 554
530 1124
1167 1717
1075 609
1746 1812
1304 606
1151 1515
1271 484
161 281
1933 127
320 1202
1685 1637
1701 901
1126 1703
202 633
374 1652
1596 553
1037 1204
642 840
724 936
1512 467
620 108
1236 82
171 709
761 763
1010 989
1593 99
1194 216
342 385
140 994
641 817
335 215
52 386
1660 1118
395 1469
1406 1795
652 178
758 639
839 1681
986 439
313 33
1901 526
1019 704
474 472
1063 1640
1610 1292
1594 250
1653 724
1653 1418
5 500
206 231
950 1461
883 693
777 861
526 633
136 621
1460 1440
548 1351
424 508
1705 825
989 1549
516 1162
136 1448
1259 1888
1523 534
474 1676
398 491
142 1283
1313 1392
474 1449
1004 720
1815 1116
223 1165
713 618
1557 1068
332 400
971 1027
1485 353
447 973
757 1119
500 1512
1264 1689
145 188
604 1264
233 1271
1037 1640
1413 1753
701 536
349 506
1073 1213
231 979
1622 833
1318 1760
138 1908
1315 1855
1336 1876
1385 1877
795 1279
794 270
1107 98
1791 1438
374 1660
1917 1593
1085 132
1859 348
1615 323
1568 1254
1308 784
1345 1862
527 71
40 338
343 501
56 417
1007 1010
1229 950
1544 75
265 505
56 1914
248 1507
556 197
1109 279
1785 384
1893 1768
144 1616
1281 922
1904 270
466 1337
70 1379
901 160
239 278
302 1431
1678 1359
1096 748
520 1223
1834 268
636 111
406 1070
1633 1897
987 333
584 1910
954 1008
1105 845
1237 792
57 1205
211 933
192 479
161 1829
617 947
594 1258
42 278
1255 1287
211 981
1130 1831
828 480
548 1482
1511 502
1343 748
1557 1256
405 1108
693 1373
1047 630
1558 978
1562 1333
1053 1355
1371 937
1618 1707
3 1848
1845 732
998 933
974 1051
22 1890
242 467
1492 162
609 1476
38 112
1645 672
116 934
1509 50
397 891
1183 667
502 1931
308 1290
674 788
276 1655
1934 571
1211 1389
1747 601
748 754
14 1302
1817 52
1596 976
885 321
127 1064
1344 1155
1054 1737
50 358
184 198
1091 647
873 606
1030 1355
1813 527
582 778
129 660
825 1190
929 92
1697 1484
1004 1465
65 613
267 1489
1533 1161
1345 405
666 289
789 1260
1492 1303
1354 907
1230 1548
383 1171
916 1574
306 999
141 1044
1664 1080
1517 64
376 783
598 1136
1245 342
910 1928
490 547
1275 1183
927 1906
859 1868
1354 446
529 1886
1377 1580
1609 181
1484 21
493 1488
1200 45
192 644
485 724
71 453
1817 1529
984 788
1485 470
602 1605
909 1052
892 252
1117 1308
17 1348
479 878
1225 1116
81 1554
1148 798
452 1249
399 1292
1319 382
1288 1193
289 271
1566 418
1678 946
922 903
769 1710
1034 1530
1703 1303
1604 1875
764 93
72 1117
1559 1634
462 81
1504 390
1694 1261
99 241
1054 1552
860 1020
1110 548
1169 1868
47 1641
879 1468
1322 1802
1293 422
878 1534
1773 109
1657 942
1121 1802
1255 1230
1738 1906
640 89
1659 1648
1868 1789
380 1684
786 112
538 647
606 1278
1308 570
912 1456
1809 1418
497 523
1477 434
225 642
499 478
636 1544
243 343
155 1030
612 1823
118 597
1141 875
1671 793
702 1464
378 1083
1724 1867
1712 1137
537 809
1699 1803
1225 1504
1828 1437
32 1376
208 452
1794 762
593 1527
643 147
1249 860
12 1924
873 723
255 1186
1559 3
962 1269
1790 1855
807 1111
23 725
1580 1387
710 1267
654 311
1127 550
1305 767
1879 1472
890 383
1135 1925
1669 1909
123 1923
1762 1129
1193 1691
1826 218
509 848
1472 647
722 875
1539 294
1642 1112
1536 1764
1814 1185
1516 154
1041 1573
206 952
1270 1365
1747 1905
1507 347
764 882
1845 1911
882 928
978 1863
553 1437
1910 1378
770 215
645 1425
506 1725
1200 618
1584 111
1090 747
1108 193
1050 880
203 107
1779 1489
1663 1664
1198 1018
1203 313
897 104
1716 62
1689 1469
27 1344
1563 769
345 1429
1368 273
528 1044
1646 686
1149 697
704 1704
320 455
1760 1640
1704 1609
1771 298
1294 663
1927 269
1534 1681
629 566
704 1595
54 1873
837 1062
377 1846
1741 1830
1138 1556
5 869
1703 1117
797 35
1652 765
776 264
750 1543
1421 600
564 206
330 386
1586 1006
312 997
1903 1653
1145 1312
375 17
1454 772
1043 1654
661 743
1155 444
976 1688
1309 435
929 842
1599 1828
1761 432
1633 1190
1088 115
582 1098
998 1139
1409 195
1576 1319
1221 677
1590 82
1668 201
1762 1461
265 1306
187 907
1121 447
679 372
867 1589
1855 1794
1073 1289
1476 1274
470 1871
1407 1191
1743 561
870 1249
1911 1879
363 420
1163 768
1358 1121
76 1819
1875 334
1554 1764
590 1578
829 62
1851 1393
679 969
1722 328
950 577
1495 1110
286 1763
1400 992
546 620
511 1871
1018 799
847 415
1585 1187
588 1367
1878 887
1499 1680
1016 483
905 1804
503 884
665 995
722 565
1232 1116
401 1912
218 1750
1431 741
1543 1787
1049 116
731 469
1433 1496
1567 1035
561 185
790 1047
188 939
410 1766
1278 176
1092 1435
259 231
490 336
1221 1887
1186 1066
1431 876
1093 1431
958 676
767 375
1264 295
1699 1173
772 985
1673 1582
877 282
1011 576
970 12
1840 480
800 52
616 1223
1119 1196
1907 503
248 328
564 1219
1472 1228
83 1767
565 1447
1705 1253
1208 864
1284 1070
1768 1916
1354 1322
1600 249
1051 500
678 1835
1359 356
1796 1664
1470 1146
1699 1249
222 1556
1571 1495
359 1084
1400 1752
963 1233
1711 1757
1873 225
750 881
1000 464
1049 232
1112 823
1248 1497
1101 1292
1350 970
557 729
508 1142
1649 1372
1836 942
1120 1835
1298 1817
1414 1745
372 297
1763 633
1075 748
608 1702
857 923
1533 1485
1058 611
230 96
216 1677
1492 488
646 1292
687 782
1006 499
417 1654
886 752
1318 1400
300 761
624 1660
1611 930
1638 370
1142 1912
12 1467
1361 828
1774 679
767 1839
1095 156
1429 1447
334 1023
1581 139
527 1843
184 769
328 475
1883 833
1322 1085
138 1750
751 790
1570 1041
1531 1812
175 841
346 51
1598 1763
553 631
1053 1401
1889 915
1695 1930
1758 452
971 559
95 1438
292 1301
1606 353
1508 236
414 1366
1441 11
636 1356
289 1101
1645 473
378 380
1519 1759
498 1224
669 1806
421 84
1634 1919
1541 1118
1391 1364
1004 1561
519 410
1165 217
615 664
440 1226
563 1751
236 1709
844 1757
1030 1135
1229 1367
1304 680
709 1363
1813 333
111 1607
505 1123
1852 770
86 1777
1267 1549
841 400
975 1070
1850 18
1286 921
1234 620
89 1586
1863 49
1159 419
1363 1580
605 1142
675 1241
600 1057
843 465
11 972
1047 1841
1500 1071
1340 22
264 124
860 518
1463 1302
792 1118
1802 461
369 212
1153 1591
1703 264
1193 1277
1810 1372
2 1615
991 989
367 437
226 572
743 851
1514 1230
520 23
1922 1740
1515 1635
19 456
