5357 505
1680 4596
2816 5260
4208 297
2611 5201
1259 999
3387 367
2727 4166
158 1851
3627 3386
1761 1892
2778 2757
5264 1234
1952 4911
2285 3920
708 3234
2727 281
2753 495
1749 1133
703 1451
4536 2081
3956 1996
4346 1501
351 4704
1496 1603
2842 2745
3548 2309
1263 3489
1795 1030
4404 1200
2959 499
1417 1173
2695 3392
3965 730
2392 2783
672 2748
2444 4954
2959 4750
530 630
1816 2834
379 1277
2715 1068
4580 1519
4598 461
607 3969
962 1620
361 219
3707 3232
1861 1883
4586 1709
1123 2138
425 2196
5204 401
1813 1235
2621 3671
3394 4905
3363 237
883 4277
1070 349
4538 3341
2836 2773
2572 5269
2363 3845
844 4085
2686 3908
4142 2810
1997 4042
4036 4361
2178 5144
3397 1838
5114 2335
4409 4630
2977 5034
246 4057
4622 226
4981 2835
1621 639
2597 4652
351 503
4511 1020
1595 4487
3102 1139
1300 4095
3639 2276
1235 2356
5170 5155
1221 4561
4474 3042
2102 5300
1910 4988
1919 1338
3993 1155
343 3198
376 1038
3106 4008
4129 4828
1812 3566
324 4007
4497 857
2905 1076
351 5153
3900 3254
27 2692
729 2207
4229 1864
4469 2846
4147 960
3670 443
3872 83
4256 4548
2442 2291
1915 988
3545 1131
1089 3371
1152 3397
4136 1970
985 45
2745 2947
4791 2475
782 4479
4879 2425
3480 2480
4612 707
1397 2817
4613 4687
3740 1407
419 2417
3162 73
4004 2561
2559 4093
3669 1706
4525 4662
3482 1283
4044 3800
4680 2137
3971 2746
839 1916
2635 3159
13 226
106 2146
1164 2470
4504 4703
2543 3604
2365 4900
858 4300
537 179
224 3497
4952 5035
2577 4015
3082 2642
549 3413
4387 686
1017 3088
1362 1599
2342 5161
618 4914
1297 1705
2004 4284
2672 5061
2821 2388
864 939
440 4626
1810 4512
227 4993
5209 3390
393 1157
5025 126
3210 1643
3420 2908
4614 898
2420 3628
3901 1354
272 231
2120 3890
2848 2137
4842 3997
727 575
3459 1842
1120 1466
1895 4068
681 1224
4324 4568
943 2685
4373 261
2862 1723
3019 114
3951 744
2871 1305
47 3411
1121 2853
2250 4941
4832 695
1548 4278
3442 4914
1799 4651
2668 3643
199 2663
4863 2915
4046 767
1375 2608
4611 1757
4577 232
2221 4203
176 551
3369 3965
4980 1429
4058 4294
948 3309
3648 126
2301 4949
1698 4653
4160 1557
1023 1585
3866 3976
3921 1985
5187 1303
4501 2520
1544 4982
6 1063
4808 5116
4508 1374
318 1490
65 2764
1246 4400
2847 4968
263 1738
4557 2331
914 31
4866 3983
3980 4535
1273 580
644 2420
5013 1154
1203 3106
3760 4593
1138 253
4940 5053
3602 5216
3944 2590
5092 4552
3222 4054
1386 4043
841 2917
4226 2108
2826 10
3183 711
4495 2072
1236 1818
4118 638
3937 2777
5315 4288
639 5346
4255 458
2579 2627
3799 2784
1976 477
1723 3154
3704 573
5181 4433
585 1149
125 1972
4850 5341
66 1699
4665 3220
1921 1044
5130 4616
1149 1089
4093 1291
5061 3548
4837 4870
2267 4828
1117 2837
2564 1597
4403 988
552 2875
922 2404
3893 1862
3863 3117
1014 5056
3245 4359
2653 3767
267 4485
660 1438
1766 864
334 2949
1669 3682
5019 2870
4864 2603
3234 9
2205 1686
309 3119
20 1532
3933 2987
3846 1739
5179 4171
2208 180
3265 3925
117 4300
1670 4993
4705 2039
1548 2580
1564 1072
4814 5331
2884 1833
952 2567
3363 1830
4616 5140
181 2183
4816 1195
2995 2660
86 432
4581 5348
2749 3438
3704 5102
355 2899
2217 3247
2905 5322
2055 810
360 4208
510 2538
2674 2951
1814 5181
4396 146
1889 2415
2043 1986
3345 2861
2917 5071
4436 1127
5282 3413
920 2792
4970 2781
4730 4301
1021 1189
2779 5151
248 4216
2186 807
1025 4865
2773 1362
1017 2349
1189 4559
1841 4462
4464 2169
2006 2893
277 2162
3571 1133
3268 4552
3178 3508
1894 1014
1704 2982
3482 622
3461 3811
3707 1441
2936 4599
3699 15
1532 2136
2985 445
1339 906
2664 608
266 2794
262 5253
978 1533
3627 3677
23 873
4434 1113
3248 265
2005 3316
5257 5069
4985 1281
5103 3042
4747 4784
1707 2871
3550 336
1201 4672
1877 1522
1838 1214
287 2602
4758 3464
1879 2812
1352 3362
4265 1251
1058 5081
1908 531
1284 4337
2261 3287
4917 216
2438 3627
32 749
600 1825
3323 1486
3731 3111
4704 3969
3282 3753
2873 1370
1490 3049
3368 3617
429 4174
4875 386
2836 4808
1227 1955
3196 3509
2007 3209
3256 273
5345 1699
3792 3141
3017 2654
2313 385
809 3864
646 4146
2992 419
4858 3007
1929 1204
828 2110
2348 947
2152 2913
1100 3226
419 1355
76 2645
5107 5183
2304 3700
1053 661
3066 244
2370 3494
4286 3883
1890 3365
5229 2571
5017 3353
3550 5305
4292 547
5080 2751
1446 2062
3961 1897
1969 3241
989 2374
91 4521
378 1710
556 3818
2473 898
3083 1247
3785 1984
3827 2838
4449 3984
328 4087
1190 4633
5025 4271
4909 5056
3107 4886
3000 1232
5066 5295
1713 4438
2438 4863
1791 1550
3137 680
3574 1438
1308 5067
2775 3295
2142 353
1782 174
2958 967
5302 2279
1388 3273
4061 842
5023 4062
4895 2460
902 1347
1673 1599
1097 1182
2665 2611
68 1016
3639 5137
3018 1799
2127 3004
3066 138
1218 4838
3736 1950
4744 4509
4684 4989
243 2391
4675 5142
3902 765
4994 4674
4576 2697
1534 773
4432 5121
4198 3005
175 2146
2042 4183
4271 2011
1274 4381
35 3521
5332 5283
4838 4389
4544 1896
5317 3606
2750 2209
2966 2926
235 239
1077 2691
2211 4923
3474 2521
717 5303
277 2929
2403 4138
2500 3516
5161 1680
1111 615
3197 1327
