8790 6127
2582 4818
3398 5404
6273 4897
1047 6921
3244 7882
2746 7353
3153 1841
5478 7461
3623 845
2413 6833
173 2154
129 8710
6058 5759
6207 1683
199 7321
6659 2814
437 5221
6154 3243
6653 4110
7215 1463
6473 4715
2245 8395
5910 865
5835 1481
6753 3796
1436 1514
5283 1364
4658 7713
5231 8697
3341 1240
2445 3675
4636 1890
6533 8248
5738 6730
4039 945
1744 4496
5651 5552
6034 3963
2912 5932
1298 7713
6388 8180
4985 6451
1407 7626
156 6002
5672 1102
4142 1734
6301 5287
566 2159
3128 369
7959 3918
8679 5749
3202 6879
6625 993
1135 8720
8766 4880
1598 273
2496 1394
4916 1705
7372 710
2611 7099
6671 3046
6352 5748
5365 8295
2103 269
767 6587
8710 3413
2136 3768
4020 4272
12 6618
5271 6047
2138 93
818 6904
1848 8157
5534 4620
3330 7441
470 7908
1902 5574
3597 3881
5959 6397
2017 7641
8544 7193
1761 8703
4789 7776
7056 1115
5628 4668
3965 8094
94 7658
7297 8681
8524 4888
4653 2907
1290 2111
5288 245
1457 223
3201 2740
1588 3308
7793 4632
2288 7572
1011 1229
115 6695
1266 8023
676 3161
6469 3494
1891 6098
7825 2163
5105 6345
6958 8541
7843 5830
369 3778
2009 5752
4869 8701
6754 7790
7161 5942
5576 4283
2445 6828
7611 1787
297 514
8661 2132
2674 3100
5014 8561
4932 7368
6824 1085
5056 688
299 2535
351 349
3744 6046
7502 2035
1376 6754
692 661
6684 3745
5761 7633
3706 1619
2658 6794
5561 8210
7411 8562
8701 7998
1044 8389
7225 6435
4159 3269
933 1224
2554 5176
1827 8265
7065 7453
8670 1301
6726 4755
8441 8769
7131 2713
5137 7941
7245 3680
8043 2782
3237 2296
8100 8123
457 593
6816 7480
3136 3857
1425 3913
7795 540
3245 904
3725 4299
688 7047
6561 4524
1938 1199
88 3296
1568 5504
6940 580
5289 3717
4551 963
3524 3937
3391 4342
6065 455
381 890
4237 4384
3291 5060
8158 8222
7554 2257
2671 1820
5102 2509
2811 4144
4095 5910
6717 4325
7442 3192
73 5323
3822 967
5378 368
7800 8272
7294 1768
8779 1531
2048 6895
3730 4197
317 3146
5826 3164
1213 8447
393 8280
5112 3451
7058 8174
161 3061
333 4527
7683 1827
1503 62
1433 3023
803 872
8537 4516
7573 8387
7633 7839
2968 57
8713 3187
446 7754
8480 600
2061 3642
2773 1518
4563 6236
5236 4764
5290 7611
4653 3348
7199 2624
6415 4389
512 6947
62 8580
1307 868
2927 6213
1426 7788
4988 965
660 6503
3133 7757
6337 911
2714 5676
8349 4710
3632 7795
1261 3922
3575 6057
6495 1800
1113 3686
7111 5244
8049 6987
6853 843
6355 5869
662 4262
5198 8709
5570 1571
3433 1786
8711 3999
7654 5758
2023 2016
6150 108
848 3580
4897 1279
2024 6925
4047 2040
4393 1594
318 3226
610 7329
5328 140
2062 6693
2341 1364
4704 6546
6967 4001
4543 7315
3080 3047
2926 2005
6616 4051
6152 3724
8263 5373
6325 28
6254 1223
4850 7102
1216 1081
7251 1695
3275 4760
2814 8102
215 5113
4799 5740
2336 5220
7229 6737
582 3262
7176 6016
4093 252
4848 3602
1285 5467
8540 6705
8504 269
7102 1087
6992 5365
1720 5243
2135 4060
1066 2546
7412 7869
6837 6791
4406 7126
2830 8241
8747 1924
1951 2340
3640 7436
7164 8068
319 6312
4636 6923
8312 6977
6955 8733
2362 7733
4292 68
191 7028
3356 4056
3322 1384
5528 3877
7052 7181
7632 8371
2628 5332
4088 1433
5024 4955
2586 7489
5891 4353
5240 7907
7719 841
6173 5294
2327 4716
6402 2777
3223 5311
3556 7166
4862 1049
6862 6562
3424 3135
1933 6279
4171 2472
3946 688
5144 8744
143 6337
7623 5102
7788 2151
2264 5017
8296 6619
559 2107
2950 252
7022 5952
1793 2668
7293 6426
7808 8162
2837 6436
5633 204
1675 5197
5884 6260
2205 5037
5999 3056
4255 2915
4060 5898
7084 5525
7184 8768
8303 5114
7308 8094
822 7499
4906 300
685 4761
6649 3433
4664 8614
1234 415
4086 1666
1646 7107
8596 7378
472 6059
1595 1553
4765 4115
2648 818
7799 4748
4903 8668
729 1189
3566 568
5320 7401
2317 3164
8152 6031
3996 1820
2354 7766
4674 1903
6484 6032
6492 1526
8111 1026
448 3426
7830 4775
5493 4046
8335 6041
1454 3614
7654 3352
4312 3552
5562 4496
2733 7041
291 4788
5815 2554
4830 4933
399 397
483 6706
60 8648
7701 7055
3940 6981
6384 918
8436 8719
3276 4357
2206 8211
6205 5157
3319 5905
6085 6164
3116 823
8728 7678
6896 192
1742 4966
3557 5696
517 7499
6633 3736
3112 1213
4710 365
4449 6854
534 3739
5530 3507
6327 1240
2241 3150
2453 5615
8589 797
2726 576
2286 8270
1256 1646
270 5769
6138 8383
4709 2754
6326 3819
8204 7320
2865 8494
7019 3401
4672 4540
5418 1516
1595 8464
2650 4149
2083 7054
2765 7067
3524 8375
6752 4698
1080 818
783 8155
8036 8538
2248 4676
186 68
6712 402
11 4495
7851 3724
319 1799
196 7737
3410 1570
258 6519
1311 7428
7461 4220
1328 3447
8199 154
8375 238
6660 1380
3005 7921
6376 7394
6674 8235
3240 2937
7711 3918
6862 4355
8309 311
6877 1365
5424 5732
6143 495
2192 205
8609 7982
6706 4574
521 1879
3300 3949
2599 5976
2097 5171
8336 2996
8436 4431
4024 3114
4414 6997
3854 4058
455 3042
8743 325
4365 777
6939 3276
939 7284
1820 7720
3382 1029
5882 6738
5084 8589
1322 4944
6030 7162
5994 3792
4463 1800
7199 4602
3466 8143
4370 7094
7687 2525
4420 3770
1765 7148
916 2658
689 6339
5816 4035
6756 6226
4547 4094
7702 8408
1025 3818
7552 8241
2343 3562
2455 5051
1944 2512
595 1671
8050 6432
5260 5297
3225 7218
2024 5647
5538 7004
5025 1190
7250 1775
7170 7529
2081 431
4467 995
4933 6721
4213 3234
3390 5263
8611 2880
967 5530
2259 4537
368 4095
7776 872
16 8149
6237 8041
4383 7
2880 8669
4446 4260
716 1146
3482 2270
1650 681
5623 7033
2243 7193
3489 305
2795 1499
7792 3061
3846 3710
2240 6423
5366 6505
8044 1334
4830 5441
8703 3007
5769 7726
1344 8150
5288 4757
344 4516
1712 8662
2521 3276
6972 2232
2686 1724
6596 4407
8626 2394
1005 5941
7434 4977
6662 8734
2281 8550
8692 5998
8143 3212
6110 3392
6215 4563
4678 7049
4312 8635
4464 7145
521 7012
6835 1586
5246 5057
7423 586
1953 8373
1033 4691
3014 1464
2088 7088
7357 1393
2505 577
2145 4527
6700 7811
4420 7180
2202 5538
8197 6120
7965 5668
362 5669
488 4335
7520 5645
4333 6966
1236 5274
3400 2919
6887 1940
1249 8586
8109 4098
3104 6481
2186 4564
6423 513
2499 3729
3674 95
7211 1838
8517 7185
6488 7732
7398 4586
7140 5137
5389 6281
2536 8051
7907 3292
3826 6076
4482 7603
8494 306
7409 6497
391 75
1890 346
3606 2282
8187 5687
3107 7639
4149 7501
339 2742
6070 4308
6589 376
2302 8257
4314 2722
4563 6548
272 871
8322 6951
2236 4778
3945 8663
1924 7708
6811 3678
286 5930
4817 3277
4370 4300
4771 3624
6461 6143
1386 1550
6711 2880
5865 2436
4743 5108
8684 4882
7785 2132
1606 449
3989 5608
7033 5144
7425 3989
1933 5385
297 4413
4765 312
1810 6868
4340 5359
8504 7617
4497 8650
4652 3063
8435 5432
2212 2474
6121 1081
8395 5021
551 1759
8540 8596
3877 2861
1447 8670
3160 327
722 4678
4116 4304
5491 335
3642 3031
744 6818
1230 1883
4320 1468
3451 1100
8482 2182
6476 7616
1756 2422
5402 3303
6747 1100
2198 2197
2731 636
8747 8635
7687 4249
4588 1724
3066 5108
7688 1267
7539 2782
7561 6596
7432 2294
4824 5268
7312 5943
7755 2410
375 6540
1037 5295
6113 447
797 2223
6189 8632
3168 8667
6858 8574
3858 1939
2062 6560
7141 3886
2221 4224
578 8286
3269 8670
6589 3262
1057 8216
2409 6455
8619 1513
3500 6253
2655 4263
1630 1759
8062 5634
2012 7983
2168 6249
1171 6136
1087 5524
3416 3292
6134 3522
4363 1690
5552 285
1430 3265
3969 3088
4084 3840
1317 7189
2328 2122
7584 5262
1353 3094
4417 8167
7910 688
5322 4552
6425 3594
1038 5750
6521 7662
1748 4255
2360 1425
164 5725
4773 1334
467 7751
3983 1224
5466 4838
7760 3352
5217 7165
6785 6471
7542 1891
7507 3794
8132 1492
523 901
5526 8029
7508 8542
3285 6153
3384 2268
3993 6427
3413 5767
2000 6555
6968 2528
5654 1716
3850 7837
8417 2102
7201 7293
4275 3051
7512 5007
8606 3088
3394 718
6041 5298
7794 6370
6726 4648
726 1483
8272 3192
6354 5803
1081 2110
2313 1259
1627 7775
3921 5669
7531 4371
8299 6651
5025 5236
2556 4645
4795 4842
2894 906
4039 8295
8036 7794
8173 3123
5752 7179
4157 4736
5169 2140
5104 7001
1590 2375
1307 8011
5647 3756
4362 3051
2816 5741
8409 462
2264 7892
5983 2062
6419 958
2715 3101
7382 5558
3334 5828
5982 4477
4557 5453
3869 6925
7487 6966
4977 3961
3957 240
7052 6927
8673 4802
1601 6122
6349 7346
2603 5704
1583 2064
1142 4949
512 7083
2496 4285
6336 2167
5242 4433
5069 3298
4788 6356
2208 7841
5798 4707
4214 5872
1211 6334
4184 588
120 7599
7710 4125
7732 237
2635 7480
5558 5396
826 2697
703 8723
5762 4492
5819 1760
5157 5629
4961 752
2165 1219
3848 2579
1299 5455
1787 5971
5226 3746
2818 8227
7003 8118
6171 5102
2079 5201
767 6386
7094 7356
5292 5164
1516 8153
2391 2778
2396 7354
1222 8466
1805 6338
1701 469
7780 1699
8287 7516
6265 3162
4336 683
5520 1012
4927 4777
3858 1749
7064 8703
5169 1109
2382 7034
4030 3855
888 2335
5504 5985
8356 1654
7580 1793
4778 1799
5743 8522
4689 3159
4489 5408
946 8397
2651 1895
6732 5584
3452 7825
1334 371
6467 2896
303 1969
1311 1419
5089 813
6603 6590
554 1726
3847 78
3167 1732
2958 8086
4551 3334
8209 3270
1495 5090
3217 1107
5 1909
8358 1429
7411 4630
1794 7144
5250 3282
5053 7861
4346 6530
3689 3427
7805 8725
2990 1846
8634 2310
5069 5891
6365 864
1548 1839
7073 8389
6279 449
7392 3856
6233 895
4584 7707
1033 4914
8015 2895
3128 8137
632 2873
3662 2868
3772 3766
793 6372
5632 3106
1150 3649
1745 1445
4176 6147
1488 5371
4959 858
3968 6488
3125 2269
313 5616
3621 3490
8711 8542
6175 3151
7769 1312
6516 2991
5101 2609
8533 8509
6449 697
8410 4885
8078 5531
6945 2368
3390 1969
4124 6005
701 6683
6838 185
2735 7324
2150 7459
8594 6365
3071 2701
3415 84
3978 6897
4880 225
5374 7833
2758 71
5957 1150
4591 1376
1374 4731
6121 998
2645 985
6364 4317
1306 6213
356 6234
4658 4554
5999 1438
1732 2890
5130 2410
5767 220
4580 2924
6413 3076
5026 4755
1822 3466
905 4910
6791 4368
1827 8605
4822 2200
293 8322
5458 5021
7339 8515
8400 7112
825 2542
3888 2562
8776 6955
3726 62
631 7967
7091 7535
8415 1262
7834 7956
157 1458
2970 7723
7592 5724
5147 5723
8329 4477
37 8500
5442 896
1125 4140
6881 755
6192 483
2063 6302
4989 278
4203 1686
523 8270
3889 127
865 430
6762 2166
3604 4509
6268 8290
2255 579
1265 7216
461 6243
6827 4130
7998 7938
3692 6528
8128 2638
1127 7905
5530 2037
3085 6798
1838 6643
6176 2189
7920 5629
2794 8546
1338 134
1119 8278
3793 8592
1948 6570
116 6444
4720 8199
2795 1258
445 244
3545 3987
4060 2809
1389 4737
701 7566
8547 2585
5186 6413
509 2170
4188 3786
7206 4028
5245 4762
1455 8316
6127 7946
696 5825
7257 4488
6640 2891
427 246
4123 457
1355 763
8049 4363
8528 8334
1784 8715
4577 5714
5812 7702
1427 5412
5552 3346
5406 4977
7255 6092
2667 932
2122 7271
5686 2640
4530 3664
1023 5445
2500 5504
8778 564
6997 6200
3888 3772
2937 1968
2583 6766
5755 8406
1376 7831
4611 530
5101 3626
936 6264
4671 862
7941 4159
5593 3775
444 2002
5972 6439
5005 2766
7760 7957
2166 4785
4393 3399
5346 4219
1042 2658
6446 2236
6371 6315
97 7408
4300 5024
7685 1680
1665 4319
7879 8643
74 3592
8297 334
7846 4275
6582 6199
1119 1312
8565 8372
2274 8009
5361 2467
5592 8415
2247 5752
4029 2538
6794 2670
1970 8406
6652 7738
1796 6103
8504 2682
3427 3289
1891 8130
2917 1049
7662 8629
6423 6392
3890 478
5339 3928
5168 5605
7640 6730
3455 2681
7322 1134
1885 4107
5569 7225
2380 5016
1388 474
4661 4597
369 3916
4112 2022
7640 3205
2140 7661
6473 8401
4429 3726
3092 7152
4441 2236
5225 8018
6357 4274
4905 4157
7907 1246
3026 6832
8670 7036
6790 3650
6529 8125
8534 7330
8354 5579
773 2914
3508 5344
5705 4531
966 398
5564 999
7731 2328
1835 1849
5536 7384
8219 1544
4522 7786
2023 901
7020 3938
1210 5331
4942 4386
5043 4294
226 6836
7736 4782
5682 7392
1024 1730
1456 6747
8602 223
8130 7583
6513 2598
34 1588
6283 3462
6310 4587
6598 6435
8349 7466
7795 8069
4904 8166
6518 5630
8618 6818
155 4338
7134 3647
7039 5578
1458 7836
2956 1104
8026 303
3085 1566
7863 5880
8476 5861
7046 8680
2041 7271
1385 8276
2211 8183
2355 2629
566 3994
5948 6268
6663 483
3543 5893
5788 3368
3571 4629
5262 5285
1014 2892
7328 3260
2821 6225
6354 1685
7108 236
1453 7664
1874 6916
8165 5499
5312 6402
4419 2556
980 7822
7506 1174
6170 4134
4901 6072
6095 2023
8525 6170
4774 6425
5382 2047
249 3056
5819 3142
7831 3151
7643 625
3468 4852
977 4887
4526 2535
6374 697
5953 359
5262 2830
6107 6541
3858 7923
4288 8695
2185 6361
1078 8764
5164 269
7366 8607
8516 357
8645 6037
287 8700
6841 3879
7870 153
7341 7450
8042 1384
4157 5262
8676 6871
3140 440
7213 2374
6019 1669
8408 7734
7134 7147
6772 6931
5751 3482
4511 6478
7556 387
421 1818
4521 6985
7577 4967
4741 1756
4657 1947
5267 4373
4281 2480
6938 6970
8668 1077
991 3222
4605 7405
3828 7381
4204 5016
6855 1310
4636 6482
6925 8574
3214 562
2459 14
261 7146
2881 8591
2127 4004
5723 205
8130 2817
7367 2801
8315 6237
939 711
7832 2773
318 7618
5304 7341
5306 8575
2510 3725
6261 8062
5655 2579
6136 3823
2321 6390
5360 4939
2308 8052
4201 6816
8604 8510
5021 823
3233 1079
8197 6299
6512 3710
5782 1249
1388 5707
5222 877
3805 4147
1586 2349
4258 7708
5720 3011
1828 7993
2226 4331
7420 855
5013 3385
5684 3271
3375 4171
4961 4188
7565 7392
6309 4834
623 8358
7836 8616
7119 7822
300 7747
5696 4507
2265 627
8653 7946
3327 823
5161 2673
4005 5319
5022 4359
6611 1095
5910 7455
1493 1317
5870 1673
3682 99
6962 4501
1650 7421
6302 892
4898 4304
922 1658
8218 2123
3469 5909
1891 1812
7763 3785
1187 1383
2382 1836
4940 7564
2452 5689
70 7633
3067 4497
5797 6472
6624 1094
2750 4663
7090 6719
6278 4002
6974 1594
100 3717
2414 4099
61 1771
2071 3496
5750 8591
1355 1930
152 5077
3181 5239
3261 6153
8612 7772
4493 535
6164 5577
8364 4759
8336 4489
7154 6956
3391 5073
3875 3604
1544 661
1771 5394
1780 1962
56 3268
7575 6236
1939 7905
7892 2255
3016 315
5677 4109
6627 2327
5875 2564
4540 6594
2298 4818
4762 3928
1023 7492
748 3827
5756 3682
5204 7737
7476 8457
7490 3642
535 6844
8426 567
2817 7098
3454 8030
8313 3913
2162 1821
295 1853
6579 2441
7566 4414
3451 7595
5768 6671
7845 8268
5211 4528
2768 4592
1123 1553
7501 5920
4500 4374
4287 3740
4429 3591
103 345
6229 3464
1211 6202
2031 7021
8323 7632
4822 6696
8464 6985
8291 6039
7667 3214
7929 7935
108 887
4382 1057
8531 379
1069 3121
6869 4684
1501 1976
6685 6355
1246 2461
7 7703
6635 5637
1793 8662
8426 4845
2798 5243
1603 2606
4540 2817
1136 7708
7048 7753
2955 4927
4403 7959
1662 2826
6616 2642
4441 7889
3210 7031
430 3917
753 1896
7153 5619
7427 8624
6868 645
7036 1906
5786 4260
164 3031
3966 5298
6153 8775
7576 1543
3237 5995
1829 4017
4515 4142
4125 866
6974 305
6719 3282
8156 1856
2528 1571
64 6110
2667 3363
1649 7004
6334 6721
4441 1678
4959 7916
7495 6525
7406 7672
3889 1259
6353 6167
7828 3924
2877 8453
5812 8288
7670 5093
4461 3629
2884 6082
7560 6184
5259 7933
6372 4711
64 2329
3149 1106
8513 487
1926 5667
1048 5988
906 961
7747 4381
6121 7460
1422 249
8000 8337
8154 1239
4145 2787
2284 5998
5960 2445
5289 4600
1993 7836
2376 2481
3514 5378
3751 7603
6805 8549
1602 5012
6108 1697
5398 1505
6015 1403
1470 4364
5892 922
5957 5644
6775 3742
1175 8758
8609 2501
4880 3095
5402 333
2602 2772
5276 2570
3457 6251
3990 42
36 8582
4516 4463
1966 3662
998 795
675 2374
7222 1342
3739 1555
5609 8569
1253 4898
793 1935
2894 5342
2144 4550
2521 680
3199 643
428 7712
6713 6462
543 3581
7248 6144
7779 2371
6288 5304
6989 1480
2769 3701
6620 3057
7426 3602
6118 3080
3078 5408
6096 1512
8373 5103
4214 4939
5453 8200
5123 7754
8591 568
391 6620
2354 7066
7428 6621
2352 774
220 5720
5429 1892
4656 5317
1350 5917
4370 1337
2726 3827
282 7552
6648 2544
1945 5795
3104 4791
2042 6803
7625 2422
355 3354
3888 6282
8434 3759
5025 449
5874 1141
5566 1651
2439 5085
428 5874
6222 1995
5025 8687
1316 6695
7325 7747
1292 4770
6938 1803
8738 3918
3951 2506
8588 8349
2654 5405
4387 5519
6607 4668
6959 759
5316 2967
8502 5382
5828 5953
4786 5492
7965 8544
7122 2848
1393 2834
811 1501
6546 3686
4565 7977
4763 4077
7248 8761
1416 3966
99 2751
8374 3970
3248 4274
543 2457
1508 5059
1097 8389
5942 7670
1390 1551
706 6809
2516 6124
7257 8731
5476 5776
7301 6366
6784 8336
3021 3445
5749 8296
3939 288
4495 4935
6452 7520
2834 2517
3173 2660
2172 7451
8006 6148
1263 1577
4808 8768
5589 5633
5831 6800
6329 1751
5648 8591
5974 5803
7723 8767
1407 5589
6828 4437
7082 7772
7022 5785
6637 1496
8669 1484
1784 2077
3506 5102
2895 8606
5505 6728
5631 5377
5347 5345
5353 1275
6998 8542
2401 8493
6103 7895
6671 1730
7582 7737
1293 5328
3697 6698
3959 6965
4952 2617
1050 3104
7370 5296
1958 503
2804 4881
3529 6800
3316 1881
8523 8291
2599 4049
902 1614
657 8702
4399 6688
6032 2977
5663 6747
4726 1796
7011 2423
976 4130
743 5625
4239 6309
7319 5774
1736 1341
4308 3806
2120 8613
1905 7011
236 4140
8219 3877
3465 4954
3121 7104
2289 715
2166 8422
109 4185
351 4857
1481 2086
1892 1144
6331 5333
6067 588
6149 3596
7259 4572
7819 2487
6 7766
1992 1979
5799 914
2045 5925
7946 5742
1537 5732
1641 7176
3485 957
2716 5445
7698 6518
3724 5042
2800 5646
784 4823
5721 8213
7425 4188
974 7579
1951 77
3022 7052
8224 8578
7893 5725
6234 7921
4808 7092
5374 4723
3518 4274
569 1118
1801 3951
5928 5867
8361 6596
2773 3595
4608 1971
5299 2900
8155 195
6778 8267
714 317
6923 8156
6145 951
1226 3255
5307 7432
265 6581
7504 3466
6402 911
6043 7719
723 1486
2132 5770
3302 1325
645 1345
1484 1560
2285 5366
8177 349
7288 7646
3266 7692
4298 4567
6443 3614
3375 5621
849 6046
5806 1972
6353 2653
5043 2081
4408 3484
919 5257
55 1683
8629 1657
818 2505
6660 6006
4382 4883
8743 8357
2246 296
5914 6393
6419 7361
8148 2337
5668 250
4644 4222
8698 7197
541 538
4615 6696
2616 6260
1590 8330
2809 2236
4012 6455
7680 8289
5067 5786
65 4665
6448 5905
457 2638
7515 5941
133 5440
4192 3852
6073 2029
4277 6772
2128 7956
1057 6038
2523 7807
1613 552
170 1533
4928 4815
4754 68
5714 2429
6961 2879
1975 2492
2486 7228
2370 2156
975 3034
2336 6918
7346 1311
1424 859
4786 5235
7190 8611
7854 7596
1552 7467
5098 446
5543 3160
5747 5235
1657 857
554 1039
1136 8529
3979 6597
558 3027
4956 7873
6889 4500
2725 1858
5461 2464
2864 2294
4699 6499
4626 3187
6755 2739
6969 3196
6423 1166
6411 3510
2229 803
6992 66
5570 2151
3652 8029
497 1667
5164 2964
876 4348
7182 2343
6159 5382
891 1835
4594 2558
4373 7913
642 2061
1141 2583
1037 6261
3284 2632
4269 447
2240 1632
2132 1317
3709 341
642 2406
3428 783
3443 2380
5195 2152
1835 1272
7116 4472
5517 1787
6777 3747
6301 6728
4637 7492
4349 7435
7141 4512
5860 4686
1671 5171
7586 2674
5498 3700
6551 876
6289 5871
1321 3413
103 5658
8500 2145
4223 2701
4473 1378
8312 7798
7294 8763
1552 5699
364 3173
7178 4919
8573 2773
3578 296
7226 1950
7895 1688
2645 5726
8676 1521
7851 4138
664 917
7399 2468
7699 7126
6807 1914
6839 6115
4853 6792
4928 6426
5488 2705
1044 3653
8789 6082
3487 7138
3210 2091
2729 8050
5265 2923
7869 6636
4229 1073
3052 8463
7211 4049
5589 3557
2697 8197
3952 3515
5804 1951
7264 2585
5879 3753
8666 5731
2186 310
843 5486
1903 8405
2072 6863
4838 1828
1501 4971
4319 7475
2708 3846
8204 248
746 5314
4012 8061
6643 1098
3429 4081
3179 7752
6447 7499
5886 5397
816 7069
5396 6210
996 5846
7439 3636
4316 2514
8381 4281
4447 4603
126 4007
8715 7625
4085 5875
465 764
5671 5363
3806 2897
934 7645
3169 8749
4799 146
8082 8021
6153 1438
249 6609
6261 3312
925 3013
4310 3960
8498 5493
161 7219
4064 1394
3223 1474
3776 5561
6608 7229
8367 785
8274 3679
7079 4796
1065 5556
5374 2967
5168 5097
6362 5428
6316 3636
8598 8181
5798 3553
8313 2121
471 8236
1204 1481
5103 2640
5875 7181
6271 3143
3510 3582
1938 8590
2626 4692
1122 4993
3674 6638
7616 3611
6230 7699
8263 7107
6164 6950
2180 7624
6754 6215
3638 7673
1976 5936
2516 7733
3757 3324
2994 7424
8160 117
5895 4806
1671 5741
6820 605
1288 2357
7641 736
4621 405
7354 5623
5309 6447
4265 8737
7389 1107
4590 8685
5814 4603
8348 6831
1185 2834
1214 3719
295 6484
1315 1822
6698 5578
8311 5462
317 2695
805 5192
103 2204
4851 5025
7855 552
6686 5718
5377 2310
455 6609
6198 8388
6181 7902
6721 7861
7255 8251
6884 8672
2983 1053
4405 4057
5983 1327
2074 6720
4873 6947
7823 7344
8392 7274
2497 393
7762 6310
2747 2708
2111 8624
293 8121
5020 7926
2293 721
4329 3136
8768 5096
3895 3155
4094 6826
4238 2144
8480 176
1711 3057
7988 6176
3151 2410
7774 531
4564 1055
6041 6449
7838 4903
6108 6789
4120 6412
1054 2619
366 6563
5181 189
2174 8291
3512 1122
1632 5264
8713 5472
3059 7097
1446 3774
4905 3514
3847 771
1568 4451
645 7694
1306 4968
2467 3964
398 1534
5458 1459
2325 5547
4980 3741
5400 2281
3226 6103
3121 4408
715 5086
2248 1447
8549 7152
956 1039
3414 123
8342 5816
2901 7833
4599 424
4569 820
1378 2257
601 8023
6791 1662
7965 3907
2968 2283
2436 8735
7281 3446
4207 6436
7087 6261
3128 4293
8163 1600
6403 6168
6830 1246
8540 7719
3615 6684
3325 3850
6641 8062
8512 1338
2513 987
5856 1216
34 8005
3180 603
5644 205
4334 6526
1404 2123
8197 3431
1255 3682
7201 5289
3122 540
95 4420
3831 2209
3907 215
7338 5896
6968 2412
6744 4006
999 4920
5661 6130
5998 1975
3437 4993
8683 1382
6615 8349
7482 5154
7186 3842
7391 4819
2367 981
3790 720
6171 3256
3375 7065
8242 5028
3415 4485
5538 5011
5756 7478
4691 860
5193 957
7204 4064
5974 744
1563 1126
1134 868
7015 1359
5754 8411
4124 1381
4491 4025
7794 5990
2252 8425
7589 4
7295 1540
4493 2789
4425 3029
3099 4729
4430 7985
7522 6766
2995 3412
6478 2378
7812 726
1324 6981
34 8107
6240 1806
6879 359
4568 5077
4135 8734
663 5377
568 5179
6001 8221
7565 293
3112 2805
3079 7808
1393 1179
2173 2959
98 7207
7550 39
4937 6175
6115 1254
4069 3392
8625 8195
2132 5236
6534 6569
2737 8511
7501 7782
4057 397
2293 7889
1565 1468
4122 2962
5970 2278
3319 6832
4624 2987
534 7812
5546 6878
1107 1542
5726 7626
3036 588
3556 6286
1162 8447
6626 2972
3211 1890
982 1451
6336 2796
8405 7879
5380 3729
5205 3539
1309 5480
2644 272
1607 7481
7324 5297
6909 798
6279 1960
7941 7672
8097 5001
552 5510
2253 6487
6840 1089
5308 8241
2948 4324
8121 1122
2236 2820
4661 7237
4183 6337
4269 8458
6289 3628
8315 2297
8473 2749
585 7619
4789 5793
6634 639
6318 1578
8665 2574
7224 6613
2600 6310
2175 1882
7834 2289
3826 4527
4141 4689
4452 6506
1511 671
4281 8413
3820 672
2529 6305
2792 5781
1936 799
2013 911
5046 308
1103 6120
4130 5617
7896 2721
4367 837
5699 616
3004 6005
6873 2516
4731 208
7557 7972
911 4761
3865 7755
2855 1759
7747 3804
5593 8536
972 7777
4993 4830
4960 8658
3769 1765
1936 1774
5873 6278
5851 1171
7407 6586
8139 6383
2896 250
2139 648
4435 8751
7671 3851
2646 6946
5581 6178
1980 2161
7095 2446
1222 6590
624 2400
4335 3447
461 3327
1190 5599
3822 5200
507 4424
283 8060
7650 7616
8258 3018
8718 3250
4704 163
5224 7073
7259 7519
2843 1524
5436 8115
6641 4266
7801 750
6114 352
2329 8096
7191 8259
3446 1511
2670 3607
1119 312
2362 6366
7167 354
795 5922
4330 980
5596 7312
7737 750
1716 1336
3467 2516
3992 3089
8360 703
330 8132
7883 7868
3415 2757
3024 8541
4411 8527
7113 2612
8366 7134
3609 7759
220 3469
411 5148
5126 4160
7873 8607
6112 3675
3366 3614
2630 308
7167 4505
5170 2263
259 2752
1220 5935
360 8214
7246 1173
39 2927
3572 5451
813 5227
261 5167
7131 5994
5997 3008
2752 3506
1800 6093
3033 7635
6210 5048
4327 8308
6449 375
4515 2132
3858 1874
7287 1992
1990 3594
5252 752
4645 7433
5240 8286
1113 1554
3444 4127
7368 5930
4945 2653
5552 3647
6304 8567
7337 341
8702 4894
5727 2329
1681 1170
2499 749
6436 3980
3178 1456
1285 1377
688 5516
6399 7362
6514 6027
240 4904
5171 5539
4068 2577
2295 8035
1590 8136
3581 7386
1749 8633
4470 8489
997 2501
14 1066
6663 1760
5872 3057
6616 893
2765 2723
6446 3779
6916 4064
1031 4928
2419 534
3921 4742
8381 4111
8761 3014
5352 4066
4212 7863
6489 6239
1006 7237
434 312
8073 2396
8634 4581
1438 2783
5233 5759
4815 3633
1370 5475
8775 3354
6816 4733
2227 8667
7954 1301
6564 2696
1049 5989
3908 2311
7938 3282
5828 7203
7342 4408
5414 1054
7874 2940
239 3926
6383 3903
2495 4073
3461 5521
1574 2252
6210 7503
6511 7003
6655 6101
3583 5764
5751 5516
1500 5605
6807 6596
4374 6756
4186 1448
2797 8366
559 251
3312 8425
4959 3355
6496 5303
3087 3860
5972 4161
5466 8047
2636 8353
6156 5358
1075 551
5683 524
5229 5949
6269 5483
8570 5650
6390 2031
2731 4166
3530 626
8693 4536
715 2172
4 1131
6474 5195
3522 2446
4771 6087
7180 5566
4340 6209
6418 5828
4999 5433
1746 4969
1135 8250
4228 2694
8734 6224
5249 2762
2091 3642
8479 5864
4728 5593
3138 2786
5643 8666
5268 259
6656 1118
894 622
7981 5220
7482 216
4809 5068
3996 8431
7090 1369
2356 6927
5726 3227
7698 578
6836 1403
4158 5441
4843 4558
7722 7401
6055 5355
951 7202
2187 2059
3784 3930
5795 7897
7670 8468
4156 6342
3604 5926
219 4976
1937 1754
6508 8131
7081 7735
5844 2449
5072 4065
7364 4658
3895 3506
3763 4667
4527 3102
4684 1516
8655 4786
4185 8770
3060 6130
7261 1309
4095 7964
3558 4360
1603 7050
4709 4597
6845 8461
2551 3976
8167 3070
5030 5716
3826 2820
6938 8598
4557 3793
8586 636
1005 7896
2046 1769
6383 6169
1312 1720
2566 4209
1057 5439
619 1266
3063 8737
2382 7934
5451 8488
7413 7284
3647 5445
290 4815
3165 6046
4653 3570
7190 7346
3195 4707
1864 7695
3039 5468
3277 3790
5739 2947
2294 3899
4860 3032
3077 4982
4826 451
5540 6366
4542 1182
7649 1449
5219 3929
4976 1673
2657 8404
7087 3585
1500 5717
7607 5136
1738 202
4407 5601
4477 4314
6211 1704
7012 1499
7978 4491
2184 3894
7344 335
6784 5612
2802 968
4287 1105
991 8319
8431 4785
8533 1422
7915 7611
4922 6556
8302 6802
1369 2448
7834 5748
1349 6343
633 2193
5796 6863
5172 4271
8677 3365
829 923
5790 5105
2775 5239
376 1117
4141 6806
7692 2881
6177 5078
8461 5216
1216 4874
5435 922
1655 3956
680 2114
1079 722
7198 5285
5302 7958
1425 1916
4139 4764
1753 2074
6296 7568
1709 2166
2125 6237
4925 942
1085 3976
7411 1930
8664 4963
2670 3389
8126 2818
8728 4575
7414 7970
3118 8053
6389 255
6394 4352
7168 6277
1403 5225
6163 4997
1208 68
3887 8331
6103 3532
7280 75
3260 5639
6437 1902
1429 8702
7122 5172
3212 427
7570 5634
1044 3027
895 6636
6124 685
418 3421
8706 2164
1321 3888
5709 75
127 7088
8634 750
735 3112
8534 813
6551 5258
1988 898
3685 6790
4667 8202
4827 8524
8714 2498
3427 1261
4737 5010
1666 2214
3932 1378
4838 2449
7141 5733
6251 992
1824 5313
1807 5061
2174 6686
588 6846
5725 572
8784 3156
4893 8065
7233 3186
7312 5897
6462 6133
2007 5483
7298 6066
8018 5026
2836 6365
714 3072
7093 6006
958 6089
6703 2496
5355 1636
5856 4030
8013 3795
6755 3391
5970 5004
4410 836
6446 1465
7015 7318
349 8295
4075 947
1606 5155
8458 7926
4764 1883
4907 8594
2781 2383
7836 4651
2175 8445
7740 2743
3015 1263
6767 5549
2250 6299
3991 5546
1959 1291
741 2852
1327 8032
8003 5987
5739 1499
8029 7204
1234 4156
6723 6352
6081 4086
7018 1356
2148 3258
7346 956
8581 4316
8175 6672
60 4326
7731 3807
7990 6075
3055 7056
6225 1784
1603 8145
8428 7563
3494 4275
2175 7053
4459 7560
5161 776
3242 3293
2815 8032
1783 3390
2654 6771
2132 5578
5531 7999
4566 3711
8226 8263
6282 1949
3616 6262
3821 8777
6433 6702
3541 803
4197 8361
3634 1556
4480 8448
5966 8298
7512 2933
5674 1570
7810 7591
5171 4043
6157 6697
6277 7627
6491 2770
5245 8335
6195 5646
4382 744
2176 3234
6821 1570
4880 1252
7194 6031
4914 2339
1645 8526
8533 4617
287 1450
4429 3323
951 1942
4624 2934
5952 1810
5295 7200
2859 2257
3060 5374
1933 8431
1568 4690
1626 2779
7664 7971
2720 1041
3647 1448
7265 5307
2897 8430
5528 7595
807 3660
5603 8369
1171 7651
5452 5103
900 503
19 5133
147 2906
2058 541
4658 1165
358 392
3246 3622
7695 5243
2090 241
3079 3325
4861 7318
1681 3463
3493 470
1124 2756
573 34
7039 213
2989 439
1906 7935
5018 1601
8561 7713
8494 2638
68 281
4773 8217
3925 1154
4868 6843
5064 1203
629 4002
412 6274
2636 1365
1109 1133
6620 1877
6266 660
527 6753
4831 16
6864 3119
6062 1149
7815 5583
2870 8256
3041 3526
7843 3921
417 3727
243 6614
6565 5698
8165 6196
5731 440
8398 836
8536 5973
6755 2835
5023 1564
7009 6502
3868 7760
6109 8700
2964 7502
7670 5573
6868 4371
8622 2923
4248 3639
7935 3808
512 2045
738 5275
4799 7265
7140 3960
1353 1496
4864 4627
7272 7563
4932 6818
5642 4639
6822 2019
1833 2215
1457 7295
973 2453
7028 2987
2198 5381
3869 4762
1844 8429
7471 7194
8234 2980
8731 3383
2028 6554
5023 877
2734 2486
2321 6205
7696 4984
4707 8637
5189 489
3542 658
7887 6845
2437 7477
2811 2136
5386 4952
2001 2152
4444 5091
2349 4895
4096 2349
2804 6925
7468 7706
7003 3208
7242 900
3793 8705
365 83
4854 3814
134 7700
4533 3477
215 8068
8537 6476
1899 7720
6101 1845
2684 6845
1446 433
6279 388
8183 1138
5307 863
8031 3566
324 8420
6722 6590
7433 7457
7978 2224
5920 2813
4388 6304
4958 8065
619 3523
7551 8515
7906 7017
6880 8181
7490 867
4363 4000
4187 5697
6698 7284
3911 7718
5407 2829
1499 4930
3895 3036
5088 4400
2184 2259
3149 1045
5194 3432
8582 1223
551 2501
3023 1805
4668 1999
6804 8346
2695 8711
4897 980
4881 7726
6284 7661
3254 6726
7406 5404
5962 4263
4399 7675
672 2323
3262 4461
4223 3679
1234 3726
1036 4796
2037 2174
3431 2060
1968 7282
6618 8371
8693 448
892 1366
3721 7284
7924 2889
5951 7372
6421 6561
2420 5351
2843 1561
8744 6228
4756 5359
7996 1492
4208 4910
5251 5335
8527 2468
7915 896
6838 7253
6671 1529
1780 4518
4994 1917
2528 3862
6535 588
1680 1693
3185 5489
5737 6003
7195 7434
3274 1738
3935 2588
1782 399
7522 167
1303 1697
2807 8075
6993 4129
6223 7107
4963 2938
7219 607
2543 3963
3111 6738
3820 8233
1406 7910
4936 461
2425 5753
2209 7821
3773 2825
1862 7364
8638 7959
4233 140
3898 7411
8422 5507
7605 1475
2020 3939
4890 1421
6078 7667
7093 5870
3217 8058
8038 5205
4009 4459
7964 1894
6760 4747
6298 5861
239 7054
1045 836
7702 8140
6512 2327
5500 4594
3187 4431
6307 3171
6671 4407
2630 6928
6365 7086
4075 2926
3276 7273
896 5142
3255 6714
1851 5080
8307 4785
2879 6157
8348 4943
2698 2465
5253 6998
3445 8226
5065 7049
5818 8555
5250 6508
1972 7244
544 4153
6738 4675
6070 716
2148 1183
3921 3072
6609 8543
3331 4861
3567 4340
6951 8471
8335 2553
6469 6424
1489 8179
2384 1860
2662 6474
5090 1461
2149 6453
5068 1270
5196 2399
5813 3303
312 7746
5558 7520
6082 3311
3468 200
1477 5147
2716 4223
4331 8460
2399 4334
7351 483
2325 5248
389 1454
7055 5589
2750 8443
2157 4121
7923 2620
6730 1866
1751 6785
6467 7663
8153 901
5752 1675
2768 8217
4568 1528
7726 3411
5596 23
700 5582
773 8507
2589 606
706 3240
5046 7174
1274 722
3615 3713
3543 1526
33 5242
6872 1818
7824 2372
4266 8686
5580 2202
2437 8196
4370 1367
6147 7808
8297 7152
1483 5195
776 1256
3862 5936
4613 1858
3760 4239
8008 8180
3246 6098
7298 2182
5423 3545
121 8139
809 4546
2968 1747
1609 5659
5793 4694
1710 7953
7592 7365
3888 6233
1171 2424
605 7385
7254 7542
6619 3991
352 4380
8330 3110
3557 4841
3625 6560
4588 3047
982 4988
3175 3587
8682 896
6047 6926
1815 1712
2274 3236
1696 1924
6867 1920
626 8232
3507 6476
4689 6040
2521 4884
7176 4287
485 6298
7526 4919
7783 2664
2589 8475
5000 1740
7398 5033
1148 4783
8338 2879
361 2841
5405 8411
7500 974
2039 693
5363 5336
563 8320
8785 5336
3734 228
1795 3319
7195 6270
7818 3241
3344 862
5612 7246
5339 2011
1424 5046
4100 2863
984 2854
1508 7068
2154 8281
7734 5358
2676 1889
324 2614
3026 3721
7942 4498
7792 7198
2432 1130
1993 2949
4670 5057
7409 2652
2702 934
8495 546
6812 2880
507 3357
3432 973
3413 7643
7971 7624
5601 7251
7010 170
3668 4139
115 573
8164 4348
6279 1858
6128 2094
896 414
5803 6522
1807 5676
4018 1251
1805 5804
7345 5378
2751 730
4307 6631
5214 264
469 7731
3623 5090
5150 6966
4252 3312
1367 4076
3090 6254
713 1811
937 3904
4991 2416
6492 1567
2253 559
4136 1110
3273 8038
8351 6830
1759 8672
3973 6009
4253 1130
1714 7592
3630 8571
8476 4486
7322 960
4937 6987
7924 5594
1511 960
8321 7978
8259 6269
2637 4264
4539 6141
7636 4681
3454 458
5534 2131
1421 5352
6079 2710
6663 353
881 1251
4455 143
6162 6823
4835 1004
3801 452
5390 5413
241 6010
1191 3403
6175 961
754 2494
6388 6303
683 2433
3232 5889
8311 7593
4829 6373
4576 2225
732 342
3281 3754
3460 4811
1921 8346
3991 3687
4955 1762
5828 580
1231 3118
3427 7697
8159 7896
7929 6200
6123 1192
6202 5100
7916 3261
338 3398
7804 3266
7531 7435
7097 3094
1418 763
36 8067
7236 5175
8306 1485
8780 5436
6353 5500
1186 5588
5103 6735
7706 5766
1108 6681
7560 7509
4264 5770
1593 5345
4000 7565
5903 4593
3636 2063
4825 5411
7980 6615
5729 387
5594 5520
7276 1763
3740 1797
659 7178
1933 7313
3000 6680
7525 4682
2299 8771
4619 5867
3562 7760
2762 8728
269 7717
5664 2486
3332 5900
6862 8262
7622 3031
1708 5438
1100 2747
7042 7799
4314 8742
3282 6717
1911 188
88 6899
2365 4213
873 2731
2387 8241
2116 5342
8029 3982
4099 5602
4814 2523
4501 6235
4616 282
4270 73
6167 7162
5021 8196
6853 4004
7424 4580
3341 3100
7595 242
7115 5082
6971 620
5591 4268
1102 3103
4515 6197
7451 6211
7363 8364
1696 6462
5725 6890
6439 8121
1561 721
3042 7219
2290 867
4349 4791
141 540
8399 8179
3853 3268
6090 6815
2771 5201
2541 4223
8713 2528
2496 6510
8574 3701
7878 8021
4781 6653
1593 3252
8155 7175
6128 270
5339 7846
8422 3343
7202 6926
8628 4842
4167 3274
6597 3911
6648 2679
4110 3548
5239 562
3768 1312
3689 5213
7540 2371
7844 6592
6633 2199
6892 120
5653 358
954 8471
3088 1768
3463 8611
7492 3956
4855 1451
2749 5035
5666 4176
4737 5868
8335 8144
1678 4228
5937 3325
7435 7118
3173 8591
5409 1253
8697 1351
6845 4367
8651 831
1780 4227
1860 920
4734 5577
3437 7346
3952 8037
7002 6116
6842 8518
1035 581
1987 6322
6805 6831
5704 1824
6131 8369
2508 7957
7979 8588
5913 4077
4688 7500
5844 3
4288 8505
5655 3368
8627 2242
7734 2502
4932 6289
2472 3915
7562 6700
1547 867
3672 3354
5326 40
5216 6108
879 4129
3697 3012
5455 8605
421 6186
2040 6220
4125 3004
1741 1629
7449 2645
8615 31
1991 7309
1762 7617
7007 2943
7690 8348
7573 730
993 2020
1904 4215
6990 5278
4410 4633
895 8596
6193 4067
199 8092
4415 2401
7864 3702
6397 1916
2132 586
1887 4129
5144 889
6598 7961
6454 599
2804 8064
1522 2080
4318 407
7528 7435
2976 302
98 4641
8197 207
5002 7108
3189 2365
2265 2607
6625 8050
3498 8448
6255 241
4006 1768
2712 311
821 5969
3426 3564
5591 915
2943 5628
2469 1520
5549 8686
5275 3739
6713 8741
6557 4410
7035 7716
6003 5840
6753 1082
2318 6836
7062 7975
4240 6597
8552 7736
289 6900
6375 5261
6738 6023
4435 7053
3497 4392
1340 6629
5474 7181
3266 5365
4292 7990
8041 1323
2374 3350
7519 4163
8566 6048
6657 861
5411 3654
4736 4519
1353 8503
7558 4200
8190 4440
2229 8629
7091 5562
1759 6255
6663 438
5192 8636
3214 1440
7784 4336
2082 7416
3801 1466
3272 2479
8385 767
4072 363
3013 5539
2218 8771
4954 4309
2920 178
2746 5445
7090 873
3976 983
4614 2191
1743 429
4516 8080
3511 6055
6159 470
7438 8704
472 7440
4719 2857
2931 7048
2723 8542
8398 417
1928 2552
1194 1366
5988 474
2015 875
6292 8318
2912 3643
6574 7635
1211 4926
2441 7729
4118 3830
5902 2997
2620 4425
2468 2642
5196 7930
7700 5051
4731 4952
76 7958
3262 3046
268 7859
6678 3102
3181 7910
3896 7193
7719 2875
2043 4816
7107 3808
5466 2912
1988 5356
4500 7557
4109 1522
7290 4184
8708 257
4951 5260
7329 985
3215 6304
3020 5662
7117 6838
3278 2752
4552 1802
6553 6649
5160 966
2448 3015
8529 4624
696 6230
4825 2037
6085 141
1863 293
3711 2286
6140 839
7950 3271
769 2895
3981 4508
1401 5641
620 5788
5506 7587
1938 4750
5067 573
1815 5734
7645 7735
6755 4711
4811 8350
5967 2873
6735 3441
2559 7928
620 5494
4354 4864
6542 37
8441 6656
7627 7234
280 251
3637 8175
4282 6799
4611 3701
3072 8649
7968 7505
3303 7576
1901 3413
5220 6360
2473 2601
7926 7990
8280 4441
663 6894
2527 3092
2945 5621
7084 8590
7274 2425
5328 1224
6145 469
3728 3434
1102 8398
2081 2479
1440 112
1854 4344
8314 433
2656 5900
3304 1598
6850 2042
2871 2035
7797 5803
4765 3060
2834 7159
3302 3989
6979 5770
6577 6605
5820 353
2073 3590
679 7827
1886 4856
7136 5439
1080 7108
1314 8694
6375 3821
1923 2571
923 2644
234 6234
3677 2175
3371 3702
2295 2966
2470 3162
4574 3663
3343 617
3700 5867
6172 1847
6181 347
7348 8707
4530 6339
367 2315
119 3214
8708 3793
7566 5417
2490 3879
1323 8317
4918 6117
882 4668
4345 1834
8603 8320
7415 2020
4885 7934
1493 2090
215 3174
2494 521
4967 2858
8402 1475
2150 3043
6531 6409
1293 3712
5119 1129
5639 6097
6812 8529
2641 1991
6545 1740
138 1527
3940 1289
5223 2051
8626 8032
4958 6202
6912 3016
975 6137
7685 528
4198 3717
2255 1150
115 5493
2500 7244
4867 256
6673 287
1278 4804
3565 7315
2478 3205
1413 6947
2486 1916
2853 6865
1500 7321
640 3766
2057 8267
6797 7467
8425 6060
2326 4450
3040 3446
4020 7802
7121 6615
1065 2928
3722 4789
7651 1604
8107 2421
239 3113
6339 5834
2237 6549
4957 4866
4636 2900
3517 554
6223 2966
1704 8534
7156 112
3322 7264
6135 4408
511 7591
7331 6481
4616 608
639 2828
2541 2325
6004 5495
1072 4671
2730 138
1367 4414
4232 5097
3391 569
4405 4790
5339 220
8309 4943
1308 6773
8733 4830
1435 6022
6828 2780
4469 3
1864 3013
4947 3412
3228 1776
1148 3909
659 2569
8334 2356
6439 2143
3150 6153
841 4547
1253 4227
455 2709
1135 2199
8707 538
816 3317
7282 1005
8073 3108
1643 1614
3095 1115
3167 5539
4310 6404
5222 6149
3723 2125
7048 5847
4016 2609
3241 8493
1429 7637
4936 3285
5762 1724
6452 2619
3536 4333
6408 2127
6351 359
4538 5330
5512 7103
1855 3366
4813 6710
1489 8562
3137 4747
2460 1260
4595 3541
6632 3461
2573 7137
2627 4068
5915 7068
4618 2365
3488 631
1869 7016
8773 6860
1001 7365
537 7047
946 2930
7222 6359
6399 5976
1782 4405
2911 2905
4209 5498
1618 5507
6216 2760
3979 3726
3775 1521
8493 1488
2862 5520
5459 7346
5180 2110
6106 8286
2442 2369
2811 4396
4896 6825
6167 2169
8521 988
2557 2494
1220 5190
1059 4737
635 8077
4469 6110
437 2607
8604 4688
4683 4724
1874 7649
2064 6663
2766 2452
6977 2288
8136 8772
7970 2107
4315 2895
5882 5143
1210 7079
4643 2034
7987 5465
6900 4763
5707 6217
4304 2901
1361 6551
1907 262
2159 3784
8344 53
4834 6056
3814 3150
2886 6065
8454 463
6305 6133
2259 5037
4249 7611
1770 6797
720 6508
6449 1489
7299 6449
2004 4382
4456 3530
6311 3849
297 5122
7676 4587
5800 542
5179 899
4252 4178
1084 5559
6842 3942
1268 950
75 1520
3151 4165
7346 7686
564 4531
5362 4907
457 4995
2356 4034
1088 5494
4368 5604
7124 2839
2196 1722
784 8473
4292 2443
4061 1712
6714 5347
5526 5391
3699 4730
8435 8031
5322 4227
339 8618
6996 7704
1324 7120
3299 4605
7354 850
2255 4806
7043 2198
4326 1593
5527 2074
3985 7121
2447 221
862 8028
4153 1747
6272 4667
1817 6726
816 2360
1648 6193
8720 731
1423 7190
7542 8153
7789 2551
6945 6745
3366 7172
1091 5727
8400 4213
5196 4145
1972 3130
8600 8606
8512 4097
4520 658
6522 4684
2250 173
6101 3099
919 1996
2124 2173
5512 1962
6789 8608
1200 3390
7804 4422
3878 3622
5349 1482
181 6450
5481 5536
3426 3188
5087 226
6497 394
8114 511
7837 7248
6969 4967
2777 4291
4483 3543
2747 2902
3028 6244
8302 1243
1262 1195
8101 1986
6218 318
1868 8316
5588 8201
6853 5172
6866 2064
1715 2056
2176 8788
6597 3233
4711 3795
6473 2244
8386 4116
1865 8420
4318 614
6920 2447
1832 1133
4905 2281
7567 1660
3832 494
4234 5922
5199 8084
4274 8204
2983 2856
8741 3176
896 7969
2561 7980
8349 2612
2440 7614
60 8421
7645 4883
2151 2629
5744 8389
962 6015
1105 563
3711 5347
3254 7607
235 3335
7047 3541
4938 3225
6410 7495
8590 6431
4102 7297
7130 3423
5567 6061
3873 2178
6427 4953
8555 1009
2715 8034
516 4530
8296 1389
2728 773
1703 4421
8422 2061
8304 6606
8005 4848
1513 2618
23 2835
2177 2677
2426 319
185 4830
6781 8295
612 6109
3471 4630
4876 7438
538 261
8671 5247
3380 2227
6920 1047
8128 6412
3117 2056
5498 3033
1860 161
7991 4887
3730 3557
5530 5697
2445 587
7896 4358
1369 6547
5782 3469
682 8695
3400 3713
7326 2933
4579 8442
4644 5095
3671 1190
4602 5029
3525 3079
3738 7363
8126 1561
1990 3408
273 4622
7734 4320
7280 4039
3427 163
1962 4920
6539 5650
2455 5409
3660 401
7506 8550
1868 6757
987 4229
7837 3096
7760 861
2796 530
1057 4125
8461 4422
1529 7703
425 6006
7266 8657
4788 2845
1301 3998
5720 7381
6513 5156
109 3289
3857 4836
7409 3272
4655 5274
203 2447
367 2428
4363 5623
8193 7923
5915 350
3525 3055
4646 5700
7924 2019
1581 5089
6224 378
6369 3409
4526 6292
1251 2558
6195 211
3576 6099
6888 6270
1214 5670
3062 364
3668 7885
1771 1000
2576 4655
3203 3946
852 2550
4768 496
7712 2110
3778 5138
5621 8108
1861 8161
184 3336
2931 2587
2480 2482
5492 1668
4357 8429
6022 1651
5635 2504
7238 263
2304 5473
3805 1838
2756 1321
1979 4526
6961 4256
6623 1429
3738 4148
6823 5019
1760 4637
6883 5239
5568 7726
7427 8632
4913 2998
491 6039
4584 3616
8067 1388
667 2302
8078 42
1305 675
7784 7851
1437 1900
4651 2816
3475 1551
2088 5848
7921 4716
867 7944
2571 4065
3619 7124
5158 8258
5336 5797
3496 2282
7760 5195
3693 3367
8057 8011
4960 3964
5127 3615
7566 8521
1265 1528
5475 7086
2044 6512
6035 6264
1954 2830
2996 4092
5975 5248
31 1109
2680 2495
676 5838
2352 8052
7224 8068
7197 5728
4794 8031
7498 6755
2753 5557
3010 561
3961 7541
5868 2941
7208 8311
7683 8488
327 2125
5392 3165
5511 4882
3049 1253
7257 2319
7109 4640
1506 6590
6370 612
5767 8264
4662 2927
7954 8171
4691 3474
7310 7781
2604 658
2226 6759
3222 7299
6429 2337
2058 6926
8426 5112
4572 4388
4423 53
2503 21
363 7290
5914 4283
379 456
6092 7921
4127 1325
3166 1426
2479 1039
3817 7477
2633 1718
7402 6368
8628 3921
644 4906
4166 958
2575 6447
3067 4826
955 117
195 8404
2946 3872
3478 1452
8206 8400
5946 3083
2901 3293
4513 5288
3977 1270
8177 2177
6420 2905
3249 6533
6252 455
8605 2005
1226 6187
5513 8210
199 6475
7536 5095
971 3908
6872 48
308 3060
3307 2040
2463 218
7259 5496
7294 2704
2974 1041
5560 6669
8348 6607
316 4615
8451 2519
1463 3592
1827 1348
5916 8301
166 6099
3414 7497
7616 760
7329 5511
8582 1773
1623 872
2834 5874
7411 4970
1049 7796
2438 5811
8510 3998
5143 7218
100 283
2288 1337
2588 6175
2533 7637
4516 5328
6923 5270
91 4119
3011 643
8130 8578
2026 8703
6501 8160
4699 7259
5042 6338
4211 1039
3132 3174
339 7249
3356 7926
951 7575
760 6537
847 5411
8680 797
6222 5356
1526 4507
6808 5863
6953 5672
5800 5836
2147 8184
7758 6933
8066 8080
5226 7074
587 8451
5723 222
7888 2110
5255 6750
6427 8494
1101 6786
519 1093
6242 5803
1165 6124
7289 4223
5240 2470
4007 7038
2406 6352
2226 7529
1633 6376
3603 4386
382 6275
1065 4773
1331 4624
2033 8365
6864 5570
5334 7512
3343 3854
6912 3042
6933 3766
2694 2461
5321 3825
3196 4829
3009 7584
2992 570
358 7406
4655 2602
2784 8028
6011 8541
7997 2108
532 4733
742 1557
1661 7099
5637 2009
214 4286
628 4343
3615 1144
8200 346
6637 5994
6586 8775
8406 4602
4919 2522
6685 3999
154 824
4406 7310
6989 1419
6872 387
6638 7386
1557 6740
135 4639
2706 1913
1953 1889
7164 3102
366 4244
3541 6956
3472 8345
6531 6466
6918 4529
51 8338
5817 6535
4911 3590
7913 4071
4349 4523
7523 7631
157 173
3565 4047
2363 8280
7162 8387
1087 1738
5501 2001
5855 1540
1877 8337
6415 1269
8595 7835
5077 5662
8144 8612
7544 5542
7223 738
413 5892
5213 6550
3338 765
7455 2646
3668 7302
7650 427
3380 2606
7172 7868
7683 7940
6274 2222
4642 1118
7841 8771
1420 7957
6094 5999
3591 7956
6716 2857
385 7452
5758 6105
442 1268
2523 4863
2075 413
8751 8317
2524 4796
502 4024
3550 29
1180 5445
3283 649
8111 7550
8075 8494
7632 7630
4453 1204
4352 1412
6424 5764
4269 6992
3749 6224
639 6078
253 618
2887 454
4841 3031
3915 4162
906 4783
3728 2622
2042 1744
7445 5067
4578 5110
398 5877
914 6161
2012 1708
4743 7575
4944 8214
2218 8299
1103 6888
3877 6718
5723 1857
8753 7292
4020 8765
1032 8569
7367 7803
346 74
1115 3998
369 2727
1994 1090
6605 4025
6896 433
685 4959
6607 8333
8375 911
8461 1782
3991 7205
6498 408
5861 7867
2452 3447
3070 4496
4368 6231
6300 677
3508 7198
8079 8161
5957 6314
1726 1376
5966 8553
1880 1416
4623 221
1828 1299
4653 3167
7985 768
6439 6860
5617 6868
4607 923
4119 1806
7468 367
7897 5413
795 331
8087 1695
8583 153
6203 6374
6818 1393
2786 352
6014 1382
6158 646
373 8448
1844 6284
5317 4319
1385 5219
6177 471
4808 6761
8428 182
2498 3074
6994 4627
4048 161
4271 2945
4103 5925
116 8789
5205 6803
709 2466
3411 5010
1793 3685
5013 2762
8217 8765
4079 2134
3152 7355
7215 3327
7301 6013
7470 6756
4294 3367
3148 45
6478 8186
13 3390
2304 8088
1272 7887
8780 1564
3293 5838
1282 1991
16 1947
6846 7736
4623 1535
880 8639
5717 716
7488 3424
7293 3405
1884 7570
4495 4605
4528 5855
8287 3214
7282 4904
6212 4164
3421 8162
2741 7355
2762 471
2372 6901
7452 1307
5247 5852
6426 3993
1528 2886
8680 3410
8595 2155
7926 404
5088 6353
6320 6642
961 8449
5814 3418
862 2152
1585 1068
8488 1132
3252 3264
2804 7828
1819 1548
5969 4190
4907 5384
166 7261
7035 5445
2812 1145
711 740
3932 8323
578 2378
7064 2861
8087 7435
5544 1221
6542 4134
5295 1299
254 837
8282 1991
7554 1191
903 5673
781 5150
8732 1971
748 2113
5392 4078
89 1639
2374 8249
2449 1474
4814 8656
5929 3927
4708 4451
5042 424
7241 4318
6837 1559
4316 5697
1169 8770
5081 1828
5377 4658
7329 6154
4143 4507
7643 3039
8739 4126
3806 3967
2346 6805
1613 4535
5951 3677
6704 7548
7266 642
8216 4415
8397 4424
3559 1165
827 4007
1959 6813
7826 4977
5694 741
1841 6261
2575 7259
3473 3776
3360 5651
6946 8364
1148 7262
3647 1644
1998 1648
7047 3945
6722 2567
2474 6531
5592 8620
6752 1091
6839 7842
3956 6733
3619 2814
3128 8535
7575 5508
7336 5998
7091 1465
6000 8739
1296 7259
4522 7011
5074 1936
1193 2533
3923 5935
1598 635
4107 5344
3373 3309
4462 2234
8570 7113
7742 279
7503 8709
4077 7078
4566 4198
7218 2891
2424 8129
939 2419
7544 5443
1047 8500
5660 7986
1913 5728
3649 7490
685 5109
6248 7859
1312 1181
7698 2260
4836 8775
3892 6153
4655 1297
389 4225
3211 801
5886 8376
2449 2746
468 6157
6093 4304
1521 780
5403 762
4381 5330
4458 926
7472 3679
7353 5879
942 3181
284 1445
5350 3033
734 1959
6531 6652
2776 4917
1789 1624
1699 1346
1599 3596
6229 943
8364 5825
8545 3270
5056 5868
8228 1560
2282 8159
4314 8116
2618 3023
4241 3637
5659 7143
8 6484
804 5224
3422 4101
5513 3147
141 4161
2955 3830
3610 2214
4577 4508
5251 1187
1990 1134
697 3006
4567 7756
7990 8430
3675 5595
111 5248
2822 5932
7275 4844
3284 2136
4110 1242
406 5964
6905 4698
6289 8264
5246 7927
1493 385
986 6939
1335 247
5385 7229
410 1488
6573 7262
6685 5232
1356 4047
5988 2814
2079 4942
973 588
6278 5372
3741 6051
5226 2419
8260 6793
6218 8355
4572 5538
7861 2456
4479 6142
1188 8495
8586 6104
5493 4885
6499 308
2715 4793
2506 5831
6674 8532
4129 2829
3555 447
3858 5826
4303 3826
596 1123
8212 127
2863 5991
7340 3288
1102 599
2760 8207
8746 8440
8649 3180
2585 3298
8461 7445
5131 2029
68 7384
65 570
6018 6962
1390 7827
1490 5642
4795 4883
6196 1514
3726 2276
397 7681
1892 8589
4929 3524
1701 2
8157 4925
4744 2839
5282 3881
2863 2208
7856 1553
8459 2274
4163 2206
3317 1786
7331 907
7560 7357
390 3767
4200 1436
6511 4478
4867 2678
307 4528
5208 137
8421 8632
1400 5241
7192 7681
670 2291
2916 2734
6520 3826
7612 3667
5605 5930
1015 8599
7352 6893
5222 7270
5071 5047
4438 2833
5114 3526
329 3838
8508 734
8546 7161
2922 4131
3616 4524
3079 6334
4500 1950
5896 2392
4724 4790
183 2438
6424 4327
5641 456
8268 2505
6818 3937
5124 7743
2137 5378
6379 1099
5588 6257
1441 7040
1086 4421
8405 909
10 2531
2047 2719
3190 5125
6932 1070
3205 7524
8213 7703
6279 6401
4017 8215
1810 2842
4900 3606
4203 941
4490 2575
8506 7821
7892 3811
4764 7095
6969 1075
663 4626
4489 4716
8146 6948
2720 2842
2161 6795
2269 4231
6092 706
3970 387
1086 7778
5505 5368
166 8345
6807 5245
7585 8692
4239 680
1830 3076
611 583
5623 4921
8508 6444
3195 5918
109 6561
7130 3862
8027 8764
2327 5729
1064 2656
3425 4460
6069 5946
1083 1553
7346 2492
3361 127
5609 798
7356 1995
5466 7317
6942 7715
5647 8661
2030 6494
1335 8049
2069 3321
5452 4950
5138 4484
5837 7255
6510 7400
368 7568
2858 4874
3399 3186
5479 1224
6316 2647
4093 7298
1698 33
8063 714
1253 6664
615 83
7051 1824
4012 5263
4663 8675
6684 6266
4241 7150
5584 8386
7599 3390
1129 4287
2777 7048
363 114
1705 6731
5649 3615
8146 4736
7638 628
8261 4666
2071 7617
6724 3595
7203 4447
3793 6208
5471 4256
4822 5642
2848 3214
2948 1600
8762 7761
7547 2181
6394 8126
6618 271
693 6000
1686 6906
6992 6571
1328 6474
5637 5201
7330 6072
19 3569
7919 41
2378 1650
15 2810
4299 6896
7206 6038
2559 6557
7478 3043
8714 1532
3277 8423
7280 4658
7258 4141
1587 21
7774 5686
5413 4716
6798 8179
2440 3527
4062 3516
1695 3870
6707 8370
2219 6508
3394 2917
3144 1381
1464 1351
7905 6346
5129 8013
8166 418
5030 1371
1092 3291
4449 7402
903 8738
7020 5220
2970 7771
8506 6254
7716 5156
5897 1250
1621 6768
2385 4528
8735 4852
6047 7594
4780 6683
1149 3198
2575 8532
4388 8393
4636 7487
361 2997
8587 4839
5532 2200
7848 1191
7462 1415
1217 7829
1788 5989
7211 8193
2042 1083
8102 8365
5264 4294
1126 4988
7285 5116
6731 3790
4176 7594
876 7951
570 5333
3633 1226
2859 1918
8498 3316
3916 71
1898 8314
3842 2833
336 133
3768 7206
1849 5667
5646 2396
1856 7483
7151 2653
7620 3461
8003 4327
7371 4639
7683 1830
774 83
6138 6195
3505 8156
6792 668
2751 3277
7715 1136
8268 1922
7872 4011
2436 4637
6175 5633
6723 3309
6152 1696
7408 6199
8645 3582
6702 4473
5056 4378
2537 3425
703 617
1641 2153
5779 5885
7920 160
7133 440
7788 4645
8625 3480
3583 367
6829 6464
4721 8264
3758 4067
3483 7208
4961 5218
4764 8765
7741 5871
3786 6887
7075 3921
4059 1861
212 5870
1539 7674
5931 4333
5228 7476
5840 4620
7551 8050
4906 2985
740 3011
2568 8420
1431 1250
5418 2106
2133 59
2241 3379
7994 5950
2955 7998
7701 6476
3571 5127
8768 6843
724 2401
4827 7338
6029 4126
438 4368
6090 2231
2199 2460
5858 7358
5056 2880
5166 1884
3481 1970
4193 808
3149 2643
8463 7596
6762 2751
2840 8233
2385 3693
5219 1158
6589 4081
3703 6837
7949 4097
1979 6745
7787 3278
1720 6513
5400 3024
2462 83
5367 2840
4881 7871
2132 842
5028 3584
7783 340
1472 7760
2074 4746
1178 474
5503 5413
8754 6533
2512 2471
8764 3883
5207 6082
8493 8451
3381 1853
7415 766
1947 7573
3047 5987
5061 3276
6194 4191
7657 3917
8425 104
1637 3833
6381 149
2690 3400
5008 446
1352 36
4559 3698
7383 2391
5061 7236
5010 5566
7301 1101
6759 4862
5873 2168
3489 4684
2233 3605
1597 4466
5315 1006
6089 7222
1420 5958
4053 7227
5080 6746
3369 5029
793 4189
7288 2366
7829 5573
6271 2814
4482 8319
5814 8551
8524 3346
3262 8024
6507 6253
2974 275
4071 2332
7134 2292
2387 8144
7045 1062
3769 4014
179 6468
2119 3868
6404 2191
2480 2437
3355 465
7161 4365
5802 8094
6927 7154
1362 6681
6984 8366
2739 6949
6074 2630
5725 4686
2428 3239
3813 2156
1355 8031
5532 1415
8739 4526
4470 1019
8550 781
5098 74
7371 5654
7380 3227
6660 7283
3963 6073
8202 6358
7201 2972
5366 1551
701 7547
6458 958
3812 3823
3320 7742
8216 7950
3988 3500
3858 7812
7549 2037
6735 7315
904 232
8267 6758
2320 7785
7293 2444
3538 6466
6677 2362
75 2761
8118 490
5067 329
6284 4879
7083 911
3588 3018
3105 1274
7897 2304
2731 598
3500 980
2064 120
6740 8485
1969 6750
2128 7351
7753 3439
1110 2659
6442 7070
6481 6153
2628 7351
2270 3053
2824 8224
7649 4221
5658 8649
7434 7649
2605 4045
4515 1487
6144 6233
8597 1418
5691 3974
6378 7983
1014 8185
5517 4731
2007 4000
3117 3151
7248 8157
8032 3285
7793 2489
4032 4876
6677 136
276 413
8033 4370
2372 2226
8283 6859
8130 6818
7953 8157
3279 810
8541 5577
4448 5855
1934 3838
7582 2231
8341 7482
5021 6315
7959 878
4172 4056
563 5096
2656 1345
2220 6323
8295 8004
6438 7991
3980 3299
4261 4032
585 4988
5088 5124
3044 8125
6755 281
6924 1302
7700 6366
2906 4631
2237 3198
7733 5428
8545 1913
6905 2193
8261 8028
4078 1601
4235 4321
6550 6697
1526 685
400 5961
2749 1734
3249 100
7956 3696
4959 7013
3047 6215
4099 5183
1731 7830
3353 5589
4757 7682
5250 2995
2723 2315
2275 4844
470 4660
1227 3776
7622 8360
8396 5660
41 4224
2514 2793
4274 5029
3105 5526
8768 6093
3457 1657
6017 8030
1536 1435
7755 2370
2516 8511
3485 615
604 5058
2324 6851
3588 1536
2051 2312
125 1622
1289 301
4325 4765
1826 221
6312 7380
6503 7
1256 6197
984 3142
6132 2083
1556 6985
8306 4475
6094 8524
3131 3614
1362 3205
7633 6964
1332 6021
5801 8661
7756 8112
2243 2941
1061 3057
5710 1346
732 65
6110 8072
2784 210
2889 817
2059 7538
505 998
7738 1327
3484 1447
4655 8285
2182 6844
5025 6947
2799 1947
13 6496
8403 2929
7724 5529
177 2493
1705 6897
942 3090
7783 1606
5898 4331
4481 6704
112 5612
6531 1858
4721 6225
4841 439
8330 2338
2587 8043
1921 3069
7576 8327
6584 4466
1779 683
5919 7988
1635 3418
5651 6469
3732 4419
4331 4399
8328 299
8135 3125
4326 7679
7488 2837
6540 8711
8020 2216
239 4691
414 7163
7759 9
6213 5384
5640 733
717 1854
5031 7646
2344 3336
6242 2183
2215 4350
1270 6154
6129 7045
8680 7987
3453 4574
493 6800
5481 5488
3175 1941
8221 274
7252 5209
4611 2045
3712 5871
5663 6901
3314 4415
5002 5770
6967 3384
7479 8060
6722 5268
5874 4792
5687 1800
7351 2301
2870 7640
6097 6797
1507 6200
1226 6125
6912 5952
8779 4470
79 1000
4856 4786
4872 1471
6786 4761
2439 5843
2287 939
4933 1861
3219 2102
8569 6686
114 8167
7126 3919
2573 2487
5665 6962
3020 3404
7382 5529
6820 6543
369 1127
7590 2404
561 863
6465 2336
7387 1702
8311 2707
1929 4548
1172 1438
4316 3449
1025 2314
2290 2529
5410 6850
6444 5821
4474 4282
3409 5319
179 4809
1203 6632
6298 1630
4775 1804
2888 3903
3061 4834
147 2916
4620 2058
3698 7948
1171 4492
8281 5507
6762 5415
5287 7580
3395 2886
4312 936
7665 2816
6855 1199
5467 885
4116 4821
6823 7975
788 4136
6914 3361
2880 8429
588 1983
8448 2128
4347 1583
2006 2039
281 3936
4874 7955
5486 5335
4284 1741
4272 282
1119 4149
9 5964
7302 6613
6660 8530
3462 2128
8210 4931
2611 5062
1001 38
4095 1572
3380 4704
4037 8651
5771 7573
6423 3192
3495 3474
7272 2026
4650 3232
5039 2333
1866 7429
644 1347
6159 7514
7993 7555
3665 832
899 4778
4109 7326
1765 2748
2010 6748
511 5016
4035 2010
7245 889
6307 4059
6440 8062
1685 3148
958 8376
2829 1179
668 1898
3093 8134
7433 8336
1974 1508
5317 3310
4241 6853
760 3071
4458 2835
1578 5204
7153 3060
2473 7008
4994 4733
2435 5655
8633 6548
4604 4860
3895 8632
7767 2597
5970 232
6817 4610
6562 4710
1895 3235
5560 8216
4689 7261
1507 7135
7858 8322
3634 4866
6990 659
5824 5663
7818 4616
107 4324
568 4225
5863 3012
3479 4987
1320 5587
3475 488
2377 8700
6781 6472
8447 3954
3289 4726
3431 2441
4799 8511
727 1272
8043 3818
1104 2490
4259 3934
3117 1247
5754 7243
1880 2338
7376 2800
7167 8376
6289 553
3799 4555
3165 3215
4446 3952
3414 6568
7390 7805
5677 8388
6338 4471
8619 433
161 6390
1212 5214
6032 3342
5269 28
1453 6983
5832 5855
1100 1255
6640 4303
7375 7223
3870 8101
4095 2892
5578 2147
384 2379
3166 2740
6356 3756
5263 3203
8195 1536
4645 3335
27 1366
3743 1554
3731 5996
5728 1858
2288 4447
2168 5407
6949 2912
7965 1148
5496 4442
8370 2891
5930 3670
3484 2075
879 6857
2641 2406
1236 1227
4379 255
2968 2565
4278 7816
8487 3799
3946 7363
1782 8357
1087 2667
3986 5541
5228 2606
3340 2336
8639 5637
545 7034
5548 7546
5737 3853
7793 8398
3415 2475
3354 4805
4795 4562
6179 6588
2732 1337
6472 3852
276 2229
1446 6999
8760 650
2680 1073
1422 591
3144 4333
3293 8047
3621 656
7425 6141
7102 1263
2146 2900
5210 7940
2097 1180
5687 4362
1416 3925
4742 4461
7152 5388
4956 1129
309 2137
1037 4217
6617 695
6105 1623
4960 5383
4077 6154
3864 7945
8356 525
1998 3926
6120 8023
1891 5741
7889 808
3410 2379
314 3295
7644 2499
740 2034
6558 2730
801 511
7483 4050
4181 934
29 4935
6665 141
8619 1572
6510 5599
4418 2213
6478 6501
2832 8358
242 5562
1610 8441
8147 5140
5498 8192
3713 750
1369 7140
3410 3445
920 3999
2660 1055
7688 6967
1075 5664
4108 1813
3198 8551
1797 6332
7997 8465
5926 5956
6315 2535
5024 8265
6477 8127
7426 1822
3910 3664
2085 2919
1889 429
3426 646
1559 2530
997 4561
8420 890
7677 4830
4037 5707
6644 6512
4297 8625
5157 5219
5733 5513
695 327
3471 5233
3953 5428
4326 161
1595 185
2976 4259
6175 5235
5184 7772
2149 5280
3662 917
5021 6424
6791 1219
7222 6021
2110 7318
1352 7836
2130 2268
5465 4110
5220 246
1247 7926
6090 7898
2941 227
1050 5538
3863 5834
494 2881
5527 5074
3454 2432
6539 2452
13 1911
5980 1888
5840 601
968 5094
1248 6298
7329 74
3836 3703
7957 4905
1867 5478
213 7911
7405 5034
6325 1650
7898 5977
1565 6799
4856 6532
6200 961
1562 7865
8313 7150
63 387
5491 3770
2706 7089
4208 3588
5042 4316
196 5196
635 5559
4217 3076
6239 8540
4595 1174
1627 6867
2927 6020
1520 2369
1808 7687
805 8110
7488 6102
913 4821
833 7332
8627 1663
7605 4872
1755 711
3492 2352
1711 5334
1880 4700
1115 3699
3864 3583
2990 7083
728 1317
7708 6344
8187 5633
8515 2182
267 6356
4910 6211
5102 838
8286 7513
557 5226
7237 2456
3480 7093
1439 7091
1853 2415
683 4846
4633 5481
6792 5290
2184 4566
5372 5620
6196 3486
2941 2911
4935 6292
4170 5726
868 2914
7233 2391
3633 899
4158 5967
8712 8244
1810 1536
5082 5873
3252 8212
5546 8471
2804 3933
824 360
738 4900
5194 272
3658 8593
2075 7852
8320 5361
6209 3357
2281 7449
8535 1715
3396 3711
5004 908
1556 2398
6307 1660
2232 69
7158 6900
8699 7717
5505 5851
196 1359
4953 8782
5151 6620
800 1227
4696 393
5090 6771
4761 527
3475 2330
6209 1008
336 897
448 6081
896 6725
2941 8396
5969 4022
852 1919
8266 631
5290 5146
6961 254
8079 5495
3862 2419
4365 8125
3956 754
842 6749
8025 3364
7128 783
4034 834
3679 2616
5048 452
6325 4003
727 2049
1080 4095
5998 3504
7376 6794
4279 5779
1903 1620
263 3680
1307 6717
2957 7503
316 4164
7609 3975
8122 947
6068 396
8038 5850
5956 990
6569 2148
4064 1844
8454 5254
8652 6731
1380 2797
1956 7127
3774 2107
1187 4465
1114 4470
427 2223
6099 1666
2985 4114
727 6217
4883 8396
8258 3069
1966 5135
4549 6109
1058 1541
1682 4502
3276 1917
476 7042
7212 6880
7366 3708
1696 438
497 5389
1170 7857
5644 4799
5777 8370
8412 6054
6504 7220
6516 1723
5325 5921
3806 3057
3603 6112
2553 4747
2616 6519
797 8606
8760 4776
2988 1367
7075 5295
2418 2233
1472 128
1142 8203
864 585
1428 3504
4336 8402
1913 1833
8119 6881
1021 2782
2702 1943
227 1385
1766 8705
2331 8352
8701 162
1862 4431
1316 505
8410 7731
3057 7734
64 3982
2992 1647
23 1346
3083 2743
3216 1517
4946 999
448 4432
2724 5126
1919 4892
6830 7033
2447 5667
4729 6133
1077 4578
300 8272
38 294
5028 2767
4329 7949
8637 5166
6172 3973
753 6602
1444 2239
6437 5341
1478 6090
2624 4493
3399 6187
3074 7375
1651 7477
3495 624
411 5412
6939 5776
3044 5808
5873 2592
1258 100
6966 6348
3127 6742
4734 222
8466 8245
250 3871
136 7657
2574 883
5554 6006
1304 4186
800 7493
3129 5993
27 5063
817 6576
6272 7306
3601 5926
4616 2207
7831 5442
1983 7312
953 6156
1425 651
7130 4977
2642 91
5268 2757
3511 887
6199 3149
5542 2826
1927 1297
2310 2733
541 8410
7212 7013
8433 2236
3281 5642
4540 7716
2848 8233
8563 1980
5972 4887
1591 8434
158 3169
3743 5013
1703 1771
3839 5521
5891 7161
1 4516
3385 7257
4875 2686
1508 2954
4623 3687
5197 7415
7687 5528
5555 1334
7357 5757
2512 942
2977 1677
3290 4226
1537 5738
5283 399
5534 5046
3187 4657
5805 1279
49 6807
6626 2294
3620 1130
3996 7265
1515 3201
1192 3371
2798 2378
8480 806
5117 8584
1003 8660
6430 8235
8027 4944
2320 6001
5404 6790
5935 7112
1683 2107
5241 3409
2049 8081
2660 1257
875 7067
3411 1912
4515 7459
1427 7248
7910 4339
6144 7885
238 7327
1785 5135
2108 8570
7713 3456
6774 5799
3940 5405
948 5174
7354 2301
1448 7414
5931 1802
7388 7122
7892 7316
629 8061
3596 3429
5383 6807
647 8309
7022 5118
1072 7107
7920 5693
8761 8078
15 2785
6796 5361
4962 3440
4623 2091
7675 588
2532 7420
1535 2704
6130 8639
5322 5445
7285 5971
2771 3609
5783 2084
7231 5679
5243 568
4510 1205
3829 6683
431 2223
6647 1827
1520 4049
935 6295
3342 327
2109 5462
8319 7405
7428 2269
972 6023
6816 8113
5127 4259
536 8389
8314 5565
4445 1994
324 6675
418 7889
4883 992
254 2058
3887 5453
2639 3018
7676 2568
8755 7687
7015 7284
2760 7368
2871 540
6509 1606
4934 8352
1105 6838
581 6429
95 7182
4431 6272
8415 53
983 2129
1950 8625
5533 1870
1896 1206
149 6980
997 768
7919 5951
2947 2045
1336 5371
6685 2111
4213 1669
2597 6997
2864 3216
6963 7841
6819 3949
2763 5823
1743 1604
4097 1396
5699 6998
6206 7357
7952 7487
3883 3421
2941 3014
7622 1698
4970 8071
300 1121
2224 4468
4913 896
7328 6706
3302 2129
8651 8029
4397 2923
2180 6403
6296 5886
862 2095
4285 3621
5014 1149
3910 4737
5338 669
2368 5090
2403 6109
8473 8355
4703 552
1608 7645
6150 3081
7896 8486
1326 5344
3759 1867
4099 1796
8410 2476
586 2501
696 682
6208 7236
1264 6597
3433 7726
7206 3514
3846 110
3606 5625
3748 2624
203 6054
236 6897
2157 4305
3022 3422
3826 4899
2996 6474
8341 2320
481 8384
5669 4129
2023 5418
6629 6299
7286 5189
2547 8409
4865 1171
5747 4978
8083 8478
1741 5836
3132 8395
4301 1046
2598 5684
4946 5114
6727 2730
8778 1838
4636 7319
7037 4126
1768 2226
4507 5462
5544 7222
5714 2637
3610 3960
8755 721
1292 569
6735 3037
1885 4136
7383 3984
4944 5731
8710 6224
6259 7245
1087 5915
3934 3033
2845 6655
7653 5331
8038 528
5218 4577
3566 646
5586 6595
8178 4369
4430 2160
6730 1189
2250 1107
2851 6698
7544 2536
40 2082
5810 1881
3403 6311
5097 1782
8527 3950
4474 5491
3724 8362
5514 7163
4314 894
6525 21
4591 1145
6331 7325
1031 3400
8229 6222
4860 774
3123 7108
6091 3251
5062 5074
6766 6179
4293 6063
2958 4053
6994 747
3981 6890
6832 1746
3214 6961
7966 5421
1859 645
806 5193
7809 7328
8124 4313
8124 165
5216 6001
2776 8264
1830 1952
3103 4772
7713 1128
1024 814
3676 4396
915 8772
1573 2462
2108 7513
8472 4575
1012 4078
2012 4899
2432 1218
381 5682
4333 1672
4362 5468
3576 1832
2099 3789
6628 4453
4248 7818
1012 6794
754 2269
5286 1155
88 184
6917 3592
8713 1092
4088 349
3519 2806
4633 570
851 3063
7428 7772
7467 8604
4768 693
6511 6326
5185 5484
2721 1424
4531 5281
6632 3062
546 3385
7061 8459
8669 2243
4707 961
8565 5543
8430 3205
7516 6672
669 4353
8095 8176
5345 6561
8709 884
5498 3374
4142 8074
8642 8597
396 6619
6138 4085
