2681 9497
830 471
53 970
1444 1549
1581 1581
1200 133
2300 300
285 2283
693 2054
1227 768
525 2128
1657 136
2455 776
1058 1273
2557 487
2497 2478
1508 2395
1879 2085
2506 529
514 1587
1565 1579
1600 262
820 2228
2545 1716
15 2325
2350 1160
1448 377
1896 2031
1859 959
2558 420
1212 541
2180 2189
1177 122
2668 809
2057 201
1234 2152
209 2009
1795 2632
2128 278
2031 798
1185 490
1593 2632
323 2481
2082 715
851 212
2581 45
2077 1552
898 1691
735 1374
2156 2244
1878 2650
244 2573
2059 1116
708 1853
2562 2237
1315 619
1259 2113
2548 1404
515 1741
2365 882
1378 2082
2149 1749
462 1241
836 549
171 2662
715 306
2665 86
208 1315
370 623
845 1608
1668 2168
2358 2452
1690 1216
2652 1042
2552 1370
990 309
2368 1203
914 2418
862 125
540 574
1432 1710
588 980
2223 2484
1667 916
1169 494
1228 1291
2206 770
2567 2411
303 2118
2396 274
1846 1467
564 272
1256 225
427 2346
1564 1674
1826 1618
2126 753
287 278
2284 1197
58 1685
2310 1721
1144 631
1665 355
1630 984
424 471
1322 396
2383 2044
1384 264
2220 378
278 2342
1302 571
701 1816
1717 1594
712 880
64 2460
2453 1578
1933 121
2044 1591
757 1796
1512 1278
945 2048
1099 1011
2240 2273
1643 2138
411 2668
1233 1770
1983 1265
2282 1327
47 1879
2496 2317
259 1910
843 855
1687 1723
1718 1557
673 287
1247 583
976 756
495 1915
410 2310
849 791
2450 1772
837 1650
1128 201
1088 2130
302 2015
1854 172
825 2129
561 2167
1936 2284
2489 2677
1628 1907
1090 502
1566 226
108 1553
2293 1274
2083 784
1570 766
1880 550
1630 1175
1218 444
1685 2508
1736 1488
2473 628
2267 2208
2618 1643
1048 1554
529 1197
1254 2168
473 2044
1736 1495
908 516
1219 551
2298 375
2076 1075
862 2395
2204 2485
2075 1360
2602 1210
2336 2211
1378 14
1204 1136
483 418
657 1396
2020 954
2680 222
1420 2279
2334 334
2219 23
2331 678
2359 1029
2237 340
220 212
834 536
407 1629
279 1553
532 2330
1917 1086
975 1579
2030 736
1245 1552
44 1660
1193 2207
179 2067
122 2383
87 1373
1556 305
794 635
977 127
853 1700
2129 753
878 1189
1468 70
235 2515
2190 1830
679 28
1197 382
1455 1437
1131 1300
1997 799
1049 1937
2281 1422
1638 896
2116 2479
2161 1417
356 514
2497 2122
681 2181
2034 602
626 1246
397 2071
1135 502
1912 1304
2476 354
2189 130
2381 2435
2071 903
870 2312
2261 1012
1511 931
764 94
2404 2133
2504 2159
533 719
2361 2025
1071 1852
2672 1147
159 1443
1546 1869
485 1594
2462 809
2675 1632
2209 1522
707 180
18 854
2315 222
2629 1672
855 631
32 1052
1092 427
2468 1437
321 360
683 1972
2190 1472
1846 1927
2494 953
1832 660
1128 457
638 381
870 217
1817 218
2270 2006
126 651
246 935
583 1892
1429 938
1117 1586
1363 2629
2233 1965
1174 2260
1544 1433
1083 2317
2632 955
440 998
1696 756
2462 1137
2152 2121
126 2201
588 946
1035 1918
324 1868
2403 2283
2052 903
24 617
639 1168
1881 2648
637 1975
1795 2156
2378 565
1935 1442
1633 814
1946 2024
1437 214
166 86
1339 509
366 948
2341 317
2533 1696
149 232
2225 913
1940 2550
2047 364
699 190
2593 2086
1776 2185
743 987
926 1893
746 658
1987 1915
1853 2418
1950 239
1029 2021
214 2041
1086 707
1977 1174
1806 2417
561 798
1099 430
2302 1045
748 1224
1720 229
2595 2365
1232 1179
2659 786
1752 268
687 5
833 1893
818 2563
2674 34
2007 2036
1656 2493
807 3
2351 540
1334 1482
1224 1360
2464 465
2032 571
1605 2476
1045 1511
709 138
617 426
1465 717
2108 450
1270 260
1358 1154
737 754
2180 1253
911 1679
1269 1729
1145 2246
835 1314
1348 2670
611 333
825 1591
2477 297
583 868
2122 57
2017 2671
1568 390
1677 2225
1188 2303
1298 37
70 282
2358 1585
565 1126
2332 2113
1539 2500
2150 487
1632 2139
1891 656
1089 1076
650 674
556 406
315 89
1453 2315
2080 804
1891 1340
378 2410
1969 1699
897 1681
1414 922
763 350
1150 1368
207 657
199 2019
69 1452
20 1279
914 940
911 710
1592 1288
1981 2615
2222 75
2032 1172
1518 1563
1943 1019
516 91
895 1594
2504 49
1777 1746
564 798
572 754
1851 2531
1833 2579
854 1055
684 1887
415 1890
22 1342
1119 519
2276 644
1826 398
1542 2395
2366 998
513 1759
1614 111
726 1311
975 2649
2339 2446
2445 788
662 409
1475 1589
1283 1484
524 2314
1983 1322
1289 16
1512 2548
618 248
1079 2503
1552 2182
2486 897
2059 40
1589 2128
1270 2119
1626 1841
1925 2318
2656 1464
2334 1769
91 584
1323 1719
1067 2399
2211 1214
904 445
2068 411
1578 492
597 1268
394 1170
1436 626
1010 930
575 2316
339 1471
2530 1299
1544 1019
2382 398
1904 2236
820 1688
1039 2542
1363 2556
77 1241
2180 801
2333 974
754 1121
787 1541
2613 1611
1288 497
2028 677
1152 1600
2089 342
1255 2353
972 1797
2353 62
138 2113
1496 30
803 1628
1504 2621
2082 1504
616 122
2543 1822
1447 1356
810 243
1083 866
273 1721
2310 1249
404 1477
1216 988
545 1118
1787 1387
313 1756
152 2052
2189 705
1850 1064
308 287
712 2296
2469 2609
519 1781
1009 652
1267 1081
531 1288
2217 1460
1891 1237
2488 187
892 1302
1835 528
531 1608
2266 2307
2262 433
1954 2281
377 318
1144 1080
1688 760
27 720
256 2459
2543 1868
1343 1834
1553 962
1952 1729
441 2444
796 1756
159 2462
2057 2124
1475 165
690 1118
1318 1306
408 2268
1363 1584
456 710
2457 1541
183 79
1760 404
1267 1619
1338 1888
1249 1961
915 2313
1879 2260
148 1939
561 783
145 1809
554 142
236 2337
519 1537
553 1749
1571 1630
2121 1813
512 1547
1712 1998
1306 1853
1371 256
1358 2221
1476 881
888 2590
2627 2561
2474 1989
759 1467
2216 2546
180 2406
302 1949
2491 1343
2198 2534
1500 1302
1567 1987
767 2295
1553 1036
147 2148
1615 2145
1554 420
706 1812
1815 1893
415 817
2107 903
604 684
790 2129
700 2116
1289 2574
238 2490
723 848
795 442
1272 2666
1814 1829
247 794
1334 1344
2027 1487
1295 911
960 351
2140 289
1625 1111
179 2087
724 1360
1440 1545
643 393
2443 2405
1754 1366
1194 870
601 1357
1974 2405
1863 796
314 1438
1095 1990
1458 2433
2567 190
2438 2650
2338 2579
949 2079
341 219
7 292
163 2274
1550 1292
1546 2163
396 303
1016 1831
715 594
1862 389
2329 179
1245 1373
2269 297
2122 1882
680 2045
1530 1960
2126 2036
65 1600
2200 2448
1889 2604
624 57
2583 1867
2222 1322
1908 2076
1988 884
2504 2225
949 330
1910 949
2098 1177
2416 866
1162 1701
599 2501
1271 2020
945 125
2453 2641
21 54
1031 2162
1628 1281
1013 1122
283 1295
1295 2364
1499 1042
91 2453
406 1996
1617 1484
1337 545
610 1097
1931 2475
42 1210
669 1843
2212 302
1498 1859
184 388
1452 981
1673 1863
678 901
1056 223
2249 2329
1050 1829
15 2263
519 1101
667 1790
950 1655
2335 2544
44 2488
2499 1167
707 2276
441 1053
1243 854
509 665
1798 588
687 1290
405 66
293 1855
194 1558
2184 855
1155 2165
1586 228
1235 1275
840 1609
292 536
752 1773
2543 2455
1934 48
318 639
264 1553
1633 424
2395 1283
775 498
727 1769
1288 35
537 2023
1494 1906
2344 771
1918 2369
334 1296
547 814
1088 263
283 634
2591 1245
1541 399
1413 2075
127 1345
1806 1059
1704 1934
877 483
933 369
1998 2586
358 2600
1572 1900
999 361
1825 1421
814 997
828 320
622 664
1759 1565
2009 2334
1382 2458
2612 1172
1701 2569
2131 2289
1459 972
2162 1815
1408 126
2548 2089
1018 78
232 1905
648 1268
1751 103
1526 115
1618 372
1378 2189
1566 560
2396 2238
1416 594
2551 93
2402 141
1566 537
1109 2566
1916 1000
1520 1439
485 1509
624 1955
2368 2675
868 2568
569 2629
2370 328
1756 455
1265 2296
1891 1417
110 2463
482 252
881 973
755 1516
1557 842
2307 315
2163 1435
128 340
2203 1612
253 424
497 1711
1135 1578
1711 1797
2256 2679
132 1340
1605 2644
2609 1352
1022 165
2429 1363
1376 1158
425 1638
773 2520
2204 2620
626 1785
1616 701
1737 797
898 906
1609 1006
2468 2491
448 267
1743 810
1730 928
590 2301
2333 315
2283 373
1364 2280
640 529
375 127
537 2010
2397 925
1676 1479
655 848
2347 945
666 2542
1730 2416
1394 1448
313 1933
404 1213
539 534
2470 2502
740 2169
895 355
483 38
1363 1464
1571 1798
68 975
71 836
1191 1401
441 847
263 2063
489 2530
1509 2522
1160 1880
2059 1810
895 1121
2506 2068
1547 390
2559 2158
2536 117
511 263
943 1254
268 824
879 1373
606 1726
1015 2383
358 2445
1796 2668
1156 834
1443 190
1981 763
936 1862
1706 350
353 2106
707 2009
1218 2490
1840 2098
2193 156
2156 571
2394 353
2590 1617
1821 1214
2389 725
1353 189
2669 1312
116 1231
1179 2449
2630 431
2335 417
93 1220
2037 450
1150 162
1717 1256
1192 2140
1701 190
2504 233
52 1003
1334 738
1488 2221
1769 1498
2191 185
261 882
2493 1974
1265 2332
597 1695
513 1924
714 1779
535 1649
1592 601
1782 2521
1347 534
1790 2474
1877 1641
1501 1530
1271 817
386 2108
1666 2452
554 1527
2361 1578
1018 1757
740 2193
793 325
635 628
2550 710
582 827
1703 2593
416 2543
2593 1314
2344 773
2627 185
881 2420
439 837
1599 676
393 523
1486 2453
1064 1181
2288 1776
639 2004
116 755
70 2027
2076 400
1662 653
1988 667
774 1265
2451 732
374 1485
2043 1182
1511 1340
108 599
2301 1533
339 1656
800 1013
1896 288
1195 784
23 1526
1601 227
527 2598
906 1386
264 1615
2608 2142
843 2082
1584 2077
2055 1635
16 2463
2560 307
1280 2193
2645 1874
2386 1212
735 1665
1686 1640
669 827
959 1777
537 987
2433 2083
412 2290
2256 2642
1897 2039
1864 1101
906 1413
786 2483
2546 2613
469 1929
1250 2287
757 2407
2474 2132
1040 1542
971 2535
1964 193
495 1402
2027 2313
337 1032
791 1022
1124 792
1121 1237
196 1309
1351 269
227 2598
1041 1855
1467 2279
2531 225
409 905
764 1733
2529 835
6 1891
315 1070
396 1285
2186 318
1332 521
1355 2013
2118 1453
2599 81
591 2395
180 370
1890 1230
2503 2239
475 665
993 2435
2178 1630
2264 1174
2361 165
291 1331
1830 61
1859 2451
536 1685
924 120
1234 2008
193 285
1835 161
784 2146
263 1813
482 1124
1071 1771
1726 1428
1962 73
989 1466
338 2582
395 2059
826 1957
146 2376
1762 1759
1713 1784
99 897
1262 1826
2595 957
904 1074
2455 438
352 2128
2207 1619
2374 2138
1155 2492
355 2560
1649 1076
1118 2339
1315 1798
2631 2466
285 2519
173 2234
1111 2588
153 877
2608 142
720 173
624 837
1163 1151
2351 2414
595 1480
1370 555
2415 2631
921 628
1937 1946
2082 115
1107 651
1071 1052
731 716
2635 2374
1790 885
1726 1678
970 1395
2330 2634
963 2603
267 399
1736 1408
1372 352
273 2251
2487 1557
1688 1003
1307 994
2665 738
474 2409
1289 735
2006 1421
2586 2027
2450 816
1850 2066
2069 1270
1762 1884
2123 1360
2176 935
2173 1899
723 1540
304 357
1733 244
2294 2464
2637 677
408 1802
1486 996
914 244
1950 105
2138 2241
206 202
536 424
2309 274
200 759
938 1275
1706 364
534 2262
1818 2660
145 2490
942 231
15 1072
158 2013
1640 482
9 1661
2256 1368
849 165
2601 2078
271 309
1142 126
2059 2477
212 1737
894 86
139 2397
1087 1587
2544 976
955 2642
2264 2187
1564 412
55 2575
1058 2514
1882 1253
1547 1922
1745 940
964 1046
1237 462
1553 2604
2069 407
1748 2289
182 732
1096 40
2023 1223
9 2605
224 2139
15 435
361 713
1069 409
1136 501
1566 111
953 961
851 949
684 1811
660 894
14 1398
1072 2569
1007 2291
1525 1345
136 365
1397 1081
2182 2677
2230 638
581 1082
1905 93
786 1287
716 1669
1923 1588
138 1539
940 1311
2388 1193
1017 814
2638 82
917 1156
859 793
2282 2377
1569 904
269 2489
320 342
571 2588
1519 2381
369 368
669 74
526 223
2479 2276
1369 2118
881 2527
2167 61
1019 2666
2521 2150
1283 1828
366 1839
567 1272
1479 1031
2322 1522
1737 162
165 1079
2447 15
2351 1957
2057 1071
2594 2062
418 2397
1876 182
891 751
190 967
2146 791
1468 981
2563 930
1991 2607
2043 575
2503 535
1202 1905
1908 2361
557 2492
2308 1942
1498 2064
1492 909
1837 1424
2398 1539
2447 482
719 261
554 2165
2540 80
1884 2464
776 1564
1899 2372
527 2676
2285 2644
1661 1456
2590 537
628 1440
2278 1206
2058 863
791 960
1103 1330
1911 1747
452 2215
1921 1114
1912 973
2559 1996
584 1615
146 1289
466 2645
545 621
2290 392
273 181
7 2340
2589 2470
449 1216
1962 210
2613 932
1071 700
1502 1783
2368 659
818 21
1342 1127
697 661
1334 1602
2180 1479
2407 79
1071 1916
1054 1870
115 1729
1333 1129
732 1140
1287 1735
1561 298
2585 2597
921 825
1159 366
1736 480
2641 1268
1414 1866
2346 1220
2295 2258
350 823
1088 1509
526 119
1803 1799
1318 546
933 2198
2307 258
904 2084
1362 570
1184 2117
1739 1400
1042 664
1706 2385
524 1631
1171 165
823 2372
2480 308
2499 1225
1267 917
1257 1970
2397 496
2588 1935
1674 1232
1780 1710
1582 2656
1831 1246
581 34
1143 1986
1812 1144
269 1144
2279 1651
1393 2194
2358 1682
52 173
1747 1363
2229 937
121 851
2372 982
1165 911
984 120
1392 1017
168 1858
448 617
1590 1469
2374 2038
2508 2647
939 2033
873 2103
394 2008
641 1192
2161 25
1993 2229
922 733
1830 868
2287 1578
2676 153
427 2448
2291 2118
1051 1175
1693 1374
1795 774
1300 2675
1565 829
2226 2437
552 2598
1606 100
1636 2169
678 192
2567 54
1764 2412
480 1492
423 1287
2176 1307
693 1403
657 930
817 177
1071 111
1054 2184
1760 1968
671 144
2447 2207
2582 1233
1847 1860
516 1982
2343 1486
1585 2564
2263 1413
109 2057
1276 139
2183 28
1742 1726
2335 1093
814 2618
2498 304
2430 145
957 1405
561 1578
1816 2639
1709 1857
1582 70
2039 1385
1862 2551
1692 1773
2413 1043
640 2336
1012 631
1010 2311
1528 1850
1341 1360
861 2040
2213 1638
257 1653
507 1708
2305 1979
1584 2407
991 2370
745 374
1136 1232
1082 499
2276 2658
175 1684
2231 1931
1932 2225
1497 2010
1783 1199
321 1960
1727 344
1722 407
2282 2444
2402 1371
882 891
1859 2245
685 2446
1463 2240
2156 253
1244 147
1787 2574
1060 2589
1185 1479
2406 2104
2259 149
343 321
524 2046
1924 2132
347 553
1237 1298
2599 711
1559 619
547 1723
2562 1174
748 2561
2217 1062
2341 2501
1924 344
330 1605
2416 1774
2220 1813
686 346
1031 1081
1176 1009
1899 1201
2383 1040
690 1449
597 365
2138 433
2308 2555
492 1248
789 122
2365 2585
944 965
1812 42
1365 283
2023 851
262 1111
2488 2266
556 2604
66 2162
61 1772
855 1071
1408 1531
1629 1530
1784 722
574 2492
1890 175
599 1657
886 794
978 1719
500 1534
745 2432
830 306
1849 1175
826 219
194 2419
888 138
394 686
1160 1311
2334 101
625 1150
2367 1353
1211 1899
1540 2390
2438 1114
2463 15
1770 2591
2359 1430
2073 975
851 1113
1490 1090
1213 1877
1859 270
1182 43
859 83
1247 189
2118 635
886 1239
2089 1512
224 887
999 1079
620 1745
778 105
2054 556
1490 1494
1223 2068
1209 2390
434 1687
653 602
679 837
783 1341
2418 1309
816 2313
393 335
195 2577
2079 1917
647 1110
210 2601
761 1832
62 1965
1640 2565
700 2429
1615 771
1702 696
2629 1810
2613 786
1620 2027
1736 2096
1252 142
1682 2437
1029 1123
1120 1399
848 1048
1163 1421
1216 2200
580 376
1012 393
1401 1588
1716 2486
1681 772
1391 2383
180 1020
2173 401
827 536
244 1224
2550 2429
2368 881
1028 2469
538 461
2288 2250
2495 767
774 178
2472 2213
80 2421
592 341
388 443
1148 2580
563 1320
314 2612
476 369
658 1339
2228 1852
1647 1907
55 1641
1892 2147
1122 2000
801 517
2609 2255
643 1114
1601 1221
1749 1987
1049 2056
2201 1087
543 692
1522 1236
2051 1095
1668 868
131 1774
337 543
94 451
1782 1347
1944 264
2263 1085
1121 1212
2514 2615
783 1403
1833 903
2026 22
1472 2604
399 2117
787 599
1540 1903
2173 1034
1344 1383
1014 111
1041 690
1779 2406
1321 322
206 1250
943 611
168 7
964 1294
1975 1495
1744 826
1563 2475
1558 849
1627 963
2267 2602
1965 130
275 1022
1685 1065
433 793
421 2579
492 223
1123 1379
1201 1187
938 1513
911 431
1054 134
1658 120
56 553
1984 1183
716 2267
1647 2564
2514 2152
737 2545
1477 1711
2606 87
1541 118
509 1748
537 2238
886 1472
1809 428
2329 1558
1074 1840
296 2480
865 348
2212 760
1290 2033
1974 1857
462 1469
430 973
577 2453
947 1471
1949 2191
483 1358
2099 810
1549 1073
2274 243
1732 1168
2054 610
1753 621
308 2568
1191 355
272 1872
520 456
1904 1346
1350 315
1363 1995
1720 546
503 649
2259 1950
56 1167
1458 240
1656 1295
430 315
1400 857
1551 287
626 142
2547 464
1560 26
953 2334
2619 282
858 1648
681 2507
2441 47
236 862
2402 863
2005 1085
567 2131
261 2115
1497 1126
1222 19
529 1498
1062 2239
99 1506
419 643
1475 1668
2631 1694
170 2135
2244 918
966 2362
2118 155
1242 1570
2136 1680
1593 529
588 1
496 1952
1593 1179
1725 1796
2667 886
671 1604
1914 1173
1639 438
58 1932
1975 1288
1509 459
1977 1029
2625 344
1840 1866
2379 825
1149 2476
2306 734
1007 115
1862 689
2480 1293
1734 1586
1728 899
2404 1768
1878 206
392 1834
1114 1768
971 2673
608 896
1923 1854
2148 2542
98 1559
1143 1528
2188 963
2374 968
842 93
2210 2620
2165 1586
1303 492
2561 747
81 1513
2485 1883
1991 1494
1276 880
1009 2481
2171 128
860 981
2628 1516
1497 1985
1217 993
1464 2342
123 1253
2586 2209
224 325
70 150
2085 1333
163 1057
65 1906
2401 2001
842 6
1528 1647
396 913
2050 2520
2572 197
457 1851
827 1027
1626 1726
870 1608
1929 770
1973 264
770 1025
1848 2042
1222 2157
174 1112
1004 2265
752 2529
1024 1801
1344 208
1292 479
1658 545
89 2603
856 870
644 84
753 2169
786 2000
2050 2197
218 1940
1239 771
1245 1474
466 1989
980 917
2342 2314
1432 1037
176 2196
2607 870
703 1501
293 1725
2550 2183
2013 1327
831 2236
1678 1283
694 1932
2234 1027
2669 1352
560 2429
2605 1295
2608 274
1980 932
2278 2518
1717 1489
1141 2395
326 1095
1353 1459
48 403
112 1010
1565 1297
1210 162
803 126
1971 921
793 1680
767 2158
722 1324
2515 2390
2401 2217
1826 99
1379 1020
1664 2334
420 1209
2420 283
1042 915
1666 2400
781 1540
676 2489
254 114
1987 1133
401 326
852 2526
2575 2645
616 1454
2668 2619
927 108
2345 1894
124 576
1841 1314
682 511
929 738
1 136
2507 838
936 1900
2011 2669
2323 1965
2672 966
2298 262
2402 922
389 860
2277 2437
153 54
275 2331
1479 148
1725 1941
202 1499
2459 2270
1566 2635
416 190
2104 1700
634 2268
698 594
1400 287
364 559
2322 295
854 1902
1920 2482
2422 548
1267 849
122 336
1938 61
2086 826
1987 1085
2397 198
2144 1556
1304 1746
2403 1836
1808 1907
1538 448
582 2223
1294 1294
485 1494
322 2623
798 1168
2043 128
1884 2611
2664 1841
2134 2342
67 2519
1111 1189
1219 1117
359 1960
815 1947
1762 2120
1699 2536
205 1081
673 2554
935 1616
981 1815
1104 2421
742 2040
1115 1044
1492 843
1786 334
2571 1937
1874 1047
274 247
905 2190
1589 728
464 1104
1694 481
2582 1977
1425 1192
1317 792
1232 378
450 2505
2044 546
1592 1474
1488 197
2299 2647
526 1875
15 94
1194 715
1314 99
198 137
2457 840
1232 1311
1978 910
1858 1636
237 261
2387 473
513 540
2061 617
542 1178
797 222
1857 191
2520 571
1023 65
768 1641
2599 1134
1290 1615
80 2556
1846 327
1358 243
243 1890
1760 2679
1920 1258
691 2038
2412 94
656 2548
1983 837
2388 2543
2441 1781
459 1132
1179 2204
75 67
874 201
1652 1321
113 1573
485 1734
1000 1289
2412 1544
1438 180
2215 1587
1286 488
1153 873
2678 1045
613 1012
48 916
2453 1553
2295 841
2594 1360
2611 2656
1480 595
54 1179
1151 475
1215 1950
948 564
2224 2220
2491 276
246 1912
755 578
828 311
2376 437
2518 512
2202 826
712 25
116 24
2326 1178
336 2623
841 2528
1201 2419
2533 2250
2434 2291
45 657
664 2450
1633 229
1031 224
2667 2176
780 2407
1314 2453
2590 2011
1636 1886
1042 745
20 159
1267 2331
558 2534
438 185
2128 53
181 265
1393 1997
126 668
633 717
2298 791
2551 2458
2349 2219
865 1876
435 2623
273 1279
2344 2025
2678 359
444 653
1201 2508
1684 1902
1313 725
2142 1678
259 1552
2399 1173
127 770
1620 2331
402 1943
834 515
227 305
1100 2338
506 815
1038 308
443 1581
2151 453
443 2642
487 2535
474 2398
1412 1340
2261 2296
789 404
589 2669
1750 2151
679 219
2488 550
481 1461
1962 2152
1828 2194
1217 1608
1819 2627
2080 1480
2460 1023
1399 2276
2549 377
1982 551
670 97
1941 2494
2223 2182
2670 2086
2562 1441
2549 1089
460 1878
1953 953
2014 1388
1885 1356
202 2252
76 198
1541 1846
1136 2194
1676 1692
2218 876
2282 306
1253 551
1922 2107
1449 74
847 513
2546 2580
2347 1489
889 1268
2289 537
1202 1649
860 1426
567 2339
2247 1383
748 502
1196 951
2615 729
2022 1456
1531 2611
1580 2420
876 792
1608 825
1606 560
2026 152
1778 738
2521 68
167 1658
307 1630
524 1599
549 1906
1159 1079
482 1909
347 2129
1748 203
1955 1667
1951 261
873 1103
1300 1658
1827 158
2648 669
1387 137
985 2050
1312 2647
243 402
568 299
2322 807
2216 784
597 842
48 2672
2195 188
1419 1214
2147 1335
367 2495
1637 1559
1391 1910
1707 582
2273 2284
417 1995
949 2177
759 1552
785 1433
2333 1811
926 2341
381 1991
1000 554
1750 1888
1613 1117
284 1237
557 494
1759 417
1008 694
1693 989
2561 589
2379 2608
919 206
1198 1155
893 228
650 1919
1499 748
163 88
240 505
483 1589
712 1667
163 2024
2668 1163
1423 2088
1512 1460
2360 1922
1899 1624
2580 2418
258 2488
1904 1840
1268 347
1220 213
403 784
1710 672
1914 988
232 872
2497 2549
323 1651
1634 1302
820 1907
1217 2466
155 943
1024 2465
1403 996
1168 944
2460 143
510 38
2126 955
1812 2287
2412 1593
2029 888
1986 1351
294 1190
2213 2314
1074 1068
216 1530
148 732
1702 2399
1632 1805
1965 729
267 2271
1319 1934
1416 486
156 1381
359 830
1313 2016
925 701
1899 1660
375 2307
1065 2537
308 1668
1921 930
1747 2575
1453 691
2484 983
1770 991
1924 1450
2483 339
418 126
655 467
1961 1623
2432 1933
2113 2195
878 1032
1213 2649
1046 222
2364 695
1291 1261
2489 28
228 794
918 1052
1503 2044
1111 712
1886 542
1481 469
1233 297
1522 385
538 2507
1101 2306
1955 95
1931 265
2551 504
2196 1857
1271 1354
619 457
1369 2134
1807 657
2333 1430
1727 218
3 1682
94 504
2186 1663
1324 1736
1475 1980
722 1498
2267 2610
945 480
215 169
1226 1171
248 2017
479 921
2040 1030
2040 435
1034 394
1475 2053
1860 1340
2445 2414
1944 547
2046 1949
892 687
702 1085
88 1045
2664 899
1442 809
2135 880
471 1479
1466 1957
2517 1890
1287 456
797 2402
1596 2054
554 352
855 1039
2562 2516
128 1004
326 1808
2553 1820
1468 889
1022 2238
2043 1093
544 2190
737 1414
1281 1225
2614 1494
1842 1401
1112 402
2257 242
1719 476
1209 267
568 780
508 559
260 1856
2522 1901
1812 1737
331 1454
861 1853
2328 2138
1327 1300
2213 2421
2566 780
2531 1166
373 1834
909 1816
2040 2296
916 2557
1216 1818
464 1628
1147 1791
2325 1639
1887 1086
2266 2206
1481 1110
516 1010
1464 578
203 1327
1806 657
324 1257
2011 1922
570 1889
816 1671
2591 1388
1925 688
57 1681
270 1956
2479 2318
1507 380
948 2314
1739 1640
1755 749
996 2679
440 373
2123 762
2123 2528
1042 488
2466 931
18 2243
39 328
1926 1696
2296 2307
1803 1708
472 884
944 1834
200 1527
2242 555
1702 422
2423 210
23 576
982 1262
1668 306
821 1461
262 1447
258 2395
2407 313
2445 2021
2215 2365
1288 1743
325 350
1134 2070
1358 1918
511 2266
2102 1270
1327 1832
2315 662
2291 2446
1010 1140
2469 2491
1783 404
1343 1170
1382 2614
960 2032
628 2462
2047 354
813 2455
1211 529
119 2164
1123 2606
660 1199
1133 399
1232 2429
1206 1405
100 1233
2630 2276
1509 301
1020 2354
625 1670
52 2520
1457 2424
620 232
181 185
66 2023
1976 384
814 1740
1245 1016
235 1494
2505 2617
269 601
1297 2518
1921 308
1518 91
1389 311
1317 1449
2523 1718
1609 1994
1716 1393
793 739
501 1981
939 1482
239 1526
2391 529
559 1018
1232 1305
1719 2400
966 1344
2657 1163
2299 2036
2150 557
2039 1074
1818 314
1898 1986
1219 2653
1620 886
1407 1107
1619 2418
598 871
2334 2144
2284 2074
1942 1956
1075 1391
1083 585
1996 1038
1719 1077
808 451
321 2482
2163 1109
161 993
1131 678
1518 920
540 801
709 731
1384 1941
1208 2537
1953 2357
2195 1383
2596 1622
1511 2655
13 581
2655 2289
1751 1421
1330 918
2206 408
1406 1162
2175 1456
1693 2629
2605 2402
2244 1468
2476 948
913 2119
1748 2002
35 424
438 614
175 2672
1002 590
1980 230
1657 337
2339 640
2246 1556
1300 197
6 2244
623 2667
2454 1539
125 2291
644 1757
2073 2642
2371 1948
2587 502
2647 155
2280 1482
2103 1025
2132 271
2186 2640
1955 157
892 2125
1533 1009
1493 1903
1986 1921
608 460
2662 757
128 1869
543 926
416 2616
1330 1519
426 859
529 1402
1779 1578
159 2145
766 1443
222 554
1756 2556
897 2086
1542 1962
1651 1636
1184 1515
1072 2425
2039 207
2455 984
2347 427
1243 880
2674 2513
141 1068
2490 1048
1088 1464
586 471
1873 1557
751 382
1006 1793
548 2271
2542 1784
813 913
1669 1223
455 1750
481 610
1428 2665
722 1851
2418 1860
93 1915
515 739
1918 1801
1043 1189
943 2050
776 481
1016 1356
629 229
475 739
876 592
1643 897
8 2678
1551 2424
1437 186
1562 2430
2558 419
2151 2641
1445 2367
2536 1354
2378 1805
967 1741
2002 380
1691 300
2203 497
275 2619
82 1870
1260 682
2161 1647
2553 2316
198 1599
1944 1425
221 1732
151 2480
1386 1815
798 955
1400 539
152 2055
589 2355
1240 1493
639 1641
219 1842
2086 986
253 574
38 15
1337 1852
1601 1064
753 1663
969 2383
2332 766
2103 1531
1260 79
1144 44
1575 2503
600 544
179 431
2145 1196
1666 2258
923 1407
888 409
859 992
1203 1099
596 2112
991 387
2340 2218
2048 2370
2456 30
2279 761
1205 204
1732 2046
2401 20
1139 384
2258 2024
2665 2470
169 824
780 2263
297 652
2378 1998
2146 2071
393 1106
1815 185
36 849
2249 48
2654 2109
1917 2549
1460 1032
1025 488
1279 762
2243 1920
1098 2496
2058 663
324 1528
824 1877
745 2649
2334 224
2544 2051
1126 1195
1896 2261
1321 1843
2529 266
2452 455
478 185
1728 1043
961 877
1306 777
398 947
445 1112
2491 2654
641 1509
2647 2417
810 1327
1869 449
2654 739
315 2524
167 1801
2125 335
2295 2485
1056 64
2603 1635
167 1097
392 1737
376 2487
421 2091
664 2091
2648 383
1473 424
2297 113
2396 378
2031 1927
1996 23
1261 92
483 1318
1841 1295
467 319
2052 1593
2641 323
140 277
1945 2474
1526 713
1372 1291
1758 2615
2661 2379
886 1462
2444 1629
2629 2212
1774 2264
1218 494
2538 1368
1005 2326
713 2245
375 218
2666 1912
2577 2257
1788 1013
1955 248
603 349
303 237
2157 1871
2082 2600
2393 183
1987 1756
1601 454
2161 462
2140 169
2415 912
1705 22
2225 2549
990 2362
1508 455
1112 1634
1347 1955
80 81
2090 844
269 2129
358 255
2479 1604
88 295
777 2448
885 2592
278 130
1828 364
956 2544
2197 81
639 1773
807 1342
1905 2221
703 299
1349 1138
2227 165
742 1659
58 24
2158 771
1059 2487
1592 1737
2457 574
1701 1851
1797 2576
890 774
826 2507
2450 2663
2670 2335
697 246
617 1478
2456 597
1021 502
2569 1641
147 41
276 1368
1905 501
2106 1831
718 2461
1499 1183
2068 2101
1155 390
1250 1610
1774 748
2354 852
2388 450
1815 2249
1602 1703
278 799
1082 1111
136 806
2146 1417
1274 437
1891 1104
2168 1688
658 2413
2339 1007
1162 245
1132 1903
1286 1965
1070 1448
1990 2249
1868 140
932 2359
2449 407
606 489
6 2446
653 23
1010 1632
362 504
747 1456
1304 135
483 266
1269 1217
185 2416
705 1737
1101 1783
2460 500
1869 1718
1117 2156
193 1459
1460 1397
2403 1653
1862 2281
634 987
2261 1414
1074 35
977 1908
683 1388
649 1023
553 2472
2414 1148
670 513
349 581
1184 222
1635 1566
627 505
1249 767
336 290
360 2532
506 1393
25 2508
761 510
1512 701
583 678
1681 501
880 1199
2273 1800
195 2610
2632 1230
2446 2426
2333 668
2623 380
2680 393
2654 38
1786 621
1280 1814
851 2254
24 2399
1355 1460
2015 1625
701 1533
2361 2340
1693 2265
312 1490
116 29
1787 766
2551 1223
1085 834
693 115
1762 461
722 1678
562 13
956 741
2056 1718
1826 280
883 1134
1000 200
348 2268
2086 368
636 1042
1544 1170
8 2476
1951 2533
131 824
528 632
475 2450
202 1038
2342 757
1876 2089
670 2650
2579 1382
223 2065
1482 894
1173 1967
1908 2286
1076 1116
770 463
1725 1571
1226 706
2396 1483
1481 1355
231 1246
2451 580
2247 1822
916 2312
1902 2374
88 392
2509 2441
2480 1896
723 2025
211 2592
1164 1771
1077 2141
671 2443
1903 670
2208 1842
773 1933
2611 962
1612 2323
1325 1789
2115 1799
156 1464
2361 2418
1453 2515
504 1689
1311 465
2623 747
1593 204
2600 2051
967 2368
862 1847
2634 403
896 1641
1672 115
790 1301
1370 1396
1264 1227
2134 396
1018 1463
739 2072
2659 757
1193 210
1958 1866
1706 913
1447 102
783 1247
2382 2160
1857 547
2101 80
433 1271
1777 1050
1680 207
2366 45
2665 234
2088 2311
301 2424
537 226
924 548
1271 219
1404 367
2255 472
980 159
939 2345
869 2630
1100 678
2107 2264
408 1950
1645 2611
2617 8
2395 515
1552 1243
1709 1123
1647 1287
1165 1143
758 819
1903 374
24 857
271 173
500 1861
1642 216
1655 2290
1309 827
43 1131
2116 588
890 618
2198 794
296 1240
2136 2049
1289 1358
1077 577
484 2103
72 1539
2201 1660
2321 549
1658 589
2495 523
1697 1751
922 2650
1339 81
1686 680
1413 2306
1684 2386
1194 1872
2341 2041
1133 1856
1637 2133
1715 652
393 1564
1052 1564
729 102
960 2495
383 488
898 374
2095 2074
1822 2677
96 689
834 1413
903 429
618 2428
452 1337
593 1951
1762 840
2559 84
1998 2635
2428 2260
507 347
1377 1283
706 591
436 85
1264 1387
1575 1812
1614 21
108 1021
1222 2637
1849 1245
2677 919
43 1244
1673 1501
353 1649
218 2585
2298 2339
1290 1527
2662 180
1971 1392
1755 931
421 2595
2649 2187
1472 2653
2183 220
1119 1161
1514 5
620 2318
1024 1803
1781 2411
1868 1512
942 294
598 269
853 92
2549 47
1615 2479
438 1318
376 502
676 2283
2068 197
2473 1764
1968 429
742 1606
637 2399
1849 455
1034 1691
2358 2109
1324 1139
825 2594
715 363
2398 405
537 393
396 2615
1675 1701
234 1567
1045 938
2626 1147
807 751
13 2488
1204 1335
1380 1780
1345 1383
2286 827
2043 1659
974 1069
2290 1384
2105 987
2052 9
1703 259
2141 1860
833 1797
1380 1700
1058 1643
701 760
2593 2333
509 189
791 2604
757 2396
800 375
1893 1121
2476 556
89 167
1942 2475
1477 365
723 679
2119 2620
1254 1497
1464 252
1430 448
550 568
1606 489
441 839
2340 2646
634 2292
108 2237
2375 410
2615 2488
161 2298
1761 143
2476 1998
1445 757
699 2634
1154 740
1466 1429
459 645
2356 63
150 1611
763 1164
1334 2651
1815 2638
2633 165
315 903
2105 1527
737 1041
2111 527
2490 2463
1535 684
2565 1649
2426 1221
709 2121
1791 2215
309 592
1146 2433
231 259
1687 1942
1200 497
187 2473
1047 1527
1616 2196
752 1073
2308 1633
2080 2396
428 1340
2321 2523
80 1089
705 2244
1066 345
1251 1563
1202 1507
1279 1913
424 2117
1523 392
1941 610
554 1106
2491 221
231 2646
527 1534
2452 2346
640 69
986 2388
1635 1145
1553 16
2595 70
2320 631
2175 716
396 1046
1324 2222
165 2193
233 1421
2235 1428
2114 296
1511 984
1736 2521
2535 2349
1950 187
2445 646
1716 80
1381 2057
1882 792
308 2101
2620 97
595 788
86 72
1665 1310
2368 395
1974 2361
1281 970
2492 2436
502 968
228 229
2116 471
2056 1016
1379 1337
238 2170
2061 2517
1061 2143
1830 709
1682 1714
1373 1073
1417 7
106 2415
160 548
982 2622
1448 2153
1672 2116
1639 599
860 897
729 1409
909 914
1207 1761
1913 576
1446 896
2341 656
1812 9
1928 1072
967 1201
2445 2395
701 1062
344 1325
1712 2
1950 1930
1893 1206
205 1707
395 1690
109 220
75 1248
1645 2394
1049 2433
800 1934
1112 1325
266 780
141 28
911 2553
2042 926
226 497
1441 2191
1538 1665
1034 691
856 2024
1491 2520
1922 1145
1660 204
2229 1037
1648 2424
339 102
2066 2337
1694 1145
578 440
2250 1688
2416 309
1725 2054
1004 412
2098 2536
1526 1553
2120 494
2324 2270
1606 1039
190 832
118 849
314 1287
1671 1420
964 2451
773 1074
2405 2618
1036 1536
1212 2223
2557 176
1009 1667
1341 74
2094 2329
239 2387
101 862
2376 166
241 867
889 841
2521 294
1951 676
622 163
833 2088
529 1363
121 679
124 2077
1253 1149
1020 353
923 583
2153 2101
1641 2291
376 2052
1113 1049
1931 2355
395 2145
2638 2448
1172 67
1715 846
368 1731
571 1164
506 2326
2099 825
2448 1245
627 49
346 1248
439 1423
1837 1932
419 1470
405 1485
1252 1206
2210 2085
415 1235
1164 1756
557 10
899 131
1610 2423
570 45
799 1398
1395 958
77 29
2428 1069
297 172
1521 606
2179 1348
1141 328
1308 2503
1017 2583
1402 1893
386 380
880 1247
2220 2459
2369 575
1824 978
1538 1442
265 543
490 1628
354 2392
118 1816
2538 101
999 662
543 2406
287 179
105 46
1740 1171
548 443
2365 72
2302 944
165 1277
2328 545
777 2007
204 1620
691 688
881 303
1849 129
1487 1066
830 2491
2379 2151
245 338
2384 186
2255 2014
1342 794
2487 2273
786 519
803 2561
308 1080
206 1182
2450 2475
2055 1682
2164 1624
905 1071
834 88
100 2077
1075 1347
205 378
685 973
1845 2598
1321 1521
1757 2625
1946 265
2495 1444
1386 695
936 934
1336 2168
1359 2243
1950 2314
2018 479
1074 83
1061 46
1773 432
2359 996
300 630
1083 1326
758 1959
933 765
2054 1641
1485 1944
1293 2069
299 1748
2231 788
171 1938
475 2454
577 2177
104 2459
925 1932
718 2031
3 1403
795 269
1298 892
2336 2206
1596 1763
656 2622
1020 2272
1657 1935
930 2518
2079 774
2161 2499
2151 1372
265 2654
327 1646
777 2407
2086 1854
2238 2604
2143 2342
590 939
390 1257
1235 2637
1622 2508
1845 2316
1370 718
551 1347
111 1692
2496 769
738 607
2007 2633
1490 2141
1766 1556
206 2313
717 2148
1911 1090
1253 707
241 1355
178 1372
280 330
1741 474
2154 881
2674 1673
703 1087
410 2152
934 413
2174 1548
1283 2531
259 472
707 198
2291 30
1010 838
726 1192
1892 885
2470 2375
992 1365
216 582
284 1199
2376 660
868 2587
1040 66
2242 1521
2119 2667
429 2266
2592 1977
2187 2472
1081 764
499 2064
2189 824
482 1528
2014 1572
1656 1492
1883 50
934 1246
805 1814
1867 393
194 49
54 407
655 1019
2083 2395
1085 1458
400 2512
599 195
1326 2050
380 1728
2164 1144
490 471
606 689
593 1229
2402 1781
686 1401
423 583
1242 1934
442 547
108 969
2401 1794
1778 1695
1020 829
1869 715
716 1092
664 1245
2664 1019
2003 1925
424 2471
2668 1706
2660 2083
567 2058
1071 2673
1473 2349
901 1148
848 417
2300 1172
403 1582
1992 2117
1316 267
2188 1283
2533 2102
492 1776
2273 437
1318 2679
1468 2066
374 951
2440 244
275 1916
176 897
856 1711
1285 1851
1981 2469
1511 769
2538 612
402 1743
700 441
202 2677
2259 2440
122 2484
2532 1093
1485 932
2131 312
1846 653
2235 144
25 143
2577 184
2524 791
1085 2486
2227 2458
720 668
1028 1593
265 313
1388 335
654 1869
600 849
1365 205
2041 1936
2220 1519
2475 2145
1226 2429
759 748
1204 1915
2432 1284
2632 717
412 2525
1827 1537
1601 1685
1262 1382
1329 1645
1285 683
522 537
2573 2588
890 24
1269 1765
2134 2073
900 976
2186 1492
480 224
2214 649
1304 1540
2118 1094
1523 1356
475 2679
1447 1400
2088 341
378 37
229 1527
1845 462
489 1116
31 1917
662 2114
209 961
2266 2524
1235 300
2462 938
2369 1153
159 173
1695 21
222 2131
1582 2198
276 2082
809 1060
573 926
484 1941
1936 2224
2319 937
685 286
215 1472
1930 2419
2032 1289
1126 837
801 644
2514 2422
600 51
349 977
672 1356
1255 1116
372 908
2034 2535
2464 865
1370 2448
1260 1756
769 97
1481 2568
2170 1426
2437 89
2434 845
1642 1691
2454 1416
2538 850
1503 1111
1113 2549
1958 948
2199 490
2236 645
69 2014
1154 971
1669 1310
284 848
1056 1800
2333 1345
2251 1660
528 1865
668 1147
1516 2531
2088 1476
931 760
526 415
2676 152
398 581
1211 759
390 887
1906 2204
1359 2427
1943 2581
1507 1126
1647 381
427 239
1358 1388
983 569
649 236
714 2636
2043 2490
2059 29
1098 1150
881 1564
2297 683
449 2551
1332 2106
650 1875
1877 2679
604 744
2111 1095
871 1847
327 1790
519 1453
1401 2428
978 748
1962 50
372 340
1712 2656
1584 2412
2002 1022
504 685
717 680
276 578
1668 1452
1317 67
656 2656
1936 1460
574 32
2162 1480
2130 218
1017 82
951 2069
1918 1152
2025 1385
2387 481
2289 2568
937 754
1873 1076
751 189
2430 2579
2320 2272
2026 521
753 1599
1007 333
38 1130
1574 874
1216 915
820 2495
52 1081
2503 2197
1274 1308
1201 846
2269 830
1544 2467
749 891
2011 1026
849 1533
1932 72
2599 1835
487 5
1901 375
89 1028
521 383
878 1118
2642 557
1156 2182
1417 2443
409 54
2021 550
39 1173
2310 1401
1410 211
64 855
1292 288
2201 2644
1116 970
903 256
236 1286
2460 1477
1863 392
1367 499
1059 2064
1857 682
1791 2458
644 2423
1856 1555
1792 99
434 917
2002 1689
2222 1857
2589 1582
1135 241
2266 94
2392 1647
2374 2593
1795 1609
1692 1366
2653 2370
1789 187
2501 1185
1071 1083
1372 196
980 1281
233 827
2630 9
2319 1514
84 1436
392 48
1720 2134
2227 536
800 761
2554 1227
2178 133
939 2568
1684 908
155 1926
1225 2520
617 1663
1127 1050
212 387
1533 7
346 89
1681 2548
386 53
472 1236
2161 1612
741 1909
598 2576
39 1147
2302 1305
2259 1529
1959 19
2224 1808
1211 1774
1245 2169
1989 392
523 1724
407 2120
685 1523
1228 1057
1267 559
468 2676
1172 2127
1448 1266
1987 982
480 2244
2668 1483
1100 2486
833 1265
1651 2668
757 863
2401 1009
859 1294
388 2456
389 1052
958 1360
633 1836
2468 274
1644 48
2397 1898
2620 146
1871 1992
1904 1140
139 2505
441 620
1329 808
881 2455
1331 326
2637 2235
666 1926
1749 2154
2527 2394
49 38
1187 883
434 1667
1662 175
82 2616
1857 2631
2362 1399
1267 2021
1299 1122
1254 1038
2605 884
1594 2084
204 2173
2244 1799
1519 2044
1960 1016
2210 610
1718 1951
952 37
2674 2028
717 1919
2363 1104
371 1311
997 2307
727 103
1054 1510
332 515
1870 1958
1351 1440
1025 623
2449 1187
2455 2232
2351 1574
1517 746
1101 872
1580 4
2306 354
2082 137
264 247
2596 38
2365 2027
889 1489
2079 1600
794 1647
1890 2540
1041 2159
1968 2549
2045 2495
2263 337
1062 454
1321 1763
2484 2570
685 1610
861 1633
2074 1235
683 2611
602 1590
2024 1518
1991 1696
1896 1315
299 62
2434 1376
841 1366
1702 1175
247 276
2576 761
1377 1121
2235 2262
2024 1682
1011 88
2081 2426
2490 2553
571 1973
1721 4
1150 511
282 1314
277 1319
255 365
1134 1954
281 1605
1437 1908
1626 1779
2261 958
208 1778
2224 1304
1324 1549
1809 425
2233 1449
143 2272
233 508
2110 2068
2369 818
1971 2513
1038 2182
2606 918
2127 150
1178 1954
1729 786
1969 1776
2049 410
1457 660
1537 1973
412 805
623 704
2187 1470
2282 2310
594 1671
448 641
2560 1230
1802 63
1913 2594
530 2150
2248 1018
2666 1920
2117 2131
2547 1244
1717 2146
1967 2287
802 2599
1234 1421
1908 1081
550 1649
2158 2190
2079 96
1927 1745
105 728
930 1221
752 1900
2492 384
1692 212
159 1160
207 2329
2078 1060
193 1413
1884 1090
1158 1090
2105 183
2572 207
891 1782
220 611
1338 634
1808 2644
1734 279
304 246
139 2142
179 2673
548 16
1556 807
1290 2553
2015 1705
1857 1684
1700 1579
751 2580
1882 356
2085 197
1662 1035
2045 2433
576 541
42 1567
423 2253
1707 943
1608 2112
718 1343
836 2586
532 202
2240 822
1084 1444
2141 672
839 8
401 2066
1314 791
1088 2127
1961 2316
693 1178
271 1994
1930 1441
2052 763
2234 1630
1597 1995
491 1857
65 2180
1302 1013
2529 497
542 559
1120 108
2256 244
2319 1496
48 2659
566 1625
975 1090
1908 2666
2476 757
1843 1716
1912 2249
584 2662
1580 1064
1636 17
2664 2114
1038 2230
1659 2191
668 486
2106 2337
2026 165
1397 2455
1918 1151
431 2159
2532 1864
12 895
2629 1118
2437 1397
1447 115
141 784
1931 1453
203 1675
2425 821
2130 576
390 2443
1629 652
965 2516
2521 2010
1437 10
145 2608
1476 148
2642 1477
1586 2238
2123 2556
1031 1521
1785 578
2512 181
77 2533
1879 224
1997 949
2640 349
1490 127
1973 1441
1988 866
709 2355
2417 2025
1181 208
1936 1858
1489 2470
1813 776
987 198
1913 1815
74 1767
493 588
313 1892
1238 997
2020 2181
50 555
2555 1796
2335 1144
314 2661
994 266
1567 2661
1054 958
1875 2376
1875 1299
1809 2558
442 58
1390 2588
458 2053
1227 2364
1195 1845
1393 2340
2546 2182
2274 426
1722 1493
2166 2631
729 2223
2330 2079
666 2604
2236 2353
2354 17
185 678
781 964
2197 780
1369 1540
129 2529
1801 1207
146 1015
1890 682
651 1080
856 1387
531 1930
1382 846
1398 124
2352 840
213 1470
2578 113
1242 1548
396 1561
1795 386
165 637
175 5
1084 2091
2246 196
2473 2594
2654 614
1596 1535
1262 1373
210 488
1115 406
1899 172
1565 20
843 1331
1326 1485
576 293
219 1942
1738 830
1373 1074
1095 799
2200 949
1929 970
990 1776
1458 937
390 1331
1675 2446
2244 1813
144 2602
1256 1221
1731 837
2374 1572
2323 2131
1425 2537
1891 1661
2473 2656
98 1360
1264 842
2452 617
934 433
1852 1037
1389 2131
237 1734
864 2565
872 44
291 1018
2291 2124
1925 260
193 1292
2244 659
109 381
1074 1425
1837 989
1527 1407
1729 1166
352 1811
1263 1066
2676 2247
2446 1693
2412 511
2428 290
1618 894
1435 282
1120 162
2151 2136
245 181
1583 2323
490 160
280 2111
988 1777
2603 206
1608 237
2094 251
2488 1077
789 141
788 1380
146 2415
1851 706
2007 2235
2103 80
2092 1501
975 306
850 10
1663 934
466 967
1226 2567
2309 2282
335 1656
2519 2428
459 2319
53 1414
1680 1492
1556 380
1954 1460
1213 1989
1714 1230
2411 1129
1376 465
295 1139
2137 598
1193 2295
2582 1419
554 2636
436 1508
2068 187
758 386
970 2118
289 399
1243 2661
628 879
233 1204
1572 1504
2606 203
1674 2397
2236 944
891 474
408 463
1394 1142
427 677
718 2572
332 1999
1203 2377
1516 601
404 1066
882 2657
1071 2261
2524 1528
791 956
429 2186
1917 2402
740 561
2558 1701
171 2296
1440 1907
1425 1971
2328 1664
886 1204
2433 807
979 1475
1409 2406
2203 152
512 2456
1554 1407
90 928
1838 1635
2526 25
1180 2260
857 1771
1843 339
531 269
1446 1363
1392 325
826 1363
753 697
199 796
2408 972
2099 2669
1284 1011
289 2366
1574 1009
898 1078
418 2374
1494 2200
1428 659
1120 1648
2233 1976
1533 328
2225 179
1543 2262
655 213
2057 1228
1162 1098
1275 210
1830 2141
1434 1287
1336 207
486 416
2541 1425
1439 430
2168 29
106 1024
2640 1385
818 134
2438 1070
2096 2197
660 1352
60 2578
2138 1814
1177 605
1205 2642
2197 2519
1962 1249
66 2621
2527 968
273 173
60 1673
83 2066
2276 1211
2349 2217
1396 2594
714 871
1229 1067
1801 854
600 451
1322 251
2471 2626
450 2655
1347 747
441 2541
2010 516
968 420
883 1316
1044 1604
1124 1998
956 883
1856 305
283 2642
2195 1780
597 24
2381 2491
985 2526
2556 1797
14 758
1999 774
2380 487
137 1790
351 1776
1559 412
553 160
2633 2159
922 1503
334 1312
382 1748
892 2193
666 419
1212 2389
1295 843
2482 2431
234 2471
1592 1203
482 1240
1069 1883
1484 446
2596 400
1942 2603
879 2430
2091 1766
2462 2662
1475 2250
992 2366
1074 2490
2612 391
738 1110
1470 973
999 1096
1391 2666
632 335
98 765
1654 680
909 928
463 2345
881 2597
2546 1205
556 2321
1113 1902
983 2196
1317 278
1952 660
2071 1381
831 2099
96 1433
1453 972
588 1776
1551 885
2404 1911
2141 2269
186 866
670 2162
1792 402
312 2313
2098 2135
1097 825
230 1170
1914 217
1873 2305
2025 2585
571 1359
163 410
1976 882
1843 2489
460 1770
2642 1245
880 217
930 1655
1780 1845
1401 1882
1934 810
574 568
568 869
2250 1979
1990 1844
1427 662
2428 24
2027 1934
1734 1645
1377 1622
977 679
1610 1387
2230 1539
623 2437
487 233
741 1344
2373 648
240 424
1759 142
2358 2234
1299 1961
850 1587
1612 1608
309 13
1319 2202
549 2680
650 830
1654 1135
2165 321
1646 1514
1807 1285
380 1399
290 138
642 2536
613 1184
394 2579
1135 2311
838 706
102 91
2679 2443
899 641
476 1242
1254 1089
2140 1565
1610 1339
1852 1452
2346 893
362 2271
1334 282
2623 234
1977 272
2284 1592
1576 544
2092 272
1991 2243
2412 2358
715 1730
1266 653
1328 115
2194 2465
885 815
2634 1411
2170 261
2118 1292
1263 1767
1135 173
2394 25
655 2646
1082 841
508 701
1792 2311
641 389
301 885
2033 1261
1966 639
1874 2201
2604 1557
1999 863
736 461
1613 896
985 1986
28 2189
2215 2159
1077 1900
62 2569
595 2124
1660 312
543 2614
172 1168
1630 1901
1415 245
2530 2023
529 922
2460 573
652 892
1357 1332
144 1056
1310 2432
1968 860
2266 111
2491 2395
1426 1292
1992 1349
2328 2122
945 2289
764 1069
1391 2442
2374 634
2087 664
1643 2500
1883 927
1415 1662
2615 2643
2144 2498
97 2187
1915 48
280 463
902 1459
2289 2407
1716 654
2280 1029
2149 2201
1938 724
2047 1322
1707 626
194 1873
1175 398
1205 1201
827 2085
834 1666
1513 1362
2370 1242
810 1720
1776 1828
2310 372
294 2672
2327 1333
1642 2660
132 1471
1 1129
1375 855
873 2528
857 650
1842 1171
1415 1462
229 227
935 2186
1610 1167
2626 2072
1731 2529
2410 785
598 1833
1728 966
1027 2508
1254 1330
672 917
885 791
357 2491
980 1460
174 1888
102 1519
1179 2367
1498 2172
2645 2394
1121 1932
644 2555
1673 2330
1959 1261
416 1156
1581 139
1905 851
1659 2602
58 1820
2019 338
1296 1338
6 2122
568 1524
1382 623
2261 1217
345 1840
872 2439
278 2383
898 961
426 2039
1849 927
253 2330
1440 1538
1746 612
672 1236
2512 1580
2433 1929
1059 2537
1706 69
307 2416
2318 241
110 1888
1924 1411
2519 2432
170 1737
2368 1582
1758 996
1383 1925
1562 2242
1377 685
1131 598
2118 2345
792 1967
80 765
1598 1352
1733 963
950 1493
651 1147
972 2078
2308 836
1544 2066
2306 327
260 294
1844 2471
2067 229
2343 630
1837 2410
2170 451
1563 1220
1855 525
2045 892
748 1666
636 1901
329 1755
778 101
943 167
1150 1401
961 2118
1429 2282
2181 2581
637 2074
196 1235
687 144
2204 2280
1178 1530
1931 2292
919 557
493 660
884 1424
2450 1453
293 1553
648 501
1973 1433
909 1583
1375 264
2614 1960
2622 460
1548 2074
346 741
1354 2099
891 58
373 868
45 499
216 1475
1631 2333
566 1234
418 1165
530 169
2567 201
1249 2042
2653 1249
2089 1852
91 1979
2576 2531
1231 44
606 2447
992 1776
640 710
1246 1673
2440 41
865 1780
2280 2084
300 2232
1992 541
1679 1016
619 1500
1974 94
281 1978
260 1253
119 950
555 697
1443 2312
2312 396
1690 1299
331 1993
1618 701
1667 2627
436 419
1386 1325
971 154
514 2551
2428 287
2062 1577
330 524
1120 2179
1522 4
1284 2064
2606 1235
2382 487
902 1655
740 1374
750 2292
1062 151
2440 1645
907 1025
1937 268
1825 1355
1108 158
794 1769
1804 1726
1157 764
569 827
1025 2543
2084 316
1024 582
1601 521
221 911
1046 2473
1647 1655
876 1828
1910 671
2351 1403
528 1165
972 271
1599 1955
1417 711
1934 1759
1543 1585
250 1154
1244 1253
622 1854
1194 1053
2035 2189
808 732
1634 1660
1651 2286
1677 1507
1825 2502
948 1545
1643 61
2196 395
1140 803
1752 2430
646 812
863 2174
623 1803
517 2062
1262 330
155 594
64 1995
823 63
1337 699
259 1743
1241 2303
2389 1173
360 1109
833 2195
1170 2400
1059 1336
365 1616
1035 2486
2465 2181
569 2268
2251 68
1999 626
903 704
2546 486
1476 2132
1321 1927
857 1782
2026 1897
1602 1913
752 1425
589 131
1157 918
1849 2048
1862 633
2116 2519
1557 1532
1607 47
1076 764
449 449
2079 152
1177 918
633 627
1636 899
1182 893
525 1916
91 284
1223 2489
1450 250
1458 2158
29 2033
2467 554
1110 1736
615 1584
585 724
970 739
512 379
134 1415
1692 151
539 1507
2041 2053
818 1113
842 172
623 730
780 500
2641 2646
2494 290
981 1545
13 343
946 1791
407 2102
1883 419
2410 841
1351 1420
718 5
2214 2124
2322 2245
831 1206
1141 724
1774 525
2337 512
2315 1598
593 394
2284 2005
1298 1503
2521 994
140 1852
857 465
1304 552
2605 1184
967 417
417 1441
2139 2160
500 2013
1229 2423
947 262
1765 2157
791 1249
1000 1752
1112 1532
1070 1288
1114 337
98 965
747 2014
2650 1625
1351 1856
1748 1510
387 1637
137 108
1206 2357
263 1683
486 2421
2419 816
2353 2481
69 1584
1060 1845
1519 2461
1111 2097
124 215
1888 1024
2649 1199
1643 2590
1161 2020
2386 1903
2527 2226
1849 1212
2092 2591
2316 1146
672 1666
1543 1125
1602 1339
1467 1846
2224 495
1094 406
1337 655
2609 2332
1688 1746
2254 816
2643 1465
2395 2355
2219 2197
1280 1057
759 2078
2455 478
1083 1916
691 1372
1939 1180
1035 1218
234 1608
2464 1065
421 1838
1221 873
89 1800
156 1564
311 2001
2256 777
450 1839
36 552
1815 396
873 313
1553 2120
2285 1685
19 5
1558 199
815 1692
1905 2613
324 2000
896 984
2362 2536
2268 466
578 418
1867 2462
1224 945
2669 76
2114 742
1698 2622
303 1868
85 566
1484 2526
2272 2430
1894 2379
1261 918
2675 1500
37 240
755 2437
1493 237
1056 1140
1012 1604
2499 1014
550 2160
2466 1984
2081 1394
2295 237
2076 1385
1917 2238
1698 528
2505 1514
1423 705
657 2666
1493 817
1798 88
1144 565
78 466
2006 2438
746 72
1334 582
488 2080
649 638
1888 2657
528 2220
1944 1064
1024 2343
1470 1833
224 2343
1592 2367
1899 1021
731 809
1039 201
1494 154
381 1193
2563 1167
969 1689
2676 164
300 466
2654 2552
1172 1161
1513 2111
1707 2504
706 2314
853 869
2219 2406
2641 1452
1014 2301
2499 1718
1403 63
762 2507
1715 1254
2244 2378
688 777
860 369
2531 1667
1961 2480
1601 1634
1773 2462
1934 2276
577 590
1067 1651
917 1809
615 170
1952 1919
2600 1493
1852 1917
659 1826
491 568
1767 1118
2148 2317
8 2587
1258 713
1453 2335
2616 78
2380 1500
612 1562
1616 1021
2292 1431
2106 1465
660 911
220 382
1065 329
172 2559
2101 1948
1828 1883
2459 2164
585 2248
1851 380
474 1647
831 936
76 2421
1329 1849
1383 774
133 1665
58 2397
45 2082
248 1562
949 446
1202 579
2052 635
1928 728
1980 2117
1454 955
702 574
973 1607
1364 1844
834 346
177 899
1155 2404
610 925
448 632
459 1319
1498 1845
2595 361
1826 2466
2581 1817
2518 1678
1609 462
419 1050
1866 1408
2193 1568
2522 1360
2536 2453
1779 118
543 423
1039 2160
1217 1204
975 2156
2091 2017
1109 1406
960 1532
1540 1753
396 1689
1274 195
1950 2
1602 2343
687 1677
1909 1377
136 2668
924 1876
2498 266
646 2657
1999 832
139 1189
1838 1011
63 2320
2457 2397
141 2082
1447 1044
1887 51
1748 15
1686 841
511 205
1324 767
2411 1650
2129 164
1726 1523
1943 1549
2132 569
791 1937
2141 433
1308 2269
1951 600
2131 256
995 1918
1484 1451
691 1141
1008 1581
380 1417
319 1640
62 954
1505 2180
940 2399
1666 2663
738 2293
1783 2221
1913 1708
426 1074
923 1309
222 509
1254 990
2533 1089
80 355
1339 2178
1393 1212
2119 2338
1814 2385
2079 1050
2568 1405
2081 753
1368 1419
2229 1376
1655 405
271 158
785 813
2072 1422
2186 2494
660 1764
1888 682
2102 2539
2440 2362
158 85
347 396
2375 963
1874 1604
887 343
2564 856
704 2627
914 2658
856 625
2591 2166
499 1169
2224 1325
397 767
1307 2572
1765 1672
102 1631
1017 2165
662 926
2601 1781
1097 1504
1403 1831
897 2451
1612 685
1154 927
1740 2229
342 1477
2267 576
2049 2561
1257 2139
255 2198
1285 1792
220 1560
1484 971
263 1049
2461 711
403 1350
1667 1473
1568 1141
83 1537
2235 1816
2309 1920
1431 134
1080 6
2183 260
767 867
2321 1756
665 201
1927 2274
1597 610
1850 679
657 2209
2463 2274
818 1656
1237 1712
1212 1042
1257 2258
1242 1625
335 1438
945 2151
993 678
2323 1897
2087 7
611 1672
1520 1280
1531 1828
1815 1740
2163 1791
1609 1394
641 62
2478 1052
1745 1125
1300 1572
1923 2035
797 743
2491 226
2417 2411
2233 130
1403 2331
2329 2464
627 554
2319 1079
1170 1859
346 2060
2357 1511
322 2531
364 1262
350 524
1251 2219
687 35
2238 287
2406 2078
58 1767
816 771
1211 1000
1830 458
2258 270
1090 1672
2399 2320
1585 392
1627 637
2334 1442
970 1001
443 1885
583 944
6 2149
2331 1534
1171 1706
675 893
595 552
1579 1245
1278 723
484 2136
816 1324
2088 2583
768 412
98 1317
766 1923
1027 2197
772 1495
1444 665
1861 997
1367 433
2423 332
2330 894
1439 1436
1418 1579
1177 1932
656 2185
1154 2393
1868 978
2006 544
1290 183
2430 197
2170 260
352 715
1502 2039
1830 72
1199 907
2022 1754
1222 218
1900 1011
1079 1355
1686 2130
1396 1419
1365 1552
1551 660
680 1282
2314 2292
726 1629
2 12
1925 2639
351 2337
897 1511
983 1458
886 630
1712 2492
147 2201
1886 2592
892 1537
1554 311
61 2077
2377 371
277 2557
1867 2262
1119 1760
2163 2252
2631 890
1903 957
1816 2088
543 2518
2060 1858
1100 2423
927 2240
573 1503
2282 451
1010 365
1832 2541
761 1239
1062 1317
2624 1222
2112 1544
2420 2165
2324 2240
883 1442
1955 327
563 763
2070 136
1915 105
834 930
2066 1068
71 2484
2624 530
2023 400
255 971
2275 449
1266 1171
964 1762
2586 1565
1629 813
97 1095
86 930
2581 1252
1501 1827
1502 1642
907 1742
407 299
940 2009
2484 672
2402 1476
350 1313
204 2031
2472 39
448 2109
1419 768
1515 2264
1145 1785
2200 1380
367 307
1765 1378
1220 2166
297 2431
1968 1247
2045 781
2633 2176
2254 1445
774 501
2398 1130
1816 2124
162 949
1534 1358
719 2462
1811 2567
1251 2207
420 2445
2214 2602
843 1078
1380 221
1060 1031
2557 1376
1695 2574
1798 2374
1722 1377
410 1342
502 2087
2497 2250
1948 2294
53 2372
1686 88
1506 2191
1767 233
2265 427
1910 2337
815 2348
258 2015
1265 2538
2349 736
2252 1593
692 2013
1360 1609
2570 509
2621 2003
1275 1568
1843 1801
1157 652
409 1127
2483 1177
1360 1558
1875 1154
473 470
1837 848
703 763
2046 1218
2229 2352
1038 1887
1960 1899
1048 1049
1785 366
1833 1565
170 2575
463 2085
2131 1196
2571 1669
923 337
1946 1552
1706 1176
1269 1542
111 2240
819 2401
1609 1737
1468 1310
152 1719
200 1728
1686 1524
707 1550
1124 1064
56 956
1822 2243
1688 1
1828 1965
980 1493
291 1690
2609 2089
291 409
158 2644
1473 701
2433 342
47 1296
2384 2573
388 1575
557 1924
1721 1159
1421 1738
1210 849
1222 1877
971 583
259 829
2635 231
1080 2062
2460 1641
281 1154
1185 1889
1428 1711
523 1223
1619 1883
2204 1675
1684 602
1288 355
964 254
886 2656
1229 582
2035 1869
2001 1047
2350 2440
1055 214
557 426
1932 232
1836 176
25 2379
1715 1757
1106 1218
1670 1388
748 1499
1459 1572
54 1399
2210 392
1598 858
1532 966
447 670
2019 900
1144 2200
2268 2536
1086 70
1733 1351
2267 2667
332 652
2011 1158
473 879
83 1694
615 868
774 362
1707 111
997 1072
2221 2032
1272 1671
987 1586
1291 2079
316 656
1717 2670
903 1012
665 1351
120 1571
413 786
1322 2319
2165 1300
1191 884
1382 597
809 76
2479 541
1756 815
1433 631
1335 2040
1125 820
2587 297
2607 482
285 2591
2309 2668
583 2253
1256 1516
2233 1323
1465 12
1131 290
1378 1028
95 1357
793 2541
875 1429
220 1464
1496 121
1638 1490
1100 1193
2251 965
1828 891
1641 1660
667 877
2569 603
324 1635
1600 648
241 647
1381 1104
518 750
850 2121
125 1145
2487 2525
2395 482
507 1076
341 2071
2064 515
699 2171
1814 2560
2300 1489
2383 293
1065 1145
157 1516
1763 159
1789 1725
2639 2011
1342 2348
2548 1387
2610 2246
1590 523
1863 1649
267 950
643 512
10 1299
1480 2308
2029 2463
2391 1057
2474 1149
1849 1433
2179 2137
1182 2673
2331 1368
1634 1212
2600 77
571 857
2354 545
733 2340
1108 222
2384 1659
1004 1249
442 1639
1312 206
2406 2554
553 450
1699 1850
2617 2493
2079 1351
397 1969
821 1968
2101 2271
1492 1713
138 1928
480 71
760 2017
1497 225
235 516
556 45
2156 72
2413 1923
2054 1714
2187 2286
764 2355
286 1419
526 2646
933 2422
1934 1617
1878 658
188 2427
62 282
2634 2673
1461 449
2360 645
973 2383
28 2003
183 2541
2141 212
344 1194
1781 2448
2552 1158
2560 2441
2659 1745
1947 1000
1938 2136
1362 1006
470 1603
472 1741
1669 1731
1996 1327
2361 1117
2265 1979
2408 1353
1455 974
555 1212
1337 1417
1561 18
247 495
2279 13
517 1715
2103 1263
1065 2381
2560 1406
255 2217
1275 2060
376 1742
81 2543
862 2590
1878 167
1649 1808
371 486
1258 2495
563 608
851 1276
2661 1836
211 2369
1431 1222
742 1700
2612 2080
451 991
2035 485
1671 235
2127 1639
472 1949
2633 752
7 2588
1607 2047
74 2628
420 2419
1225 1699
1370 1782
1729 1107
1819 1938
255 1203
839 552
1119 136
1483 2319
1050 328
1526 1200
430 2645
786 2453
40 1582
240 1348
2442 839
1844 1623
1729 2182
753 1040
1480 1898
390 2242
1323 1402
1993 2665
924 179
1446 1844
852 1600
151 706
2662 1524
2484 2507
2460 1963
1290 2359
1248 2321
1830 1169
797 2648
795 148
1909 549
1342 549
2128 334
2431 2025
1612 1065
1495 76
2391 2358
272 191
556 2262
206 1364
1313 2622
1825 1211
2388 1687
108 343
416 544
184 1843
860 1226
2618 751
1077 2022
1204 131
358 1067
2080 41
1735 327
2363 755
1497 842
2456 140
932 2099
1709 1061
715 2055
91 58
362 1013
1722 369
1903 1975
1681 576
2605 1044
443 1132
224 501
946 2055
1163 156
2295 900
1108 1606
2662 370
344 2644
1256 2543
1633 2448
320 805
861 2079
1957 2624
1149 229
535 1370
2360 198
268 2554
588 1168
1872 875
717 2560
383 714
1748 1060
1668 1321
933 680
2394 1245
1717 2554
2537 291
1621 2642
1077 836
316 2036
492 190
1575 1798
1417 1171
321 2204
445 1527
2633 354
1959 1572
1573 2175
1869 1947
932 1596
2126 1190
1659 2442
2151 2599
1679 1870
2548 1118
1391 395
1053 667
595 2471
395 2384
2077 2437
1220 2175
1234 1784
64 341
887 1799
950 843
1924 2009
366 282
2280 942
138 325
850 2327
582 1064
1090 81
2429 818
138 1606
2512 1957
311 1905
663 841
1797 1552
558 696
674 634
179 638
2346 1818
2517 2457
695 2182
666 12
1718 1896
513 1512
1706 1019
1302 2479
582 531
697 1143
2218 1701
2173 1663
640 840
122 2642
2249 2207
1759 2246
439 2583
1633 2058
1844 2329
339 2129
163 163
57 2404
71 1168
601 127
904 1230
1950 1880
421 600
1754 2009
2533 1837
1099 1241
1791 2263
1910 1106
1201 2661
619 300
661 340
558 1918
828 499
1179 1151
2497 2123
1045 1358
587 265
2649 440
405 252
1680 43
820 990
2203 2373
2576 2638
1747 1767
1030 318
644 2280
1668 1758
401 2435
2289 1014
1824 1161
1384 1947
1142 2563
1851 1030
2298 270
955 972
148 2194
1434 1950
724 25
2527 2093
31 363
2336 1109
1268 1863
2359 158
13 2305
1439 1028
1533 2578
521 456
1577 1141
434 149
964 2069
1744 416
699 1859
2558 1540
2284 490
1833 2475
2629 2226
431 374
2237 2243
1288 1970
145 1613
2396 715
2324 1833
1912 2532
2536 498
1100 2224
983 2584
1672 1288
1984 1907
1022 89
449 2646
2186 2327
2500 1549
1540 1875
750 703
1218 2536
688 1743
1636 2359
872 2335
1018 69
1907 356
2673 396
1935 1799
2103 151
539 207
2538 888
148 951
1125 2492
1778 288
709 1088
897 1579
422 1831
753 228
2125 2086
1701 2612
289 1912
364 2404
2226 1891
1927 445
1511 1412
406 515
706 251
41 1763
1507 1827
1369 1346
2443 354
1874 2534
1692 2583
2153 1192
558 1804
1402 2346
577 2004
2268 864
404 216
2637 958
104 907
3 64
2628 1854
377 2014
1183 1140
2664 1224
2468 1753
1558 915
2365 2486
1369 179
481 366
1693 985
1046 2199
2523 2648
228 529
857 2246
79 1832
190 2647
283 2278
257 1268
559 1215
1237 1834
1632 2323
245 489
2245 621
735 494
1625 2222
1846 707
596 456
1171 687
1345 60
2177 1089
100 2636
2118 613
1521 2674
1289 1144
1168 316
2109 1619
586 692
570 775
17 1185
1331 64
982 1726
5 1361
1299 546
1532 239
2301 612
1708 1651
940 2636
2183 898
1833 1895
1180 1603
2452 895
1129 1190
162 2276
2559 2393
1864 777
1805 1610
1157 2515
355 2495
2489 413
1509 671
1653 998
2518 2512
163 2183
1543 1060
57 2339
1927 260
624 1949
1826 51
1516 741
2118 1677
565 2005
67 913
1878 2534
1813 1033
1893 377
808 463
723 591
514 1786
1648 1399
2251 1575
1527 2399
1954 2653
372 2413
2676 1062
1385 1716
493 1555
452 2553
2473 2027
306 1993
1674 2546
1354 2246
2595 538
1864 2633
1481 1854
151 2110
2197 510
406 989
2673 1538
576 2193
1673 2582
2648 61
1133 2603
1702 385
446 334
1854 1741
703 1710
803 1427
1247 2261
170 582
570 118
545 221
349 126
2602 1615
1898 962
1491 370
184 676
244 1952
588 4
2451 1338
135 439
1887 2508
631 623
373 1443
429 1903
1848 1476
1152 1001
745 2195
420 158
1342 239
1049 466
2492 1145
354 1175
732 335
863 1831
125 927
119 2158
1518 1653
2067 1093
2241 1745
680 13
2486 464
2219 1453
1020 523
403 2614
1470 1000
2155 346
2539 1058
2120 1843
1955 1524
1787 2259
1422 481
1449 1749
2672 59
1418 2588
2378 127
999 1365
692 1960
1629 2253
1510 207
1941 184
1873 2204
2425 1765
2621 208
1756 397
1271 1926
1665 140
2030 276
659 1620
2666 1337
1856 1232
624 401
2587 360
1215 2419
2256 620
1940 1548
746 820
2172 2486
273 887
2445 396
1020 2512
1503 301
1804 2389
1376 254
1610 205
2579 2075
1577 2044
1086 218
2112 2537
2630 1105
1978 507
2576 1779
1536 744
1 1003
1356 2284
1779 2518
1209 1527
2281 350
603 2664
908 1770
2392 961
1762 1348
1605 314
989 2595
761 1959
758 1812
201 1697
2444 1294
1120 1769
1737 1849
1341 2198
1685 2232
174 1436
34 343
2387 1262
2555 994
960 1836
1073 1363
1748 488
2121 2316
31 130
1539 2514
1305 1149
1284 1841
1175 1143
2468 1843
927 1544
2113 593
1283 724
255 2661
2146 299
1250 1825
2572 1044
2617 522
2394 1169
91 1566
2461 2340
877 35
2680 2637
1566 1180
2354 1615
559 1269
117 2272
2170 2348
522 581
567 2372
1438 33
1761 1820
648 1885
2291 1659
174 1683
1524 118
2137 1813
829 1395
864 1176
615 1402
1828 2123
586 542
739 1685
2088 2407
2093 1138
2393 1083
55 2440
217 675
2063 2025
371 2028
2460 1632
241 1537
1095 302
992 2004
1405 2310
1631 125
1145 472
2515 1229
1561 1803
2524 72
1585 247
1441 2568
2447 2627
774 2448
1864 390
2007 1113
1291 696
53 2046
2558 278
1851 2568
1054 441
1766 835
1593 1027
367 1125
1621 691
108 1630
2524 1844
1550 1312
460 941
1974 773
2322 1925
1057 955
729 1722
2250 648
439 1645
2322 998
390 2607
1297 510
1922 1919
2571 1236
1678 1713
2002 2314
708 258
1531 1179
2646 59
2517 392
242 2531
2130 196
829 1010
1856 76
1687 1924
1044 1512
2303 247
630 2030
2256 907
2260 2062
242 1871
1548 2214
2227 582
511 318
2391 1567
690 155
2616 1237
1607 2088
846 729
2085 1925
2338 1306
8 1549
680 551
45 1099
2294 2171
1728 819
1328 915
2526 1645
673 1807
354 676
847 854
2390 2176
2335 739
1736 10
1029 2602
534 928
1762 144
1149 1011
676 2413
398 423
470 1481
302 1921
539 168
2083 881
1818 2656
1971 2534
562 31
1654 238
1006 170
2505 1136
144 318
1158 280
2627 1277
2661 239
2021 71
948 1438
708 1741
1249 1802
1799 499
457 656
2097 1985
1948 2217
557 667
1649 573
32 432
2134 867
2356 1113
752 1553
933 2582
1637 1512
737 1216
1284 1644
1270 1660
973 299
1607 1140
1643 2141
828 932
1562 1725
2217 1267
201 345
1102 1811
2585 917
526 392
1494 68
1709 2005
1710 1938
2347 39
235 1633
2154 1359
92 2589
1208 35
742 1888
1675 2115
194 2578
411 793
2675 617
1825 702
1903 1854
1511 1715
198 101
1089 657
458 484
2028 2643
1278 1664
2497 2517
2097 2016
2447 486
2434 2270
1780 2276
837 1090
1777 2154
1510 1697
765 88
2413 2058
1072 741
1458 896
1825 187
323 1892
841 1805
1943 31
404 1385
1389 1658
2085 502
2001 1306
2249 1094
200 2535
1190 259
2400 617
372 159
602 799
484 900
1762 2380
371 647
2041 23
2193 1478
309 2185
1558 443
2261 774
1900 1826
23 258
1458 707
1721 1941
1622 1683
850 549
348 381
415 1898
2439 1005
254 381
2645 427
194 671
1428 1377
1192 2329
958 2036
344 1314
1127 1982
1241 1337
1393 2466
2296 2562
223 2580
2401 784
2545 227
654 495
397 1441
2178 1915
2490 2520
1568 2372
1138 1908
2512 2605
2661 2241
68 691
2072 143
1517 1841
1828 2573
1916 973
1572 829
1923 1380
804 672
194 2368
855 939
306 23
226 946
2430 950
1037 1122
2508 1846
2031 1274
175 1779
817 2448
1782 6
121 910
454 1752
2647 1072
734 1892
1027 1646
1530 2141
1422 1099
331 1109
2414 505
2281 19
80 1425
368 774
766 726
1941 1351
1616 850
1915 2354
2595 1029
1439 1650
2222 605
1413 1026
2358 232
2588 2341
1850 1664
2489 1208
2587 1009
794 2368
2533 425
1912 680
185 1584
1342 1012
433 2282
458 2680
1236 1466
6 338
879 168
780 1627
224 1153
273 1903
493 763
601 921
2410 542
1237 1963
1637 1939
2326 2507
935 2010
1347 1929
378 2004
903 127
2569 2472
2095 2331
1077 875
441 151
1491 830
1138 1404
2142 1990
1660 1876
341 1526
197 2381
1685 672
1202 2128
1995 1545
9 645
1152 1670
2367 2107
101 1850
1172 2578
634 2320
1912 63
10 2620
639 1931
597 2526
939 1579
1873 731
2446 1173
2192 330
2149 2081
927 2389
1463 834
2151 1298
2073 2206
1751 2603
2030 712
2574 2310
1036 2243
1623 499
2078 1713
2007 1063
2042 1765
2593 593
608 424
1287 75
2021 827
1491 983
145 1965
829 1079
1284 1808
757 2508
2144 1670
1929 1017
1454 17
1511 1707
1249 230
1829 581
316 1828
1180 2163
1341 2113
1412 1080
2566 1112
1078 830
1054 1362
1907 1043
1520 1347
1499 523
1665 2077
2330 1065
540 2409
538 1687
2498 2296
2093 1304
779 432
883 455
526 212
2269 2633
285 893
1414 1976
2549 2512
559 15
1193 321
2596 985
2678 411
1991 1245
87 346
289 950
919 326
1318 1872
1600 1058
954 1517
2012 344
1304 2627
2085 1271
1829 1416
2208 1903
502 367
1720 2055
2355 278
2481 1130
977 136
2541 1035
2652 958
997 2229
765 1525
1861 1306
783 1884
1336 1661
338 740
8 1926
2604 2059
2228 1203
875 1501
579 58
1681 420
390 2536
1975 496
2580 435
1424 1393
1543 2491
1721 2290
1488 2426
1848 371
161 490
836 697
1212 253
1390 343
456 201
1469 1583
1655 1584
169 2444
873 2163
487 199
1851 1982
2330 1050
1065 1697
546 1556
1165 46
899 1777
1184 2002
2577 1821
1210 2256
2395 1680
124 1844
1465 1470
1974 592
221 76
1162 2592
482 2407
284 252
581 2581
1239 1259
1656 771
76 260
2552 1960
1854 39
1945 268
1308 1971
2566 448
1936 977
111 1004
1156 1116
1597 1409
1565 2279
764 1465
2418 624
37 2024
1882 1129
1331 1845
1512 869
1598 2292
695 2423
1442 1376
1761 2618
1509 1713
1982 873
1503 2639
421 924
1244 2479
653 248
1466 1771
205 729
620 1049
1474 2176
253 781
253 720
837 307
2439 492
17 1134
1405 440
1357 2108
1170 193
349 2093
491 1486
2623 2374
2197 2123
2552 1173
717 2438
607 1181
339 866
139 1339
1874 942
1285 1601
982 2433
371 213
2597 2548
1185 1411
1845 2601
724 2551
2152 2265
625 2488
1448 2052
1223 2385
544 2325
1993 2392
1267 1935
2383 1677
2510 2348
987 2463
1195 631
1916 738
1107 1959
170 430
2493 1911
71 2303
577 2484
15 1490
2567 1192
2643 2198
2372 1506
1191 1721
1797 1790
1734 1185
450 2438
1291 1798
2543 2566
221 530
132 87
551 2574
1009 618
915 727
1043 847
1752 1324
1257 2180
115 601
2489 1771
1747 2280
438 1023
339 1579
330 2039
120 192
304 1011
1765 2500
1375 2437
519 1731
1742 1366
970 1898
1372 2516
861 1239
1499 2008
754 1173
1703 298
1452 543
2183 823
973 1317
1053 1128
733 1038
1952 2619
1974 2662
1045 227
468 845
990 2346
399 1433
1492 30
1033 2256
533 1731
1801 1818
589 2380
1530 13
635 1399
1866 747
314 1206
2207 1683
2195 1074
263 1176
838 143
1683 440
996 398
773 585
764 1743
299 66
1982 1128
1748 1141
2095 520
1042 877
2552 915
175 92
1585 2448
37 2680
185 485
2377 138
2405 2531
2421 1899
2220 810
2416 883
1424 1824
1173 1727
238 1662
2219 95
997 1393
2552 2116
1695 1562
2449 449
299 2084
555 1841
1892 2347
695 587
522 1068
2566 2265
2409 2546
1657 2100
2133 687
482 1113
1123 197
2030 898
2360 2670
389 1475
721 2642
738 174
1853 720
2584 797
603 2364
946 1839
2586 279
57 820
1115 875
2522 1814
351 1653
617 2583
91 1725
607 1160
2677 1878
1483 2427
1348 954
1353 2362
113 2084
1086 1821
1473 1680
45 270
1486 1054
1681 2647
85 442
1187 1309
1287 1882
527 425
2294 1134
1362 1092
2506 798
2189 2652
1889 2118
550 1617
1243 1840
730 1270
2583 1482
2199 1381
1521 1486
1010 2094
1023 126
1302 2180
75 2453
109 1289
208 217
793 870
815 1297
206 587
978 1908
2018 628
2401 2009
721 2351
1387 1037
2318 1293
242 364
566 397
2041 1651
2090 1267
848 1786
517 2433
986 1991
1341 220
1955 2348
75 2037
604 2610
166 932
2627 1143
183 745
821 511
2434 824
2049 2624
993 481
2207 537
1043 427
438 264
1640 2257
774 2323
2060 1563
1594 1922
223 2088
1488 1839
2515 1507
637 1832
1495 203
91 2055
451 2100
1027 603
2247 1538
1959 1342
1701 1286
1058 1805
979 1348
801 1898
1369 11
263 1902
1020 437
1747 1642
643 2247
2222 944
1643 2201
1491 176
997 312
1491 2394
972 1434
968 1401
1317 2301
237 1120
2388 2386
1695 2304
17 921
597 582
2108 1846
202 573
2662 2194
915 1868
2642 1202
1552 359
1956 1941
2641 2293
2606 1504
612 2042
2180 1596
173 876
853 971
497 2011
2226 940
893 1004
184 657
373 1340
327 1412
2391 2447
2440 991
1584 819
2482 1146
1495 2470
2496 1463
756 1661
2645 301
322 579
1571 1685
745 768
1463 2095
1589 872
332 356
2079 978
1349 1469
1874 2482
372 1553
2187 960
506 1199
1125 2224
2344 929
1392 491
1996 721
285 2134
2296 909
24 1886
1895 122
1491 661
1476 1512
422 785
1389 2508
910 1396
1101 1771
1616 1860
2271 2637
260 1275
2407 1355
2274 2074
2332 968
722 138
606 101
2397 803
911 1800
1178 2311
231 338
1344 243
2176 1339
1950 765
2324 1395
1577 374
2508 1314
1180 1983
882 2315
2499 1469
2077 1219
515 660
2378 1134
269 2507
59 2673
2469 402
1902 778
302 423
1985 2662
117 886
902 2227
2665 2169
2502 1558
1192 1797
935 1720
1271 2495
94 419
1686 32
1757 1787
297 2229
445 2235
221 1798
169 1624
2639 1640
550 2465
1832 880
2677 2122
2269 1348
2146 2674
1101 1624
743 1119
1007 594
1508 2608
2140 2492
2431 717
1175 765
251 1253
2535 129
1657 368
1876 56
663 447
85 880
2521 2133
943 731
92 595
2559 1638
1942 1611
962 2315
2226 2643
2016 260
2244 45
2573 1712
227 120
2672 1439
2381 2374
9 795
1241 1887
201 553
591 1298
312 503
1093 2460
965 1934
1215 2676
1736 547
251 895
461 1130
381 333
1743 2565
2270 2492
725 668
2178 2078
1267 1781
33 206
2411 398
129 113
2608 1735
2567 1750
1651 616
2465 1725
73 667
2075 547
516 638
2613 12
2275 1702
1804 708
595 1344
2059 895
1595 514
860 861
1992 1003
2025 282
2054 1579
767 1433
2447 554
97 488
1516 1869
696 2068
563 1487
2059 1609
2304 658
78 224
1687 900
1317 1910
217 2565
696 1329
2032 482
164 2643
2047 837
2384 2464
2430 1268
1042 1139
2679 1702
2144 664
754 2465
1670 1562
1195 2394
1073 1317
1712 1217
779 2651
1899 1113
2166 2433
1153 968
2457 1447
1399 1633
2363 2141
454 1738
2566 2676
507 270
2677 511
1441 2658
2317 432
2176 1876
2516 1483
2445 282
875 307
777 1302
1765 136
2212 556
280 1958
240 1437
1553 283
108 1734
1892 975
756 1586
1459 1847
1636 778
2640 1461
840 889
292 2117
326 2097
1608 1816
43 780
2647 1988
890 1685
1959 1687
1669 773
1297 2655
1946 122
31 281
967 1101
710 469
1852 1249
1976 798
208 2469
220 2195
228 2557
2648 706
1665 1789
83 208
493 413
2488 1894
2526 2144
2633 1251
1793 2490
1622 2361
592 536
635 333
2033 1590
1651 2629
1907 2093
139 1506
498 1613
181 1740
2275 1008
2274 1658
1292 631
905 1359
1502 806
1593 2537
607 1720
730 1501
1880 776
907 893
1077 267
1336 1619
1772 1482
871 2128
1722 2227
58 1481
2016 355
2051 1112
2648 925
2532 1382
1586 1437
2415 403
1203 2663
173 396
36 492
2066 691
2082 1754
1971 1373
2340 522
932 169
2255 636
583 816
757 715
218 434
821 855
1739 1595
501 610
2431 2579
960 931
1267 2218
2047 2283
166 2156
517 1848
878 2626
169 880
1189 107
1756 1098
2575 2490
1910 598
1465 796
131 1621
257 1216
2188 2439
565 1788
462 303
2317 2139
2411 643
133 360
2137 2275
1688 576
518 1209
1665 695
2081 202
2393 780
1061 1918
2576 633
602 1895
946 2099
117 336
1462 2648
211 750
2411 571
895 1350
899 217
2680 476
65 468
1852 1263
2514 586
53 1394
1550 1530
777 1878
1455 1222
1710 1436
2282 1003
725 41
401 1920
90 685
1248 2490
1636 1463
1857 1256
2345 410
763 1946
2078 589
2651 2530
1959 1475
1904 2111
2311 10
1576 2077
1608 2486
292 2432
2315 589
1378 2651
53 1819
763 1108
212 439
2502 184
800 1194
2045 1519
1449 527
117 2212
36 2085
1352 2049
1936 2078
1822 1325
1428 290
1851 1993
693 666
2553 506
775 1782
501 885
513 1623
2285 1163
378 1586
867 1692
492 688
455 111
501 1244
2011 20
1781 1512
950 1941
2497 945
153 1073
1289 39
1317 1573
630 2553
250 1095
985 1821
1290 1117
522 781
415 347
205 393
66 1497
30 296
1431 855
618 1427
799 1299
1560 2636
1725 2643
1892 1205
149 1339
1449 2504
2395 770
1200 1463
344 2101
444 326
1203 2123
2516 653
596 1325
1342 135
619 2275
1623 882
770 1847
1286 800
2282 1228
2105 27
417 38
114 1454
1027 1382
1951 122
189 1855
1321 2016
68 2145
2505 1185
1645 158
261 2566
2136 947
1614 131
2384 204
2383 56
176 1144
1344 2328
1045 2311
2352 1631
1076 346
1214 2208
1177 2499
1099 2397
808 778
2057 2161
1833 17
48 2415
1624 1091
1700 1559
2493 1720
2263 1066
1023 1525
1469 618
2234 2532
2208 2474
1320 1790
209 2571
612 803
960 1810
1507 189
2447 1310
2041 2156
1990 72
1301 2251
1374 2676
1145 2341
1207 370
896 2188
1846 1641
1720 2655
645 207
1060 2326
1707 744
1549 2315
1347 648
1998 1000
2174 1714
1558 210
1082 2003
279 767
2313 39
938 2271
2501 1995
1394 352
769 962
914 2103
310 2627
2150 2198
965 914
2405 561
834 954
178 1703
2081 597
1173 670
1501 915
516 1515
603 615
723 2577
2396 138
604 2050
1692 1691
212 2061
1327 459
432 738
987 1574
243 1177
1740 1241
2039 92
2663 1914
2032 2105
1219 1375
104 1712
852 1790
945 252
1049 760
1413 1966
1696 737
1399 1789
2239 838
178 2177
2149 2239
1358 2611
2588 1063
1458 1122
110 1988
819 1903
1497 1155
2531 1306
452 135
788 1183
801 552
783 2434
1111 13
1701 1107
2001 908
1823 460
2250 2615
2452 531
2547 1418
858 314
1433 1493
1985 1918
1741 1789
2093 1518
790 970
1465 2011
1146 2295
1635 234
599 1549
2603 318
1732 2355
2029 815
946 202
460 2192
758 2158
1382 288
1286 1336
2169 1412
504 1884
1357 435
2050 408
1303 983
2655 969
493 2322
299 1011
161 1145
2386 920
2039 2022
1040 1273
29 537
2304 2515
1776 2
1387 500
2517 2209
716 678
15 766
972 430
2575 1207
2021 983
536 1244
173 1936
506 1991
1885 656
1160 1843
486 1490
1140 549
282 1611
1505 1325
2636 2146
1156 1285
1897 418
1789 1404
1387 1816
1852 456
1662 1218
127 799
2636 2222
686 2491
1576 617
1567 473
446 868
591 542
2110 2287
2114 1527
2379 285
43 1022
2422 473
865 1114
1366 404
174 119
2227 731
1492 1428
2459 1075
293 2590
1723 730
855 720
1078 1795
500 1403
2403 1237
2197 295
1601 1331
480 1173
1910 690
14 2151
824 1722
2037 479
1523 1655
478 956
634 2297
2265 2625
730 1684
1118 735
113 1646
1018 43
70 1336
712 1091
1538 1991
1524 853
293 2020
2653 1737
1791 1193
2362 2120
875 631
1479 906
216 606
2001 558
2232 2511
498 1908
474 28
189 396
2180 2197
2575 2620
2053 2499
1095 735
2503 334
1938 2312
10 1461
2061 1209
1350 1461
145 894
2064 1727
14 1134
1442 1775
1979 812
1957 353
2448 2190
385 725
2628 2568
2591 1966
874 1465
2577 1652
978 997
1130 2135
2288 274
2081 1636
1029 1617
574 611
2462 1219
1150 1817
2354 2390
2182 1748
2626 175
811 2006
2575 579
2285 34
895 2667
2306 1677
735 558
1600 2203
520 88
1216 1370
941 1718
1552 2211
498 434
1488 176
574 925
1281 1593
630 796
780 2152
1483 2534
1543 1892
346 869
596 2577
1820 56
1089 1893
2447 268
2238 692
975 2497
2430 1813
1385 1606
1191 2142
1825 683
179 919
7 340
360 97
1094 1734
2222 763
1136 2120
1904 2156
1854 2495
2046 654
1863 2277
2538 967
2621 687
997 1728
418 2114
2159 2148
802 329
1847 382
2370 564
2416 1249
2223 732
250 856
1561 1198
715 1957
1298 34
462 1805
356 806
2465 401
2211 2509
2576 2617
591 959
573 2176
886 1726
970 9
2151 439
1194 2621
497 1133
2274 2501
2157 386
1206 2495
32 2311
1205 851
1557 2063
1561 2422
1147 2665
2123 2114
1614 245
302 1737
1593 457
1074 1663
2063 2343
541 2064
1291 736
638 2440
34 919
2582 2675
2281 1145
2197 1286
2004 725
1767 303
1431 1095
2661 1149
2468 2052
407 95
256 1465
942 2436
1503 1624
1960 177
1250 1702
850 2579
2554 1323
271 1558
2216 1634
2227 462
1718 2486
2169 942
474 1680
1700 786
2149 1589
2062 2274
1732 197
92 1430
2597 1113
1316 1941
2314 1628
1753 1832
2341 837
1347 1876
2134 280
1915 236
713 208
441 622
543 65
79 1475
517 19
621 2588
238 2540
848 132
210 1210
483 626
432 1203
1677 1840
1013 1448
1754 2316
791 254
1619 1253
1743 987
1961 94
1339 2110
529 787
2398 2665
2073 1177
757 1812
2495 7
351 1482
1138 1472
1564 206
54 1144
2670 1703
2093 2163
543 309
282 588
1423 1272
927 1022
2007 1541
1914 1772
442 2064
873 851
2048 378
2448 1817
794 1915
57 611
1563 1680
956 402
2226 2445
1367 372
881 1954
2143 2058
1373 2401
1247 1451
2203 1969
1640 740
1845 327
691 2119
718 1331
710 2257
395 2166
1242 1633
1265 2122
1301 1540
2610 2031
2361 1548
135 1396
189 996
2233 868
1339 2486
2000 780
2194 1981
1160 2381
2116 206
1923 2119
370 138
88 642
422 375
1686 478
2364 1987
2517 176
329 122
2258 1975
2291 127
1540 344
2534 189
851 1020
1246 1317
2400 646
790 1132
649 1119
539 2624
132 2285
1914 1854
2105 1140
796 1343
2404 2460
2304 842
2294 964
1979 2624
1272 935
360 2196
522 1529
2391 1483
932 343
958 73
1724 653
1652 1038
129 1890
245 632
2624 948
168 553
2610 1256
2510 1859
1021 2121
2494 1545
604 2260
2080 319
2083 1501
1436 2046
1061 1181
2121 62
2140 1696
480 105
456 442
2234 930
1476 2333
1887 175
705 2507
2202 261
992 2482
1787 2417
1117 12
37 2302
1276 2191
785 2546
1376 975
563 978
1683 237
133 556
974 2301
43 240
1899 2369
881 1840
2557 50
1457 558
2393 2423
1115 2452
2086 1437
1235 1050
2037 1539
2676 1091
2561 1220
2053 2136
2449 2194
1598 736
1449 2434
1037 1971
786 112
414 872
432 567
545 2676
1510 580
1459 36
766 2096
1409 430
1652 1786
889 1345
1485 2456
865 1771
1838 2519
2612 2083
1860 134
566 2374
80 1094
2504 594
2454 1869
221 1148
2367 1351
2054 821
1341 633
2327 2386
2336 2535
1915 1229
54 1528
2207 2585
1526 1535
1746 1745
1516 146
766 1205
2545 2645
1555 1873
2006 128
747 1051
2057 1871
278 738
1679 1475
485 2589
2036 843
2067 881
115 306
310 81
1401 1464
2044 2332
901 2680
1843 2630
1075 559
1284 1022
1413 1386
2511 2405
1867 2307
1535 512
11 1696
2458 961
1225 1250
2030 396
2421 2443
2381 1650
1788 250
1234 697
2455 2237
1645 2259
160 591
471 361
2347 505
19 1521
571 903
974 2249
708 983
1344 1830
2354 606
1407 574
2349 569
597 1446
1348 129
2381 2135
391 2175
143 2154
1876 373
2280 1800
1675 399
207 1818
2267 86
2232 930
1312 2384
1071 1295
1024 1698
426 2363
362 1959
406 339
1151 2515
1841 747
1458 1086
376 849
605 1861
296 1694
2680 1657
1797 2145
2605 1316
446 802
236 220
2175 2608
1712 2530
1768 1258
1863 2397
2668 1585
966 1687
2195 593
1784 2230
384 83
1194 292
1204 2550
2571 328
183 2589
1518 1092
846 1352
1865 2346
722 1081
2603 2672
445 2463
718 1306
1059 359
2349 389
2192 526
1875 1312
1062 1980
646 1007
2200 1732
2373 1436
1115 2617
2539 1106
764 2060
2353 2462
1195 1353
1265 2426
1371 1341
711 1041
2193 240
1393 1939
1137 251
2680 132
1094 2018
92 2413
1761 1132
1281 2560
2659 501
1343 817
1649 1599
647 224
1778 1300
1299 1024
84 1244
2624 2181
2358 2042
2408 213
2002 641
1541 813
1695 2499
1153 178
1944 191
2125 1659
1246 1929
1573 146
2273 2348
2125 1665
665 1066
493 2525
149 2372
2670 101
88 765
2654 1333
648 672
799 1156
896 933
1818 2106
547 943
331 2543
2420 1534
758 1804
369 1510
543 276
2251 2314
2613 1598
1923 603
1804 540
65 1218
1340 199
738 931
980 212
1112 1888
713 2414
1299 2352
475 2677
2640 2223
1742 916
2202 445
1377 892
2580 1761
1195 1210
1897 134
426 127
2665 306
2595 998
1815 1069
1127 2222
2453 2123
952 1678
2594 947
313 2269
75 2151
1799 824
225 156
2370 2607
1438 2200
1156 1925
1108 1580
1262 1956
1062 1309
2456 653
2182 953
2436 1439
1436 2000
1205 2042
1870 2487
2229 1580
87 869
2114 406
1630 1566
1514 585
1680 1357
1065 1892
225 901
621 1246
1467 498
1798 266
1856 1247
121 39
2345 631
2084 83
113 2196
382 686
1911 2344
340 2202
822 203
330 921
2508 381
458 1189
1007 1023
89 182
765 863
1854 2373
82 1627
1692 1420
29 237
190 166
552 461
1339 2523
667 2555
74 1696
1749 2477
2046 1607
2184 1349
2271 963
1086 304
1639 1829
282 508
543 182
2562 190
1351 1317
1770 2049
284 1601
2157 1191
1181 485
1713 104
1080 2041
1521 872
2523 2316
2392 2027
1997 214
2171 1673
371 2126
1314 2261
2402 1322
2497 1045
377 1040
2020 2372
2370 993
2481 2014
752 2249
1992 2184
1496 2272
454 1085
2511 1145
1770 2645
1792 1801
66 2088
2440 851
190 2036
2547 726
2098 2423
1834 1935
751 1070
2516 2421
556 819
495 2495
2000 1457
178 1321
1675 1206
2444 824
1910 1249
2061 1266
896 426
2594 961
766 1203
2449 118
241 929
1186 2190
2302 75
1657 1962
1590 417
2140 1757
1935 1441
2008 1440
344 2414
1082 2504
1995 1910
1290 1425
1489 1641
2637 1956
1040 1231
1325 1770
2136 408
454 1192
578 620
616 1255
2484 1568
2547 1906
2260 1292
1803 495
465 2037
1115 1017
1542 2328
245 1945
1594 51
2530 1313
1807 1631
2513 952
344 2050
958 369
2217 2109
2514 1656
2143 2526
1691 1888
1916 289
2660 1713
391 661
439 1164
1758 200
2613 250
1778 2233
1270 24
919 1996
1293 1424
226 488
575 1875
1099 1274
1849 17
494 1148
1754 1174
2130 1656
305 2353
2388 2677
1009 188
1527 653
1168 2270
1534 2213
110 240
1274 1168
678 229
531 1250
1920 684
1608 1672
2411 305
1288 1301
1484 1307
155 1164
1354 2652
2036 986
470 2131
119 2194
910 1863
1449 1649
1732 1336
1465 1106
645 1126
2527 1408
678 1501
1086 1634
781 2259
650 108
498 1137
1746 1878
2518 1568
1605 1186
1719 1227
2676 2199
641 1876
188 1016
1343 1851
691 2221
2318 2313
1077 2130
954 2211
2532 621
918 713
1003 917
1670 1240
2190 591
1261 2075
241 123
2225 2201
84 2597
823 1363
1320 893
384 2318
2178 858
1286 2439
1313 925
111 2168
2381 250
2472 2281
81 1944
1901 2016
2093 2631
1732 837
265 1055
1563 1901
2651 406
2158 557
1102 1199
1646 484
1178 2319
1300 1920
1503 1985
688 1392
456 2189
1583 1533
2367 2333
2079 26
2601 562
1606 547
1420 2532
1865 2337
2537 2286
939 1052
2289 2487
2609 1112
1261 1132
1085 1559
1451 986
2435 2592
1284 680
259 1574
423 269
705 2462
335 157
811 1240
2637 1946
2560 1008
779 2543
1816 2485
1152 2210
2521 1819
1681 1137
1597 1699
814 1363
2665 1878
2563 1620
1134 2096
163 266
1083 1960
2211 1741
2086 1238
2539 2396
1337 2208
664 1363
617 2578
159 1573
2268 1679
2216 2642
2448 937
2074 2456
914 1104
1935 1195
307 2134
2581 1694
1695 1916
2124 2515
1022 869
2422 2273
82 2515
1122 2612
699 1756
1977 1645
1836 1981
696 141
2525 1350
547 373
1058 517
1441 1820
555 2642
2503 2196
978 2276
1930 2328
239 2498
2428 1136
1000 491
2213 700
1912 30
2558 1949
1656 22
2469 392
600 2369
260 699
1920 2521
984 1268
844 2551
77 819
892 750
2258 907
2316 2561
53 2151
2429 1495
2559 862
1805 1438
296 2095
905 2133
1247 378
300 737
1043 1356
1161 1104
203 2665
1046 2294
45 2630
591 166
2542 995
2677 1613
780 1255
835 1356
949 1524
1547 136
1290 250
256 258
1353 1620
1493 1209
736 492
1156 1148
2491 675
1725 851
2117 1759
67 1569
865 746
1558 683
1693 1945
452 243
363 2213
2514 541
830 2661
1451 2276
539 624
1306 754
652 1387
1283 1821
944 1731
400 582
410 752
1685 1236
2489 2470
2270 2246
319 1210
2539 201
205 296
2399 536
1205 671
203 2176
853 1841
651 2355
2148 2245
338 2111
1113 1848
1371 2639
1185 77
172 2564
1637 2384
2105 645
618 1079
2028 1131
1812 2303
746 717
66 1669
677 1076
1581 1898
1150 2472
1138 1567
1647 2274
1691 1107
975 2198
1240 103
149 2256
1664 21
1461 689
1598 1475
1393 1960
1979 416
1265 750
1913 591
1489 60
1471 1506
2606 2320
278 2116
835 657
1072 2456
2193 1001
446 13
772 2655
2628 1300
192 1813
1575 620
2674 2535
2436 713
2122 313
202 173
438 1586
1545 1808
1601 1414
468 779
1109 231
2201 1572
2072 1116
2014 883
2130 407
713 1524
1589 2564
1196 502
212 248
2150 454
1777 567
1207 1099
709 861
1516 2034
932 1153
2213 1103
219 1994
597 1594
653 2417
1300 559
488 1795
912 2292
962 2393
739 967
126 921
141 1475
873 2236
2449 817
726 1933
1976 51
1859 1399
1987 1080
2115 145
2373 2459
1151 106
2518 754
194 667
697 2482
559 7
1378 2142
87 2583
2480 1677
939 1449
2160 2254
1293 188
2634 2410
1683 1940
1401 1089
575 1850
1597 1803
2348 2235
2515 632
365 1972
948 2290
877 2233
899 195
1268 1771
2338 1208
1594 1147
948 1916
2251 2299
1252 2359
865 2132
522 130
575 432
1224 31
1005 1437
2449 2132
1545 2452
967 2495
2422 154
1377 2438
2190 2421
1765 386
422 1053
2052 1324
2650 2097
2111 2107
2175 63
1415 1816
1240 2441
917 725
2606 1477
33 2495
184 866
1933 601
2628 1060
557 1079
299 1410
1178 1477
1478 925
1456 220
1322 2163
781 580
482 864
1155 487
282 501
2087 2047
1675 982
1512 815
375 251
218 1217
346 1035
458 882
2513 704
1044 2163
19 1247
589 96
973 1703
2579 1388
2306 74
307 1040
230 2327
1105 2124
181 2339
862 2367
502 2148
1965 1719
1217 20
2556 204
458 1901
769 865
23 543
540 2534
1759 791
1410 1913
1093 310
1125 685
1397 379
2286 616
774 1778
142 2577
1848 1012
1178 193
728 103
1357 1943
397 494
1603 2062
2283 1380
785 1990
1317 668
311 356
815 748
2231 902
1808 371
444 1092
584 2094
2590 399
488 2518
254 155
522 1175
1956 1770
1625 2410
1812 945
1419 2025
221 321
338 1100
284 2470
835 708
1878 685
206 919
2076 1588
94 1324
1031 2553
1203 2077
2235 2657
2359 803
1161 1000
2677 392
785 380
1719 2261
131 1861
958 2187
1478 746
2499 146
436 1262
464 255
2424 1785
1716 966
729 587
1184 582
2544 649
572 2452
1014 2406
1918 1983
751 2028
1522 267
1866 1343
132 617
2047 1576
636 1114
507 2288
340 2008
1265 1286
2162 1198
347 415
1048 1813
634 712
309 1081
1496 530
1449 1391
1845 19
1730 646
577 359
54 930
1314 636
2486 722
1136 2071
471 2487
1677 1109
1300 2329
1688 781
1858 1362
519 1677
2027 1085
1401 1131
95 213
2440 2582
2088 527
770 393
2605 2327
813 954
1961 933
343 2340
424 1448
1469 1433
1983 1005
1541 2601
2550 382
1676 606
1308 1151
605 19
734 1376
692 2369
2321 107
1031 578
2377 764
1396 547
144 2109
2334 905
1350 2137
160 2645
2437 784
1951 2036
2202 2506
196 940
277 477
1669 1678
1020 1375
1823 1794
1947 1651
343 1433
863 1458
862 1521
2540 2402
1002 2645
1322 11
1185 308
937 1380
2430 1236
2635 978
1830 348
2207 1523
2440 99
1224 923
2290 538
2350 1317
816 2425
754 753
1155 1990
695 2514
245 1855
2599 969
2628 1599
1019 2413
2474 2532
2521 2569
2453 1602
1736 1920
1418 2068
788 525
866 149
1942 1256
2321 380
2630 236
3 1307
773 206
2461 1909
601 1555
2274 1125
2500 1805
2149 1820
2552 1226
1834 557
1223 1513
1985 1955
1424 1512
554 614
1991 1033
1405 363
369 673
263 1618
1119 745
1787 1018
1240 1164
1739 2564
681 583
2423 165
1970 2147
712 309
858 1771
220 1266
1559 2172
2088 669
2521 1734
1023 653
525 1555
701 1554
958 1240
1688 1584
907 561
832 1932
948 2356
585 929
1041 1007
1955 1968
2019 1008
809 1902
2429 2182
1772 465
916 2341
578 785
172 1869
2188 1822
1009 1541
2636 2107
484 15
1752 758
1572 498
1727 1363
21 17
322 279
277 767
458 640
553 2369
8 259
2157 957
1838 2580
2027 929
363 565
250 2305
659 1719
491 2540
596 2465
2368 258
1155 1715
1602 676
328 1516
2107 363
2082 325
2376 1717
257 1305
2149 1625
773 2146
1580 723
1990 743
651 256
1269 676
725 1061
2445 988
480 1558
1466 774
1524 1052
1444 670
2383 2465
2185 1152
1079 795
224 178
1655 2066
481 1503
842 184
939 1393
345 344
1792 219
286 2138
2285 866
1178 840
809 942
1659 2230
331 2127
907 1079
511 286
2579 1959
380 1323
883 198
2024 422
1902 1560
1756 1645
2414 337
2379 993
1492 2060
2562 104
2437 1854
2218 2231
637 249
1096 12
1626 2405
1889 1111
108 262
1631 1457
1155 266
318 19
311 768
599 1385
1422 1049
1241 835
1125 2056
2250 1828
2666 2269
2270 684
1187 681
2103 1815
157 1394
96 1509
691 624
1859 565
307 578
810 25
1552 647
2596 1571
2111 1944
33 1661
1604 2317
1166 2125
825 515
646 2409
674 2655
1421 668
1513 1502
2210 2425
496 1317
438 609
496 1979
933 2119
2160 67
2143 1295
1813 1026
1572 83
1386 717
2171 1299
864 2205
38 1846
1074 82
553 2250
30 1132
123 613
807 1232
1462 1340
1790 739
466 1782
1739 556
2443 2108
2603 1855
1344 265
30 2408
2412 2018
894 1050
2570 2424
2041 781
2432 2632
24 1698
1212 1810
70 294
682 2552
159 2146
754 2423
1638 2121
438 1580
945 248
1148 2222
992 1754
716 1343
2309 73
1961 1262
2552 826
2469 1988
996 1300
878 2301
2561 2122
1075 993
671 1841
2122 756
258 1907
1053 2508
131 2007
22 2175
2271 2018
1221 1578
1914 824
1998 1145
782 1404
2676 1949
872 1076
2570 1657
940 1530
374 2217
308 671
2051 1799
301 2213
703 1791
191 2094
348 221
1986 1400
2533 2532
441 2599
1617 882
1714 875
967 2149
1684 2185
1925 2142
199 1584
1999 1470
1169 2419
2563 2634
583 838
1009 2309
2010 1478
435 2068
2572 2255
2675 2007
696 1250
68 490
47 1913
1283 659
320 2206
2528 989
636 553
636 2085
885 298
170 2296
2637 68
1617 1384
2079 1230
238 1713
555 1265
651 93
895 1239
208 637
209 59
1297 1613
2513 2245
394 1846
2629 1395
1231 2632
559 1371
2178 1577
139 1939
1318 599
1966 558
1388 2235
1733 2280
1746 1220
85 1385
1702 91
135 1461
1746 1130
201 370
245 1445
1616 2049
175 695
1070 2632
2255 766
2172 1018
85 1941
2065 355
2214 1590
1960 1684
1173 751
2126 2097
2254 86
644 2286
116 2479
761 44
1786 2494
2101 672
1465 714
1374 1521
2316 1134
1907 773
1317 341
107 2473
2271 2508
2307 1059
807 113
75 1879
922 2187
748 2658
1495 1657
76 1805
1570 1007
2238 1588
1573 32
2024 1631
159 1513
1787 2588
2042 1882
556 535
1813 263
891 440
425 2642
2046 504
1945 2158
2132 2588
2044 1649
2266 316
1266 338
1081 2500
1191 2021
2280 1650
1762 1156
342 2112
1830 677
2104 1293
481 236
31 2538
322 106
2653 2179
1557 1452
122 71
2447 2563
1528 2003
1959 1852
508 1402
1732 1688
149 882
1983 471
720 1682
22 73
1332 2568
991 2440
556 8
443 2143
1050 1147
2585 804
2063 717
2352 1415
571 102
2172 711
588 872
1728 1376
1738 1658
848 6
2103 2637
993 974
1389 1741
1747 2348
1008 838
2315 2243
2235 2435
1113 1486
83 2589
596 263
1262 2197
886 1783
148 7
2282 1484
1666 1493
1467 2463
2347 542
1789 1719
2016 1338
2529 1660
135 2016
2274 196
724 442
859 1565
1220 971
650 2434
53 1766
1299 30
1471 2020
1763 2492
2182 503
827 2664
2034 872
1905 394
2363 1803
1391 448
1348 753
1091 1562
822 990
2506 2514
613 119
263 925
1129 2449
924 2401
1553 1884
1903 800
520 1745
2050 1540
1122 2159
445 496
1534 2489
2514 2251
1971 168
2136 848
695 1404
1644 261
1695 2187
2355 502
1977 2142
1419 1154
882 263
809 1366
1762 2485
1229 227
2401 2619
1934 353
1139 396
1270 124
248 1354
1633 963
2371 221
2240 101
837 577
2359 2581
2486 558
1774 1729
1306 218
2625 2484
2420 2456
893 2223
2148 1241
1743 1826
147 2352
2151 2503
641 428
2324 124
1378 87
991 2368
2672 1343
1768 2331
1970 1367
675 2323
211 568
497 132
2467 495
593 787
927 281
1453 54
2296 329
438 149
2439 1854
858 1702
2599 2574
582 1184
304 623
1226 2004
1450 39
799 995
409 1370
770 2130
1261 2572
892 1351
1625 173
1108 939
123 309
1668 2064
2064 1594
780 2242
2057 1784
2059 148
2080 958
751 1908
1661 1571
1159 248
368 1254
1245 2598
507 2486
509 2246
824 901
2 431
810 1013
40 1795
452 13
2044 2395
661 1776
1785 115
1469 2529
1040 2207
905 2219
1878 1455
2679 1030
160 1361
1935 484
1553 2511
2385 1117
1353 2300
1770 1626
2498 2222
327 755
285 1508
2333 678
2429 1630
2013 845
1300 735
2183 977
2275 2016
310 1816
2232 2355
1255 2539
2379 286
17 1345
991 847
105 160
793 2665
2652 1905
17 1533
1173 1539
1728 1078
1405 2419
629 2104
1389 2164
1019 1617
1 1740
1572 527
825 1603
1376 1896
923 1811
1782 1649
66 1750
21 1556
1157 2259
2492 17
1596 246
578 985
979 1276
1423 1368
887 1955
2571 2559
1597 327
2101 1413
65 752
1923 246
2473 1947
1102 1908
832 1360
926 1970
503 333
2368 586
367 290
2567 1088
1038 325
378 2625
1248 966
1994 780
1578 1427
1185 2594
1766 2466
1033 1535
1713 2531
1371 1127
818 993
580 87
2627 173
2127 1626
1803 2080
368 652
514 1516
2537 2040
2449 892
2465 537
333 2488
292 2212
1413 2342
906 2284
900 1520
1778 607
1342 850
584 1109
778 1969
2597 2481
64 274
1865 356
1030 571
1880 180
2253 182
695 524
1841 1226
193 1635
639 2219
1559 1574
197 435
2343 1076
2526 1077
1842 1583
946 2010
1043 1395
157 966
375 1980
1663 1670
1078 2673
823 577
2239 1487
987 1786
1746 552
913 1382
185 906
26 1659
2504 2671
1332 1773
1056 2200
2257 1704
2547 2659
648 1681
656 2534
1313 1768
109 2374
255 2201
2061 1206
291 931
1930 1747
15 1449
873 1694
1074 592
1359 338
500 2367
774 367
2416 1918
1400 2428
1391 1812
2351 1888
2035 2603
167 534
2237 1298
492 80
1649 528
801 792
582 132
1901 1345
590 566
438 291
891 2446
2391 2136
2387 549
312 2245
240 2553
1679 2408
1313 978
478 1343
434 618
293 2320
230 100
1285 1368
394 1587
1399 108
2614 1097
16 2521
2217 1679
2045 1028
952 177
1976 1306
1010 2610
1708 758
1648 937
2512 183
650 1076
1705 709
1397 2138
688 1902
87 1979
1571 1445
43 1161
944 1654
241 1210
1407 216
2139 2560
789 468
2506 2076
292 901
673 1445
1552 1424
967 688
2671 252
305 122
2056 53
192 2450
2489 1431
313 2476
2428 1895
653 1599
347 1296
1857 2167
875 862
1548 2093
255 655
1503 1053
1814 122
2041 1596
2576 1010
2662 1183
1330 487
2654 2631
1994 1322
1701 998
2556 2281
2624 2044
1252 1739
592 1991
2065 1142
1000 1977
2671 2106
831 1866
153 1954
1696 268
266 755
