2798 5540
1456 616
2593 1747
1669 1411
2757 2784
561 109
1544 1912
2693 1001
2080 167
1694 2256
842 1259
2571 683
1817 609
1618 2445
1369 2729
892 712
1608 2334
302 636
2494 1985
2160 2727
954 1104
2568 1514
1267 400
118 1890
415 1728
662 2092
1337 774
1673 961
2676 733
2143 2724
1224 2201
464 179
1980 2579
1419 2479
1605 900
631 2022
1133 2639
1210 2292
185 117
444 873
2208 846
1339 2797
61 2726
2042 957
2752 1791
2321 2082
912 1665
430 1228
1846 357
1180 1839
1091 2703
1438 2380
476 208
1722 2287
2089 446
2727 935
50 1427
2234 2733
2729 2052
2714 274
275 900
394 1735
1402 1666
1929 895
877 2049
1176 2437
1447 2343
1201 1407
2773 1113
2163 767
490 2278
1991 757
609 2240
341 251
1092 1365
258 2146
1487 1524
2065 1780
1883 2702
2292 1927
769 1325
524 2709
2127 22
1769 949
228 2525
2097 700
1090 1104
298 2304
2647 1156
1975 2232
2169 2058
526 1935
1089 2482
2486 1700
1993 1464
717 2458
96 279
1037 1054
1709 1429
2072 1392
162 2533
2730 2705
1025 1341
2282 2103
2146 555
1780 2778
2176 674
1774 1218
1065 1196
789 2730
1855 2692
2343 1911
1316 926
113 2053
2382 999
2396 106
2358 181
333 872
2208 2363
1688 2511
2214 2628
1674 126
1016 933
1460 883
628 806
450 1758
1692 2749
1213 862
1163 608
2183 242
946 259
591 627
2580 409
1982 1826
1904 2056
2728 1967
1596 1183
748 443
616 1179
1482 219
2160 1692
2088 2036
2054 962
867 359
1586 2572
1986 2072
17 2653
2637 759
898 2387
44 926
2520 41
2592 1564
91 2554
1796 2033
1894 2141
656 1165
1373 636
2595 1431
778 1336
721 1699
254 613
371 1249
1999 2523
2663 2654
2590 2043
644 334
523 2551
1314 1778
1226 113
2789 954
1376 397
609 1756
829 446
690 1189
1777 1882
552 2019
2647 2137
347 670
2719 1744
683 2728
500 2259
696 53
105 919
800 2422
1063 210
311 1271
1423 285
793 271
310 1148
431 675
1969 1439
1482 2359
1535 2050
192 727
526 1886
61 1643
385 2763
1125 112
2283 2015
1339 286
370 2717
2211 91
1411 302
1260 791
245 670
1560 482
2053 1534
2707 395
2298 632
439 663
2219 811
2561 1664
1577 2315
1347 1801
1952 2482
2193 1132
1069 1268
1816 1514
678 746
164 2335
647 1386
2718 1780
2032 2398
1269 2214
1648 1145
1329 1749
1536 1051
863 2583
1996 223
1932 1388
474 1862
2490 2359
1801 549
556 1583
2000 800
943 646
60 17
1747 28
1893 570
2480 970
62 1077
177 201
172 2142
365 2736
1345 2682
2524 1562
1054 564
2454 292
123 1124
1482 313
727 43
1144 2459
1176 1080
516 1052
1046 275
752 724
267 1322
678 1488
1384 113
1154 1410
2584 393
2351 2305
1903 344
2134 743
1322 341
2651 1532
553 1556
1139 1066
671 1643
1147 723
1039 2082
903 646
1206 2527
1570 110
1332 1664
1780 2606
2263 1464
1588 1074
2051 2667
492 1066
2142 1806
1604 564
1892 1701
1994 854
547 2375
1260 37
1440 694
1522 1064
2290 2549
994 1321
2433 2615
1471 2446
2383 1058
2493 2254
274 2130
2219 2546
1615 827
1470 2692
1978 164
871 2099
37 1072
2033 2442
876 1098
1979 695
1236 2524
725 1794
232 2483
823 336
942 673
2087 2387
1111 1112
686 1707
1761 1796
231 1451
1131 1330
2556 2113
1539 400
2191 2776
1447 1798
418 1685
413 1945
1834 1024
655 148
1832 343
234 1533
485 1428
2738 794
316 1690
2742 285
298 2617
2113 1427
1527 535
780 2794
2090 1292
1583 2079
2353 225
1097 469
1170 564
1447 1349
853 813
1280 1896
716 21
2235 1275
2058 753
1875 1771
253 1541
2536 1507
1593 1340
1360 2716
175 946
621 2419
1562 2764
1579 2732
2596 466
1219 1724
1398 346
210 177
915 2309
2317 490
1192 1684
2007 1334
2280 1431
25 1514
466 1278
425 1543
515 1782
2095 1885
1456 2574
1904 989
1033 2208
650 308
249 447
2422 1054
1326 1045
1821 1254
1443 1176
447 947
817 1
2550 1554
2562 2073
2445 1203
1513 10
2643 1805
373 2421
236 1772
2767 2239
2370 669
1862 1163
1435 2214
2712 837
2619 1258
2245 2023
1255 2631
874 223
109 86
2357 710
390 796
345 1943
1031 720
1423 2251
1531 1475
2639 1390
211 616
453 1818
685 2735
28 1341
1226 1462
402 514
1541 1880
1754 617
1403 288
1579 1527
877 1810
42 620
328 2215
306 1309
89 1305
334 250
1673 2108
2490 1236
1884 2351
1977 906
2392 1139
2284 2339
2063 847
2011 395
1975 2128
1581 2730
893 1463
576 870
2197 31
1396 682
1445 1948
1558 101
1465 426
1016 300
861 930
134 149
650 165
1846 594
2102 297
2456 1803
2361 711
653 1924
4 1093
33 539
803 273
2466 1622
2315 231
2290 93
1363 117
1623 1202
346 1893
375 1854
2479 1945
1890 1861
913 1058
588 2119
1614 1171
97 1184
1532 2706
355 2469
1544 406
228 573
1433 1942
870 1881
707 820
2043 2437
1343 1802
63 532
531 243
154 466
2081 2000
743 625
2583 645
2199 2300
2569 81
2648 1219
2113 1627
1800 491
246 2121
1560 1122
2452 2440
109 1759
212 1656
1473 838
667 1150
54 746
1176 1901
772 1766
917 1675
1061 2436
1817 872
2305 2478
173 2253
1992 2091
828 1992
212 2320
1051 1634
134 1368
751 1585
1746 2464
80 90
206 560
536 1535
1933 1492
2665 208
2675 523
1941 432
862 2249
698 2085
1918 2044
1165 2752
1522 1883
2627 173
1892 1483
2115 2271
445 2648
2367 1400
175 477
1765 1301
2709 1576
2263 1284
544 1269
777 2431
2700 2488
2410 1843
947 952
2577 2355
697 72
957 6
2058 804
2685 1906
1318 1481
513 1306
1878 2126
1088 2788
1886 2427
2165 1806
152 1866
1324 2431
1402 477
626 1361
1003 1501
495 1864
1331 2704
2469 2696
624 2138
271 2703
922 2542
1450 1427
1985 2409
697 2160
480 567
1260 1083
1705 2507
322 1461
407 1611
884 1326
108 1420
2346 2631
1453 2245
1451 2077
1106 2576
2717 778
1284 389
1768 1450
2313 192
2424 1416
2638 960
2581 782
78 489
2163 1155
1900 1261
1478 1882
1988 942
1691 4
1774 882
1496 880
2667 906
1211 2414
85 2599
1222 4
1033 2568
1498 1289
1446 441
939 4
886 1604
2046 984
1987 261
720 1957
1833 2221
32 2369
2655 2786
227 97
1929 2646
2505 2246
2126 437
1047 1736
1855 2599
21 1711
1912 3
1983 340
2349 172
1905 321
723 775
1088 170
1253 2727
1630 993
1791 1671
651 2007
2511 2224
550 2682
1735 123
2704 1775
2102 1373
1825 703
2747 270
741 407
852 658
2172 1652
1691 1142
838 131
1183 236
1934 1620
202 959
2585 880
1590 1023
1425 2784
2343 1853
2598 722
1639 2455
919 2733
1328 1617
786 1302
1429 2320
1995 39
259 1021
1099 2451
2543 107
1196 327
2459 383
2063 2275
1082 2546
770 1312
458 258
1329 2545
1846 2181
1729 272
2257 1441
1399 614
1573 1139
511 2552
1530 1814
472 2055
751 2539
1492 1527
1821 1142
650 149
1327 2425
2303 2794
310 2503
2265 2010
1167 873
1173 1220
1504 2622
1024 185
508 1487
972 2291
1796 2382
2283 2036
1927 456
2789 730
1651 1790
1301 309
1714 318
2000 2322
311 1630
2317 1644
2228 493
1630 1546
2127 470
1390 2360
1327 1216
1930 134
2440 1302
979 1133
323 2108
1986 218
1198 1470
1066 710
2505 120
2123 1370
2733 243
47 1411
1471 1825
2500 1942
927 1398
924 2301
2287 2329
2474 1487
1368 2772
2618 2391
2642 968
2240 1497
838 375
164 2277
474 2207
1149 1368
845 545
573 267
643 207
299 1364
153 2355
2732 1455
1456 1573
1044 238
96 138
2087 1041
2364 1981
1904 1798
636 171
2348 1723
2575 2665
1460 2226
393 1857
549 1151
822 381
2787 112
395 1941
1682 1200
2612 2032
1788 175
2341 1379
57 112
999 2593
2179 1890
647 2504
2680 1839
766 2271
2244 61
2728 868
702 795
530 26
303 326
1723 2203
1861 2721
27 858
1418 1177
1257 1340
1838 2433
1677 2152
2740 1998
96 979
1143 1952
315 980
1754 1934
1749 1190
2191 770
1623 841
2477 1060
22 1040
2005 1996
855 1710
2263 543
1941 1555
901 2403
1220 2484
1177 765
1138 1079
2718 195
2727 332
660 2589
306 2391
2523 2337
567 2265
2255 1996
2784 2308
64 2232
317 1504
2112 1985
953 1127
301 1749
1147 1368
910 1793
1212 1780
365 237
1110 681
1668 2363
324 1094
2322 2033
1481 357
2542 2643
882 1653
2088 2695
1919 939
1849 552
116 1517
141 728
2270 2357
1490 894
2072 1467
1431 1861
1056 2596
2783 1129
1203 1378
1475 955
2489 2034
1858 2731
1783 294
899 384
1665 1447
116 1380
2539 2049
1400 2189
472 1707
173 1458
41 1863
2377 2472
1715 1257
2737 2641
1768 2784
2309 2600
1937 1462
1541 1851
1057 114
52 2586
2401 738
199 355
20 929
110 1334
1516 1858
1946 208
324 1738
2329 2088
535 2707
1850 458
1167 384
2152 2034
2157 744
14 205
2225 1539
1067 964
1448 1805
2070 2312
476 1840
1661 2276
719 1089
781 210
1362 2684
1274 608
165 2319
167 1370
2424 726
2353 935
1407 1244
125 2413
1046 1358
540 377
964 954
1055 1221
132 1887
182 1705
1150 2270
1024 2625
2318 866
1669 384
1701 1024
2252 2411
886 2255
33 1837
2022 1786
810 24
379 2669
856 2714
2697 1414
1499 1555
2265 2784
2342 2129
1431 1563
1624 529
1160 1157
314 1114
117 489
2447 691
555 910
1946 1188
2056 185
882 1826
735 536
1864 692
1297 390
679 1698
2180 1516
2296 2451
613 2683
911 1851
1843 1355
346 951
531 2483
69 1588
401 1313
1517 1719
327 1653
2039 932
1803 239
1540 2167
1170 1670
803 2658
29 2437
1897 2305
1484 2745
1503 2175
902 1598
2362 221
2137 291
1638 94
97 2690
1225 1277
861 671
2593 805
1064 1024
1791 1974
127 1676
1463 273
2315 1337
717 2383
2126 885
2224 1529
880 2521
773 108
2083 404
1766 599
1932 1604
1970 2779
2674 1498
630 1435
2520 1257
2780 1061
2273 1106
2491 883
834 1174
1553 1692
824 1741
1300 1855
332 2475
2121 267
558 2667
2322 1435
396 1168
2317 625
1163 1802
1935 1518
1944 728
2398 1111
394 1159
342 860
924 788
1538 169
336 1666
588 2765
1412 2173
134 723
1554 478
36 1086
2441 620
2013 454
2788 97
1842 866
915 2039
1909 764
1625 2082
406 1766
135 323
2480 1931
1342 532
555 1251
495 2765
792 1745
1823 958
2118 2734
2793 1713
2335 1266
942 1663
809 1163
2041 2610
1888 2767
1159 1191
537 2406
2187 1965
289 1521
844 2790
1875 1891
125 1107
2196 1494
1622 1796
1880 345
2047 1006
2338 2504
632 765
443 385
1251 1552
1544 376
1988 2562
756 2292
2795 394
1076 1566
2092 1259
2450 1073
2158 2698
222 1899
1762 171
1090 403
2220 2747
312 2496
1527 517
1502 478
1377 1917
377 1660
507 987
1849 2487
2433 2162
1459 331
2420 2369
1060 1333
1700 111
2150 1131
47 1220
1613 973
1240 1758
1373 303
2762 1515
1069 2198
1347 1672
2362 479
328 11
2184 145
1178 1110
136 1418
1988 558
129 2557
2320 1719
2629 792
188 830
2748 1701
313 1868
1382 1110
2435 2131
18 125
1098 1418
1014 1202
2248 2363
249 950
903 2366
1699 796
1561 2538
256 2693
2272 728
1242 683
2355 1470
1465 1914
2788 1534
2196 1708
2181 1029
1305 2184
2605 33
2359 1248
1024 887
9 1017
2675 2391
1348 1549
675 2554
327 1511
66 2014
1002 808
1510 2411
150 814
737 86
1334 938
2630 2071
1768 2658
492 1383
870 1350
2053 608
2440 1610
2085 756
1909 2262
776 62
2502 2665
2775 2266
918 268
1948 1510
489 632
1478 1033
882 511
186 2
2705 1201
1428 559
2618 2453
149 292
798 2632
2231 679
2466 990
266 1998
2234 108
2418 2766
2146 2465
399 2125
222 2548
830 1421
1061 950
2774 2080
2785 506
1412 2692
441 510
623 2345
2150 1902
2222 2072
635 1777
1066 1196
889 164
1689 683
2561 1382
2150 2761
2092 950
1875 2591
1836 928
1106 2497
400 1463
1121 1632
1002 630
2403 800
1418 236
543 2040
982 1280
2466 1928
609 904
1260 2736
1236 217
1996 186
526 1196
960 360
419 2014
1879 2086
745 329
2496 1524
1998 2002
1085 1459
247 204
1930 1832
2487 2245
855 2020
1243 2469
1869 545
665 2727
1908 2306
1040 300
611 2288
2361 1935
1520 2313
2500 1984
1422 1021
2600 1233
2585 1417
819 2298
1762 772
1582 1504
1940 1489
78 887
2537 1975
1136 2472
1053 468
540 1390
2671 76
567 2466
2319 2480
415 1683
2661 1755
2300 102
2553 1662
1582 2238
139 2223
1260 76
588 2377
1939 1567
509 2696
324 637
1959 10
1296 358
2273 740
2436 1258
1776 2079
125 1498
138 858
1267 1824
664 552
552 2444
2766 910
2105 1846
218 2380
2382 1398
1297 1621
2791 2237
2129 1803
1714 750
295 2708
1576 1108
1838 1688
2304 2733
1839 2189
1218 2415
278 776
2443 434
2069 1903
437 1711
1692 1146
2592 1756
607 2234
145 1687
1743 1054
2069 1770
2628 811
1390 258
809 1511
2682 2274
2308 2295
1287 2310
43 863
2528 736
198 1341
1889 1434
1865 1332
197 1231
1551 930
1238 2736
1543 2351
115 1408
606 1490
1912 259
1357 1277
1581 2197
767 1520
1897 929
2593 1189
2336 2724
1038 698
114 1006
1815 825
2508 1601
954 434
1320 739
2777 1622
728 1696
2639 1609
217 406
234 608
2262 2786
1288 2075
1699 2160
2116 1018
1163 809
2137 1452
824 1850
2264 2165
2577 18
2527 2690
2123 2027
1963 2083
489 1013
2265 823
2632 380
686 722
995 431
767 2313
709 952
2117 1619
1692 690
426 2477
1594 1383
2201 953
1002 68
1042 837
2679 1021
1798 751
322 690
1032 849
131 721
1887 65
1482 1558
17 2154
1154 2257
800 2374
728 1299
2487 265
2095 1296
562 2679
1732 649
797 2773
2772 2790
1836 1575
1411 1477
549 973
1252 1210
776 2496
1360 1361
747 1996
2379 565
2025 1935
582 243
153 2128
844 2519
134 827
505 1800
1349 690
446 1510
723 1877
1263 2113
828 62
201 809
779 726
1197 966
541 626
4 1143
396 791
1880 2278
1015 209
1896 1800
2406 166
377 1474
784 215
317 2502
2487 1691
1904 916
1346 1352
2470 1095
1272 2193
2365 510
2577 1513
2448 884
313 2397
1102 13
2775 2388
2441 1056
950 379
352 2727
2619 85
61 180
1630 423
504 338
1924 1355
2449 129
2237 2146
1293 871
1934 427
458 639
794 749
368 2330
2014 1558
593 1547
228 678
1777 608
111 2627
758 463
2227 1428
2444 1478
1597 1071
1764 2782
2770 2005
1483 2784
616 41
544 455
1144 1973
481 2456
2773 1798
1815 1532
257 1051
837 14
1502 1761
84 79
1778 273
1836 680
2034 2348
1069 1041
808 1084
1439 1487
92 2161
291 1145
2303 2492
632 1211
1707 652
2660 1120
2089 2179
743 219
1019 1781
1905 1943
679 1340
2236 2183
2367 2226
1724 595
1577 850
2194 1165
1103 1771
544 2706
65 2209
936 1581
105 325
137 2167
586 110
693 64
86 1604
2168 2311
1670 437
143 2035
2311 422
1531 2489
2115 1272
1910 700
2439 2495
2337 2583
1092 304
2335 1608
877 174
813 498
1724 70
1666 1531
399 1371
2421 969
319 443
2125 242
467 1101
2182 2125
360 370
801 113
1403 1279
2429 1019
2782 897
2768 1486
696 2227
2410 1145
2005 860
1177 2314
1532 2469
1468 914
61 1275
1990 1866
1784 1624
1419 1162
1754 734
1513 2585
2537 57
2575 2516
2418 408
956 1533
2550 1764
2095 1607
1763 185
1112 2583
1203 92
1584 2187
1458 581
1829 2549
1567 807
673 446
1957 663
1169 2646
1013 2485
2434 1103
1988 1550
1175 2239
1991 238
662 1025
1070 453
2633 2626
39 2788
2230 79
1093 2315
2388 281
2014 664
1122 126
1526 1527
2156 724
2260 1317
589 2676
2086 2490
2275 1692
1275 2320
754 2472
2461 992
1170 2553
604 1664
2711 833
1031 1481
995 1817
582 1551
1248 494
461 710
623 2019
2263 2121
2590 2334
2702 2384
782 708
2782 2666
6 131
1924 995
1061 2226
1633 1059
1655 1592
913 124
1666 1313
618 99
1460 635
1416 1739
2120 679
1314 338
683 2423
592 776
1508 666
1377 1528
634 1637
2517 1936
471 1375
2359 1645
2647 911
2480 1355
181 200
2255 1131
2761 1541
211 2473
944 2384
1724 282
2537 556
1867 2088
1276 2524
2756 1737
2752 697
1299 1119
596 1784
2039 2184
828 2450
1340 88
877 2070
608 578
2238 2374
1824 1476
1532 2408
2636 528
895 604
2313 75
2484 393
1536 1892
176 757
1782 1511
1023 1285
2144 1195
1760 705
2402 347
29 1261
641 1071
1201 1167
1268 1988
1716 2090
1177 2595
628 2048
614 904
2609 1469
2066 1640
2792 2074
2391 2421
1650 1030
918 1443
732 1889
1114 307
1891 1470
1073 424
1778 870
223 1431
1254 1285
976 1861
659 209
746 1949
483 457
2775 2283
1750 576
2104 1833
1031 2695
2736 1322
2735 2603
2322 1172
1325 59
573 603
2205 1081
2565 18
1088 2197
1824 882
684 2086
1611 1754
1814 801
852 1755
2318 1456
1705 1937
1255 2143
1189 173
86 2750
1205 2442
7 1509
952 2696
1975 1727
844 450
2748 1287
1357 1155
1931 1834
1008 2090
2361 1682
1463 1693
1324 2596
708 1136
856 1058
267 1759
965 1400
925 421
1355 2127
1861 2772
1010 811
428 1529
2171 1920
1256 2389
1911 752
2683 132
1958 993
2569 2344
624 1091
182 1414
832 993
1829 890
1622 758
1661 257
816 1093
2773 1700
355 326
1052 2477
466 2028
2058 2624
43 2745
1349 722
1909 1368
1027 2114
2438 417
339 2106
497 2364
2229 2654
154 1551
242 2254
1451 2380
1128 967
1510 1663
124 221
737 2478
714 215
1892 1118
1583 120
2396 1477
1391 2695
1522 1491
1192 714
2760 782
2 614
1550 1770
1283 1704
704 1019
549 305
1690 1634
118 2042
2202 1674
1871 439
1647 2464
2572 1880
1880 2458
274 1089
1228 15
1725 602
2697 1339
1566 647
2713 857
1595 1294
545 2230
2143 908
1760 2292
390 408
2797 2506
217 1560
2400 1726
1763 1523
293 1465
1366 2132
2108 1228
2096 1471
2316 2336
1541 2
2346 2625
104 2477
2194 1137
708 1773
1470 499
18 1724
1753 2320
2514 2763
2628 2338
1435 384
1376 1130
2273 1807
1610 512
1166 650
289 1757
163 1166
611 82
1759 2485
2750 613
965 2650
1265 589
1138 1012
2080 1920
248 345
346 7
2333 2603
100 998
2052 2251
2507 1437
1963 999
723 1288
371 1903
1850 2542
1155 2705
624 539
1178 382
913 839
1833 2426
889 1857
1726 191
2305 1140
1391 2518
1932 2283
2665 2237
1069 660
2307 2177
1319 1598
2707 2313
1813 2218
2252 2743
500 1197
1728 477
1648 420
2206 2114
2315 271
1489 461
429 1290
1953 469
2313 683
1709 2214
482 946
2345 208
88 657
1425 1284
558 2084
1402 21
831 2197
473 828
1946 2502
2333 1070
1146 1169
2790 1922
1671 2538
1945 1017
153 2186
1332 99
1648 2179
385 1988
1281 140
740 1654
1492 1830
1670 1749
134 1788
2136 865
2497 2009
772 228
2515 2176
1083 120
952 1682
1352 303
1693 2778
2061 2621
2685 35
1667 2780
441 2044
2795 1352
777 267
2136 1610
314 2673
2142 184
1205 2690
1469 2304
2192 2784
2661 586
186 1256
1365 1579
1857 1711
2719 1879
637 971
180 2107
1958 2437
2792 86
464 964
2240 1452
2415 976
2691 628
1578 1965
2170 2588
363 1381
2697 1205
1470 426
1765 1964
1856 2569
39 173
965 270
662 2161
161 160
2288 1128
2298 2435
1535 540
2172 377
482 2522
939 1454
594 1492
2202 2488
2193 344
596 2241
2128 1898
1383 1295
1829 44
1225 2598
1493 1746
2139 2620
1700 1629
461 1766
2273 1987
1134 641
2238 2014
2568 2280
2427 662
1152 1066
2337 750
2160 1642
90 2148
2468 2422
1197 927
115 1622
2011 1777
2620 397
763 180
1194 2251
1104 1633
1465 2318
1955 2074
2286 1605
2355 2639
1669 1040
649 2163
2153 1792
714 1912
1899 820
279 740
1289 704
2548 1385
2311 1703
1455 1045
223 1831
963 168
360 2344
723 1968
2764 1677
684 882
1306 2749
2015 2604
2568 2043
2748 1145
2714 436
2647 2667
2119 2752
311 1275
1838 2007
2287 1859
2432 2474
2123 2570
1750 2424
2108 1232
894 255
41 335
1934 1938
2582 802
928 267
2525 1403
1326 603
2240 1396
1481 857
494 2146
710 2548
2301 2057
783 374
1426 247
1387 2369
1478 1983
1554 1359
1179 2208
506 1018
1884 29
902 1960
1488 2392
214 1245
682 1
104 2269
804 1932
1443 240
695 2428
1755 2541
968 820
276 312
1321 2432
69 82
818 2645
1789 2618
195 247
986 1950
397 1982
1081 1595
2237 408
2720 2083
411 531
1631 1558
2237 2144
1488 2555
2694 112
958 224
717 163
209 224
1443 706
919 987
1720 892
966 1773
805 1678
491 531
663 833
621 85
1293 796
1442 825
2434 1795
2080 354
1857 1635
1507 1332
1976 1492
1471 2327
445 1665
56 2065
2305 1360
1948 2011
1714 1890
6 354
2790 220
1918 1897
1020 1974
1457 1034
1992 2194
10 2616
2743 2495
1328 1340
1716 1344
1407 2123
2421 686
414 2259
2626 1889
2745 1444
802 873
127 1029
1073 2121
333 2655
319 1590
1024 904
1021 2687
740 87
702 688
1864 291
2762 1881
827 419
1496 955
2308 1445
2107 1145
1033 50
123 1066
2232 2485
2508 442
1193 966
17 2150
2017 2711
2670 63
1278 2416
2290 2327
284 2593
1606 1970
1717 1986
1118 2666
650 824
2018 409
483 2403
2649 2057
869 1937
2176 253
191 2370
1077 665
40 980
1650 2258
1012 2293
2284 1281
2752 1121
1818 2452
45 1824
2408 2238
1571 360
179 1828
1259 2085
2252 18
676 2504
1301 443
2084 495
2223 730
1255 1640
2146 940
1647 1738
670 1507
972 1980
2099 2661
1774 221
1261 100
2778 1457
2098 241
1959 1806
717 1127
1267 344
1703 1113
1667 1910
2070 1944
711 352
2351 1278
853 360
252 1100
868 510
965 544
1351 2666
2280 1547
362 895
7 1427
2682 930
2566 1010
1807 197
815 2499
1785 2520
63 772
2410 1555
858 2320
584 1241
1021 1917
1579 863
442 234
2211 144
5 1525
1308 794
1625 865
2241 1158
30 1207
1367 1237
2330 1355
34 1219
1527 2649
605 1631
1241 355
493 1613
2761 1783
571 759
51 1125
2 1459
681 2217
1344 2581
2755 995
1541 389
1574 2057
1307 1616
237 337
1251 2779
1341 10
1728 117
1308 2092
2048 337
86 1473
1519 798
536 999
1376 1292
158 393
71 82
2749 1122
471 1854
1661 908
2450 2680
1505 309
299 2195
2620 1069
91 1463
590 1154
479 1572
1610 84
134 862
2304 2783
2124 1542
832 2456
2021 824
229 1981
832 2099
2547 1396
560 534
2273 1689
961 483
723 2312
1738 601
2338 1719
1727 1515
1523 2670
592 1023
2214 1458
2355 1146
2 2003
525 1620
136 1127
1956 381
1426 413
703 1072
1454 1348
2288 408
2625 2221
194 1278
2196 2100
187 1519
1810 1117
883 2536
1383 1824
531 701
990 1382
1155 156
295 1779
1624 218
1067 535
1003 2151
182 1587
237 1828
2292 685
2258 2111
1249 811
506 2541
2507 1262
1787 393
2698 1798
526 2336
346 127
2394 1240
1109 227
395 475
210 2433
2532 197
1106 468
184 482
2080 1603
1722 2448
2116 2587
1594 1206
2546 1054
1895 2158
718 1
630 1863
534 574
614 2672
1110 1193
1776 142
1121 1380
1657 2635
1927 1652
1030 2393
877 1047
1662 1901
284 2015
830 2391
921 2677
2111 380
315 433
2648 1156
2433 2782
1675 964
1751 1416
2709 1920
1590 126
1045 1348
954 923
2258 706
2159 79
1358 1006
404 705
1636 756
28 1851
2727 1185
1622 388
109 1680
35 2634
2785 18
1718 284
466 650
2143 2563
300 406
1540 1582
364 1674
1825 302
90 235
2662 2040
1947 284
964 830
606 1762
690 2591
2496 2331
1545 684
2384 2326
1409 178
1025 333
575 392
632 201
541 2775
1673 980
1563 1714
2001 1995
175 2161
118 885
19 449
464 2539
1166 1131
2169 1742
474 194
1783 1268
1632 1179
951 180
1686 325
2173 1355
858 825
1232 2657
2001 981
2315 719
1395 558
1287 1526
472 2789
70 1914
2551 1954
625 1263
202 1931
2169 1622
1281 409
616 1812
2166 2310
465 1366
1490 843
463 474
843 432
752 1141
190 2141
2002 1263
434 1312
2646 1359
1323 2241
1737 1083
2457 1238
794 1095
375 695
1188 1260
963 557
1635 1726
2300 257
1147 1030
656 1606
89 384
2627 2603
1423 2781
1520 1184
1308 2400
1267 2397
2717 2714
1776 461
2179 1888
260 487
288 1273
1647 2712
428 2181
309 378
881 2732
1140 2077
138 1993
2335 1669
112 2616
2013 1890
1905 982
2210 320
1532 2713
1669 376
475 133
771 2494
351 922
989 1021
2081 1727
1657 1066
2137 1553
54 121
2093 2152
1408 2311
1158 718
571 1660
173 2543
1661 1476
2037 1181
1304 1381
167 2515
1961 2620
1660 855
1305 753
2370 738
773 1031
1380 1226
1999 1743
1719 404
427 2541
744 406
2149 1442
1938 1876
1893 1886
116 1491
217 2315
2337 236
1957 368
1571 755
1566 1546
373 2375
2341 1780
191 1682
1368 126
430 1197
1311 1114
1569 1546
1865 2762
1408 1405
1045 35
1100 1444
2408 2513
1285 1931
251 801
2617 344
1943 2508
1062 193
177 2256
112 1257
1040 1218
2388 2608
2651 1325
789 2792
1791 2322
1517 1716
1763 1251
1430 899
2104 2453
853 2444
2704 637
725 1949
259 1171
2104 2356
2599 2740
1818 460
663 1265
548 2057
2304 1774
2699 745
1976 52
1722 1609
1100 1565
2526 1721
645 135
1844 282
2167 1353
1905 680
893 408
1320 967
1723 2206
2058 839
1076 2108
1934 1293
785 1044
284 1008
1136 1106
1760 193
2587 2297
999 1835
2182 1016
825 1297
2795 785
372 2326
1617 846
2307 1386
1334 2194
2290 809
2539 763
2666 2222
806 2358
246 979
1344 2400
2654 1090
1163 369
856 230
440 1278
1045 1149
2247 2483
61 2763
1276 1141
605 1292
2654 347
173 1406
482 2782
1270 2076
82 1444
970 2219
1900 2012
2270 27
1511 1005
1990 1697
262 461
1134 2412
2620 1628
1333 689
2180 2476
1630 795
2112 768
1236 1615
1159 606
933 829
1800 466
1 1148
2 2482
208 2497
2671 2353
463 769
1239 1508
609 260
2638 1789
286 1637
1634 2267
2360 602
105 56
1185 2675
2177 1787
2486 2379
1545 2329
1126 853
1122 2392
1922 1492
2106 2545
472 1817
335 1876
1803 919
838 1745
2662 2235
2470 440
1978 2239
355 1301
2393 1917
2284 731
1217 1840
1168 2180
1483 345
733 561
2379 252
549 1999
2682 574
2285 35
1574 1211
2369 26
1892 2093
509 554
506 1038
671 1013
1085 2182
2110 350
1485 1114
1051 319
2545 263
2765 2473
1492 2527
161 115
2405 2786
2319 2381
836 912
472 1288
654 570
2270 173
318 789
387 253
1176 1359
2461 1484
2527 1289
607 161
1157 1825
1065 1110
1982 2139
1653 363
440 1504
2791 2649
193 2274
2520 2120
1196 1633
49 302
2121 2434
163 844
1655 1319
127 211
1118 1808
2397 2433
2547 1778
1271 121
713 1644
268 2242
1465 749
2174 864
331 1346
995 163
960 1706
1438 1321
2019 467
1684 2450
1242 2517
2657 2420
1779 1657
200 297
1276 143
137 1109
733 2314
2188 2574
799 2578
1124 448
1533 952
1096 392
1737 2383
1301 226
1638 68
1563 1507
2739 232
1497 1467
995 831
1489 2375
22 2105
590 2488
918 819
1604 466
2545 401
1410 1909
1461 565
714 2719
2672 1471
760 2342
1614 2675
1944 1320
1115 2024
2336 2004
1315 1922
1238 2644
1900 986
1916 2568
2575 121
1475 2261
926 915
535 1732
434 2237
992 1692
2122 2424
338 830
1678 209
380 1612
1029 1038
2611 2259
387 1727
1284 2477
1443 1980
2443 2117
2084 43
1477 359
495 120
2507 1001
332 861
1869 1992
2033 2020
913 2298
806 242
138 2025
1406 1312
93 1021
601 2584
644 988
1332 2744
2481 2672
461 168
1725 1404
1350 87
928 1376
1647 779
214 2244
2516 2098
313 652
304 1053
743 1862
59 2711
2767 2221
2009 632
603 2104
782 764
1090 2552
1765 1108
2547 389
2726 1227
2571 2464
1606 1798
2783 210
2656 1364
2374 1729
399 388
1424 752
816 2377
749 2291
961 2254
322 170
2157 1398
642 697
2322 2186
2278 2251
2412 1743
842 1504
775 2201
1693 1700
875 43
171 2689
1609 795
730 191
610 1531
1972 300
920 598
1638 970
1399 2306
1411 1007
2378 2172
1444 1518
1404 2428
913 928
1316 1966
1099 2389
558 1487
2528 717
2475 121
605 2270
2375 799
1984 130
71 823
1585 2600
1381 1002
220 283
133 203
2131 1991
744 936
2254 2370
711 598
1660 394
362 2269
146 2220
1087 990
1964 1845
1372 2746
2503 997
1399 2632
1568 2453
2476 207
1569 2756
802 2503
2536 33
1643 1648
129 2054
1404 1662
831 457
922 2567
228 691
2319 795
1984 1074
134 180
547 2390
440 727
2372 1336
227 859
1984 520
1470 1319
709 494
2511 92
2344 2481
1888 2652
1308 2181
1874 460
2591 738
2743 2479
2412 2427
551 506
2024 1948
2086 2282
1892 127
2239 2312
2706 1967
1281 725
1871 868
2086 2555
1559 1224
2 2740
2586 2279
2202 1749
384 2479
843 2164
1905 1738
329 2343
301 359
1999 2611
1013 2007
806 1329
308 59
1379 1547
1352 1548
2178 1564
131 1597
46 2349
1694 503
1176 1599
1639 2146
758 338
342 2609
228 2570
2592 1995
2608 1182
1957 1578
2115 1092
1854 711
2214 1463
1879 2055
1678 2434
780 496
1328 1068
2171 2749
2603 2251
785 671
257 2021
171 1935
2486 1282
2587 141
2208 1024
2751 1000
1879 1274
1265 1254
2734 857
867 63
1337 133
1304 1806
778 2285
2374 2688
1945 1584
1764 1489
1230 2213
195 2382
2411 912
1944 2777
1786 876
1750 1893
2530 1851
2569 1962
661 525
2768 1533
2620 580
2660 2274
1274 341
2297 1589
66 69
1360 340
627 494
1263 653
983 1307
2164 5
1734 1554
2091 867
2119 134
617 1251
2110 2353
485 1028
2391 1682
2478 243
459 483
2795 1092
799 2753
864 765
1078 874
1643 1787
1258 1116
2491 972
498 351
999 24
2369 567
1289 2484
588 877
1389 2080
2191 1068
40 1042
1052 2683
1847 2458
613 527
1242 154
201 654
581 2674
650 1682
1777 1245
1710 2494
1425 1515
1446 39
26 2604
2669 1185
75 2061
337 798
2552 456
812 2420
944 2066
2190 525
1417 2331
2309 953
796 1667
2419 1365
1660 92
861 1963
1985 239
352 895
1733 2591
601 611
342 1348
1339 636
1171 90
1993 1806
579 1240
598 1687
2266 2525
580 675
1589 2650
682 439
101 2671
1764 743
2386 2266
1848 2545
964 2384
716 2094
2574 333
964 2292
1993 1278
356 806
645 8
61 1338
211 823
674 708
1298 2223
897 1824
682 622
247 2387
1998 2283
2197 2796
1218 1458
300 551
2055 796
2534 1749
1080 1378
1986 2003
599 2134
484 913
1436 876
729 220
1686 329
2669 1268
1119 1776
2744 1275
1194 55
2035 1717
2636 2306
2639 1654
171 1168
1566 2096
309 1181
330 1018
310 1732
1546 1577
1409 2520
1235 826
533 1520
1609 1058
1022 2759
450 540
459 1123
2443 1429
1965 1434
1688 73
160 380
689 2231
2497 1267
613 2025
1802 1491
895 2168
2649 734
1537 1859
77 191
2705 2106
1291 1641
775 83
398 2106
2637 1826
2673 1823
1258 1282
2580 2166
1556 1245
1857 248
180 1887
2796 1409
2747 1378
2707 202
560 461
2227 2246
2035 500
1594 556
2426 2158
1219 2161
1290 632
250 2413
2560 2553
1299 2048
298 853
631 1710
386 354
206 1268
1636 337
24 216
1055 1896
611 771
1516 1303
1670 1920
271 1037
2697 2045
964 415
1112 1746
967 2754
514 2075
979 2593
661 1673
615 942
2483 1843
988 92
2603 2157
699 1881
2109 2771
1570 124
1786 1213
2118 1585
1974 103
714 214
571 1840
2175 103
653 1074
1460 812
1531 1521
578 1507
658 1302
313 2260
2337 1365
723 2445
388 616
1540 2473
473 417
2480 1423
1141 119
242 2474
1022 138
1881 966
2534 2288
1897 382
1631 1482
532 2490
2323 1475
2309 835
655 1545
456 1639
2309 1028
2335 602
1691 244
941 1989
1479 1240
1541 1807
335 2169
1670 1667
2726 2165
1478 269
228 898
2380 1198
1879 2771
665 1461
712 499
1908 983
2547 2521
985 1171
2472 922
2690 2742
64 2458
1570 1239
1826 839
2386 72
1652 1236
141 936
1485 523
1215 1828
2619 2529
2757 1992
2475 291
2182 2539
1772 1493
426 205
2142 1389
197 43
915 400
1045 1797
942 2574
1074 1564
59 763
592 2781
2736 2247
1003 369
2030 523
347 497
646 859
1495 2318
1066 1809
1909 2283
2272 1401
1454 1858
2475 1720
570 60
1013 2352
1772 2589
1669 948
393 1357
527 627
2163 2053
1942 1479
1320 931
2321 323
849 387
2513 735
1446 1973
2043 2048
2030 2289
563 743
1690 1970
1991 919
38 1240
1441 1722
2107 2543
2370 725
1066 579
2398 1438
124 2464
846 1108
511 2545
1022 1757
1493 2027
2142 2731
2753 889
1160 666
2691 2541
505 1704
2783 2202
548 1393
434 2771
355 2596
645 163
1717 2764
782 2278
2045 2298
1075 588
941 1852
1530 344
285 1088
1062 469
2118 940
2191 1530
2091 422
2250 2085
1312 1553
1368 2289
2651 1824
1235 314
2685 925
1966 2566
1968 2408
696 28
1529 45
1981 2549
1816 1600
949 2095
533 1156
1176 1731
2777 1083
225 2709
2766 519
2520 1163
724 2378
2461 1053
2491 2710
1086 189
1171 1498
586 276
674 19
84 1396
499 1960
271 40
2590 967
1614 2174
560 2270
352 1053
1397 2416
1727 378
1068 1690
331 1582
994 1305
2380 2025
1309 2476
47 2724
1063 414
1009 2343
1384 178
399 1896
330 648
2625 1062
2326 2345
2225 1528
1774 2617
1343 1518
1912 236
24 811
1088 1415
1113 608
2788 1483
115 2529
1291 138
1800 1883
733 1090
326 1428
669 82
1945 1079
2733 2152
1617 945
693 1249
1770 1898
583 631
324 1312
725 2426
2466 1749
1501 908
2 1000
2476 1508
1350 1756
2422 2541
1575 1786
325 756
1350 1526
2003 1158
1658 595
1003 2147
1561 1585
1783 759
2683 633
2319 2594
814 1581
1239 2771
591 2195
1698 756
2627 2415
741 715
1961 1913
223 1244
2791 2737
1635 2709
234 2180
1287 2500
243 1874
673 118
1041 536
991 45
716 1176
106 601
1259 2237
380 534
875 1822
1579 1473
1480 1388
2593 87
268 2022
79 1069
525 1160
2060 2340
1758 1935
39 1882
277 740
1171 107
1748 1234
254 1482
499 1140
121 436
2640 2357
1397 1951
1419 2143
2619 1341
840 2095
893 222
1555 24
1884 1616
2492 632
1824 2645
1798 88
1438 1654
109 2768
1024 61
1655 2684
2703 932
636 2346
630 1147
1266 27
515 1507
393 2544
314 799
48 2418
2622 1540
1163 1686
2253 2102
733 503
2114 581
1693 2393
408 1378
2468 1922
1977 2143
46 877
128 1216
1765 2192
1768 155
2329 1769
833 1929
240 527
1981 784
2308 392
1749 542
2306 2374
81 1127
2620 885
2047 2648
1889 1321
335 1206
1979 1874
1222 2113
1988 387
1874 803
20 64
1300 2086
1925 2267
1274 1441
239 408
2575 1929
540 2412
1633 1564
625 800
1493 2014
58 1468
1254 1247
60 2526
950 32
2598 2740
2171 64
1299 1037
1777 1809
1113 1355
458 1459
439 1792
1665 2029
458 1536
1164 2694
26 497
1309 1730
2530 830
1242 279
467 1492
1118 1626
2138 944
2639 544
812 1090
2697 1705
2484 245
951 1456
2732 462
88 1692
1588 350
260 907
1805 543
2630 1019
2668 857
1640 1082
980 792
496 1808
477 1532
1595 1824
1873 2467
1032 2302
672 2059
1302 814
1416 11
267 500
1675 908
1959 1292
2235 1910
2232 91
976 1502
293 946
897 461
1677 1666
2743 2753
2217 2091
193 1262
2203 138
1259 2212
663 2611
2198 331
2083 2537
1833 759
2490 402
880 1574
624 1370
1677 185
2165 1484
1747 2685
186 1151
535 169
1678 275
1262 2731
1063 608
1301 336
1628 293
1038 1463
735 2538
2033 2545
2031 211
282 1367
1617 2269
486 1709
1330 216
1504 2201
1340 1043
324 2180
149 2270
504 1326
950 1865
264 2589
2203 278
2188 1961
289 1827
844 1930
838 2027
2055 284
1448 977
31 1807
649 305
148 2041
2502 260
2002 1507
1785 2484
2704 2008
907 157
282 1330
1159 185
928 1270
1898 1877
2255 2299
2209 791
204 928
2062 1335
1525 234
25 2095
2454 608
337 576
1346 2329
1085 2154
472 2557
487 2577
2345 220
916 1109
1815 1312
2153 1557
699 2126
910 397
2561 2207
881 1785
1711 1508
2680 2500
2240 1302
1680 111
475 1503
2187 2009
1304 2242
2495 2497
219 1779
2338 1653
1575 867
1519 1803
1106 2636
2616 2331
984 2510
62 153
563 1378
2223 2357
306 1
2539 815
227 230
2152 947
1573 1307
720 663
133 243
789 1756
1938 2237
2405 34
1288 2130
2683 1350
1348 1147
1565 1228
1208 107
2626 183
22 2555
523 1891
2373 630
2532 2636
691 1663
2011 141
1800 2151
2091 2255
2003 2284
516 2189
58 293
1633 1107
1393 1020
1206 1877
73 2378
306 1300
1177 538
593 2560
1248 1963
1679 122
2304 2136
1547 2167
548 69
2447 250
1024 472
1274 1244
1224 377
376 2298
2222 249
2073 439
37 2082
1975 2220
438 382
2040 1945
2014 1312
2263 1042
2566 1412
908 1065
1182 1015
1292 748
2134 2411
1578 1361
2302 2788
488 549
2171 788
2702 438
777 1310
2690 656
280 1357
1117 852
312 506
2387 1931
2668 1157
2651 1465
2570 2450
2370 1719
2231 1265
2171 929
2432 2017
1030 563
1054 2355
880 2190
2739 2033
2474 2208
287 2753
1988 2535
717 2528
25 283
1000 989
1955 107
463 2492
2084 75
2434 1290
332 857
2451 2101
2224 1869
727 268
2029 1808
1399 2226
2733 2349
679 2784
444 409
1230 216
2445 1443
1232 1064
502 217
258 1472
496 895
1834 1510
1930 1539
1764 9
2020 1701
1072 2155
364 453
750 990
1131 537
1218 1496
1044 230
712 1947
2433 817
893 2110
623 688
2262 1358
581 993
710 1969
767 795
2360 2396
2264 1195
790 82
1860 2371
2119 678
2649 756
2147 1996
547 2142
319 262
465 1851
575 39
2118 176
1578 2145
2197 1810
1886 1774
610 162
251 1030
1234 1710
1939 2619
512 2620
1983 341
2027 395
463 1578
122 427
1819 770
2074 1898
1069 391
743 1112
602 2595
1925 2244
1994 2015
1704 1795
838 197
1389 2544
612 814
1915 2751
2432 56
1999 1023
349 2721
2481 1844
2649 2327
2445 866
2479 1204
620 2559
654 2653
746 2157
2369 2393
1988 719
296 950
2553 21
1949 671
1075 2237
721 2298
1045 916
2149 2771
2311 1083
16 2127
258 1924
615 406
2165 2311
2553 2730
1748 2601
437 2672
1037 2216
2005 1864
970 986
716 2620
2013 1056
1813 825
143 164
2747 645
855 1856
1987 541
2530 2350
281 2444
2063 1794
300 1839
2583 2752
1746 2477
60 6
18 480
1784 2251
214 799
2718 2187
1576 114
2345 1556
557 935
734 667
952 1954
2718 1668
2493 1799
2398 667
456 107
1258 1001
1289 388
871 98
318 1918
1949 2166
1429 249
473 197
395 1923
591 2568
1651 2384
621 1343
2654 2267
2046 1765
2090 1221
1901 1649
2010 1967
443 1177
1256 1606
969 1731
709 1165
1477 1455
1619 2598
1697 1402
579 873
2176 2722
1660 499
967 1507
750 1353
2265 942
2179 1251
149 2284
98 2312
844 483
1887 652
2429 651
1072 1427
997 2622
396 1305
1812 1169
1471 314
412 1087
1351 1616
1217 2410
396 1240
1478 561
728 1167
647 2481
523 339
2403 356
764 2516
2064 2608
228 2384
2443 463
2231 378
377 2178
2635 841
675 804
843 2649
2417 954
2323 1230
613 856
1480 1935
1642 891
1302 1951
202 1800
2441 2022
3 476
1695 1257
1639 37
344 2586
243 1921
1926 737
1096 951
1384 1782
378 2233
2370 1144
828 998
1610 1037
2704 550
1745 2332
2153 1253
251 1660
2624 2619
456 138
2719 2480
1731 1499
953 1582
725 773
1534 26
666 1035
2043 319
876 625
355 487
37 532
2668 512
24 1795
2219 804
1927 676
1016 2499
1046 1831
147 1498
1009 2787
1340 2781
2204 1273
2631 1782
363 2444
624 84
1479 890
950 18
1109 2260
2189 1418
2444 2750
1546 2109
1317 1198
636 2309
726 2695
1220 778
1868 802
1966 1522
1764 1761
2358 2793
1640 757
1890 1642
1105 1645
682 81
2580 2312
1436 823
1585 2660
982 722
1417 1470
1355 222
310 1949
2234 1110
2262 274
2742 684
449 2174
375 1011
1664 2431
2794 658
1975 2321
149 1754
402 2520
438 587
2553 735
1391 461
2093 2355
2590 1877
2442 492
417 978
219 2653
2303 2059
2060 1017
1769 1006
1388 1919
2533 740
859 2186
1461 1472
166 1616
2106 241
350 2478
563 2079
1845 82
2623 102
1108 405
1521 399
1582 1127
920 1092
2498 2606
2452 1952
1346 171
1394 2471
317 1085
184 214
648 2416
2040 2472
1646 1615
669 1721
618 607
659 309
653 406
2542 504
798 1922
2380 278
1985 2573
59 1879
1212 1836
2194 822
2773 2724
2700 48
2630 635
571 2716
453 1859
1173 1931
817 629
1455 1116
773 2299
1815 814
955 114
2631 1059
165 1105
517 1431
402 1509
460 1169
501 1830
1966 214
55 1803
2532 2029
997 1062
2263 1634
25 516
250 90
800 323
1062 626
1287 420
2534 2232
1045 1913
2542 606
1555 1898
2352 1752
1591 918
1158 123
2085 203
1977 2202
122 373
2111 1492
610 1551
2105 2278
723 1984
2104 866
1538 873
2776 202
2673 700
2048 614
1999 2322
2413 298
1445 1593
1252 1911
223 1803
304 880
1916 923
37 1321
720 1588
1814 1657
1901 1034
2080 1720
1746 1889
2328 1303
2263 402
602 555
2048 475
1230 1568
1447 2110
1954 1300
1679 2671
1856 613
293 1215
943 698
343 2002
170 2663
2695 1496
2035 696
270 615
1459 1481
14 42
1137 1977
1323 1901
1531 2509
2097 310
2094 1217
2298 218
1023 154
1271 1744
436 38
898 33
410 1576
2110 2260
886 1362
1206 424
2700 1347
2575 144
1211 1803
680 692
1301 2537
1331 890
1175 2639
2373 2742
1770 681
121 909
1114 247
2104 807
803 1478
1234 49
913 2041
454 40
2374 738
1846 387
2397 557
1503 2399
2638 1668
2759 101
1345 434
261 1002
2558 1688
91 2797
215 1843
1772 752
2054 1941
1459 1480
2393 773
2643 2530
599 656
52 1669
469 1749
2248 524
877 2377
2047 2776
260 242
2794 2443
695 1553
923 1444
1841 1767
2172 1920
518 2769
2332 2184
386 2562
2717 1106
2784 2394
862 2339
1968 1402
656 748
1524 179
1831 857
1152 2154
2248 351
2158 854
26 173
1542 2715
654 1375
888 145
1848 207
1469 1947
1154 632
1370 152
1988 1578
1944 1360
748 2481
697 1296
1073 2053
763 2586
946 1957
1363 969
2631 10
101 533
1816 1265
1688 557
56 1673
1572 431
2533 2006
1265 1520
1411 2567
2134 1553
2187 2066
2709 144
2726 1342
16 2178
526 810
34 844
752 1710
2768 978
2690 1432
1119 1066
1391 1907
2412 2028
1074 1648
374 2302
1344 2317
495 2061
881 857
1142 1581
2298 2535
77 133
1524 634
1625 1111
2144 1100
1963 1457
413 2436
1852 2203
765 2734
1196 1746
2681 554
2607 1380
614 2667
723 2788
2782 419
799 1125
2223 1360
605 2052
283 2073
1904 812
1082 871
2320 268
2768 401
1653 1256
937 1471
1142 2524
421 1414
2790 2512
700 536
2440 786
2286 2628
2230 1574
1534 966
185 247
834 1781
1734 2376
955 1613
341 643
613 749
1635 1398
2556 1141
878 2722
1402 1274
2203 1145
2034 281
1047 2012
2728 2484
1011 1551
1106 47
2678 1078
796 1988
2023 1767
1054 59
1637 2235
30 371
1239 1131
1198 2714
1892 2740
1484 2102
602 1092
1760 1525
56 1796
559 729
2743 1793
937 2206
575 2420
1556 2506
1308 2728
709 1986
1258 444
2383 827
598 1541
2702 774
450 2707
203 2002
1254 2222
521 2622
1299 274
2266 828
1518 1126
1838 797
2518 1367
1819 2305
670 2192
1176 1267
631 1126
2162 294
833 2206
869 416
2191 2510
862 1550
2659 267
386 1016
1108 2391
2237 1443
1163 2664
108 1719
2354 528
2354 1288
68 1707
602 2503
2519 322
2622 608
2385 888
2257 1223
703 2237
1356 46
2338 603
592 2686
2633 613
1678 1307
1816 1345
566 295
773 777
2502 1296
1141 2061
2637 1427
2503 2595
1701 2430
357 625
1257 580
228 1192
978 403
2296 1187
1266 566
1462 68
649 1430
1280 349
2113 1658
2067 1880
1413 873
2287 707
2227 478
1331 2603
1291 566
275 955
430 2265
1404 2034
1684 2087
360 691
1210 2090
2307 1207
410 1037
908 2274
1571 2715
291 2262
231 1242
20 2655
1746 1496
2677 1007
1962 276
1576 623
2228 2265
1066 2671
1867 1906
2723 572
613 1555
2112 2066
1982 337
1811 2689
2349 592
1002 1885
2572 2352
453 1417
1872 1465
1037 2652
69 1942
2018 773
1218 1086
1266 2379
1425 2063
2087 345
2678 2576
1868 837
121 1204
873 2249
2340 364
114 2454
1059 2596
1119 1039
1080 2542
1587 1695
295 2574
1705 334
1829 199
1201 1390
831 2758
1113 2563
1370 144
1743 434
1906 2116
2116 1427
2033 1276
2606 1974
1547 1419
2265 1314
1469 800
1202 1762
51 2760
1515 766
392 312
964 1980
756 2056
582 2766
2478 1642
2233 1853
1262 2492
1623 91
2230 1955
226 1589
2600 131
1915 1567
2257 11
60 21
2539 2777
2155 2538
2374 1870
2632 2506
1635 1547
794 369
2034 531
2208 902
2296 1522
1364 924
229 1751
290 1534
1861 1944
864 1573
979 1367
2109 2418
1750 163
2648 1032
2546 614
863 915
2499 286
2627 1349
223 801
1810 1243
97 365
504 1904
965 707
473 1929
1359 747
2655 406
614 2091
2608 2707
1869 1245
2174 761
960 2210
2501 1213
2494 1745
2683 139
2643 2708
1668 1438
2332 1552
2176 2491
474 2747
1021 1938
563 1625
96 2441
2132 2776
1867 908
137 2786
1562 1426
1495 38
578 2500
395 1227
1034 2292
400 1991
1303 1841
393 1811
2189 278
1384 1631
2105 25
1388 248
2451 1662
121 1258
2254 1410
2191 2542
1563 1356
1403 19
650 1172
453 2047
1199 2155
1812 708
2256 487
1949 1666
647 2205
1725 1790
2175 1928
42 2383
1609 224
2082 1815
1600 1038
3 1352
2640 2616
1702 1147
1450 861
2305 1947
1301 1249
106 813
101 363
2705 998
155 175
2645 2325
1121 811
114 439
1326 611
2332 1476
1587 1548
1840 1506
1576 876
1089 681
1846 1091
1886 854
1679 355
2022 1889
2702 1987
1881 188
2670 441
638 112
671 1460
1317 1304
358 2212
1929 99
2241 1861
2445 2289
743 1187
446 715
1250 1080
2477 2136
855 590
819 2097
961 832
2588 294
1372 2362
601 2651
237 2763
1152 992
422 448
934 2493
2115 1619
591 1961
1165 2645
1128 269
203 923
2256 749
1480 2402
2745 1465
2141 798
1816 400
1020 2128
2168 2157
1239 849
1950 1198
1627 2390
1265 2322
2287 2225
681 1683
1697 595
1718 850
1009 205
2292 2104
2753 2406
2498 2797
2670 1834
2683 1467
635 1755
2189 1446
2193 854
1076 2551
1273 181
2391 1884
2035 2429
2025 1826
2522 1564
1610 364
1909 544
332 1802
1839 1184
125 2733
2052 2602
1313 1744
1925 1096
1306 1022
2264 915
1423 607
2537 120
176 1552
225 1600
1070 2096
785 1595
274 1442
1639 2731
2179 1642
1432 2403
2300 1028
1034 1547
1590 2453
545 1644
2441 2500
275 1542
2237 479
385 2078
1855 829
1418 426
1869 1562
1725 676
2425 2439
1263 354
1260 450
1988 1431
1584 2753
2614 947
1743 1267
1216 825
1171 319
300 1204
937 1575
1600 1970
2195 1747
2518 1785
277 1456
1404 136
193 135
2342 1598
887 758
155 1617
1721 1366
1082 2744
410 711
1712 865
738 25
569 2385
1360 1925
637 1393
996 526
905 641
2517 1452
828 2538
392 2152
582 1835
1899 490
2624 2427
2159 2335
918 908
2536 677
2518 689
2164 600
2043 1982
1326 1509
1682 274
1344 229
2718 1206
1624 535
64 1111
1726 1572
1883 2080
429 2336
489 281
2552 1483
2251 1929
884 2093
2233 1484
2127 1473
318 548
2414 1863
2150 1294
698 2378
383 710
405 1620
363 2429
333 1440
2141 673
392 2652
54 2220
1909 149
2244 2637
297 1252
2721 841
2391 1606
865 2449
1927 15
1840 2029
40 2753
648 405
2498 226
360 2260
2133 1458
1666 1850
2597 731
1096 180
1872 2125
292 1810
2640 2735
1867 1558
1800 2713
860 1276
1450 1097
1547 2582
271 1613
456 61
1464 2093
1158 1197
82 1899
61 2253
2015 689
2690 867
1842 797
535 1700
1871 630
812 1498
1701 811
1821 1820
358 1965
1217 1847
809 2233
177 952
2338 2507
1753 473
2107 1442
2375 868
1764 2095
268 1382
106 259
2305 455
399 2606
1517 25
2282 1521
1861 315
386 15
557 897
364 2397
2079 1682
2018 1001
2448 1249
1552 88
1160 1733
2649 784
955 880
803 538
2772 1549
125 2656
2056 386
247 2219
84 325
1635 1938
200 2456
2698 359
1349 1611
1223 1182
446 1770
1983 650
2360 1968
1921 2780
2168 2685
2593 1853
2545 39
1728 1394
1803 1609
738 2627
1162 2671
291 746
1532 1633
1258 1188
2431 2654
1368 201
1833 760
411 2339
1011 1381
238 819
580 1185
2591 976
89 817
1013 186
1602 405
2561 1828
2205 1226
1171 344
1526 1647
1429 302
929 1935
380 592
558 1525
1584 2141
793 2102
2011 2180
2602 1151
2439 1047
253 2490
944 1799
2564 237
1459 1338
246 2174
208 2763
189 329
203 1859
1040 2409
1390 2539
1776 2724
2755 2350
1055 1829
622 2360
892 2231
1675 379
1453 166
1206 2626
2679 2420
206 1110
1727 2489
1359 931
1163 2509
700 1294
2288 2156
1735 2577
81 1910
192 1651
741 1315
845 713
849 1887
1659 1315
633 2400
1519 2593
1413 2581
396 2579
306 1209
1619 1320
2587 403
2736 900
1289 765
448 717
1164 730
761 689
497 1742
77 184
1985 2704
2403 821
183 1726
2119 1047
195 801
2001 861
1424 671
1094 793
2504 2254
241 647
104 1182
937 35
1120 474
1072 2456
2068 511
2031 1464
2193 1718
1516 225
33 417
1180 79
1622 329
453 2658
1219 2399
787 1721
1102 1013
2322 679
2565 1530
457 2523
2733 2061
602 996
1298 1158
1431 771
1676 946
64 433
1974 82
598 2231
2641 440
1749 1622
1939 1244
235 2782
696 2452
563 467
458 212
1835 1184
2382 2028
2061 385
766 188
215 2592
876 844
1251 2232
25 2651
1260 709
2319 1155
635 2710
2264 340
2503 19
693 1711
54 1215
783 1166
2666 1949
914 370
1792 2454
1972 1155
2181 2513
1752 990
1987 565
773 2226
1998 1256
808 2073
1921 2192
1653 1940
312 883
2418 1565
355 334
2766 1676
191 746
1011 683
2005 2392
482 1912
948 826
2193 489
1516 1550
910 2359
181 189
2623 61
2071 1648
167 2236
1256 72
1425 567
2014 2172
146 812
720 1664
2324 1591
862 2529
658 1616
1309 221
240 1837
1103 2693
262 832
1552 634
1794 2486
25 981
1161 2190
598 54
2779 1464
300 1227
2174 718
1866 482
932 127
2544 2267
2574 2387
1340 1596
1735 2432
2138 539
1859 2677
1887 1682
1156 1039
2730 268
77 926
2445 2666
495 1630
1681 1212
1564 2408
712 1830
2377 2219
2419 2491
1077 869
2289 775
1399 1633
1743 658
1852 730
1189 2443
2368 338
1134 2004
1291 2292
2550 2553
1369 2782
465 84
2220 928
13 1778
726 337
1451 1994
589 2005
1 1081
892 992
1878 2055
2795 481
188 2380
2499 1698
1479 230
744 2035
852 2786
596 1589
396 209
2092 2065
2076 271
426 842
1619 1876
1248 2446
527 951
2509 868
1014 2444
212 2324
1560 1061
2377 346
128 2578
273 1679
559 2067
2266 227
2346 2098
739 1998
70 1045
982 1445
2307 961
2080 1891
2174 2572
1556 1049
844 2034
211 1324
2360 2491
2614 2424
1735 1932
2240 2036
1102 1373
1950 2069
987 1137
1889 517
1426 2516
1417 675
335 2529
268 285
475 2288
2475 577
1350 1632
1871 249
122 297
2642 302
2207 2618
852 710
152 2081
218 2207
1209 81
275 111
2549 1532
2131 177
2420 2232
594 818
1026 1920
1465 1426
1454 2002
753 252
1755 1985
408 172
2462 2228
936 1481
1334 660
1434 1766
2300 443
2644 1401
1270 2763
153 2184
842 2770
199 881
2064 1210
2732 619
691 2441
2169 1972
50 2761
156 1761
2474 2240
771 124
1268 2423
2626 2104
75 687
1315 1395
2535 2218
1781 2026
2087 2266
2153 2561
1848 263
486 1380
2745 2343
1718 1902
1150 1118
918 1779
83 1118
2769 1884
2355 1477
390 1231
2176 1162
1740 1057
2323 1234
37 705
1438 1429
2737 1660
64 1740
2328 1406
492 1102
2029 1822
2199 1041
310 1571
1095 1633
1607 691
1890 1423
1830 1018
1450 2736
1398 1648
69 2578
1913 115
1509 729
26 4
1649 658
722 2144
225 104
2297 452
1236 941
1368 1191
555 2519
231 1240
1251 346
385 1697
1639 919
1188 1987
1389 1500
905 2521
1028 1461
468 946
1596 1901
2604 727
2204 1170
2639 1885
202 39
1113 447
1410 559
2345 957
2671 769
2357 2451
321 2627
2695 306
2698 897
196 112
1401 519
2012 147
1977 1090
568 1972
1765 542
1719 660
1043 730
2733 400
598 404
1065 822
1819 637
1480 1503
751 206
2514 1716
2529 2790
1720 540
2266 603
2539 1600
324 942
2656 821
2680 1329
474 1387
1026 2454
2321 282
69 329
1515 1793
527 2205
2431 1656
1334 1387
2144 2424
2003 578
518 2770
886 2459
2065 490
1848 2356
638 1601
1159 2518
248 1012
818 1436
567 2214
1930 1729
1716 2330
497 11
1035 2265
2624 2176
2116 688
1429 2228
454 2384
1870 2099
1246 2191
2290 277
1628 652
1156 2490
2118 2700
1197 2337
950 2785
994 267
1249 2652
452 2529
1503 2173
2788 2406
2202 2337
1678 1290
1556 1828
2598 567
2350 2044
2031 1200
811 1722
936 838
2396 1917
1515 2116
607 51
1268 2378
1051 1988
469 2424
433 2690
767 1347
1819 865
2567 601
2036 500
1425 1669
2018 1332
755 2773
51 1226
195 1176
166 1550
1169 836
874 590
1553 1819
481 1120
2052 193
290 930
928 903
1019 2300
2012 2253
2148 2600
1365 2597
2297 556
428 1869
2076 180
570 693
408 607
663 170
2321 656
1860 662
1657 1155
559 1296
1303 1449
1865 2645
1139 1154
9 2151
194 2106
571 389
2693 883
2006 302
90 1549
2283 202
925 1283
175 1396
2637 201
1278 268
343 2037
248 617
892 127
2747 1050
1302 889
1120 1750
1685 1560
1366 208
2019 642
2527 2600
1054 2089
1565 203
1257 1778
2165 164
260 2159
385 2615
2608 1685
2684 966
703 2732
195 54
2024 1514
433 677
580 2130
1341 275
1844 1804
860 2068
551 344
965 2464
1894 992
2199 1200
2678 752
1634 1272
7 2395
1905 322
612 801
2748 646
30 2686
2557 963
2603 392
2093 119
126 398
1013 1815
1570 1038
2785 410
1231 1076
602 858
404 764
1188 326
417 1999
1427 2788
2153 2738
2261 558
2299 1046
774 1463
1067 1205
968 356
1326 853
2706 1699
721 134
440 260
1503 400
456 2768
1566 1593
1155 2521
611 2516
2630 1112
903 792
205 479
531 2164
2220 1102
389 927
449 2484
2789 2131
625 2494
702 862
485 2026
2187 2126
2157 1200
432 2018
204 2043
2309 2673
940 2506
2164 2564
231 2732
295 1453
1199 687
1386 2535
2399 2094
2239 2249
2684 255
2275 1965
1593 991
1434 1027
2053 389
103 2377
1759 2409
1743 431
942 1807
1400 1182
597 2527
338 1195
1271 2387
1654 175
356 1634
157 2533
1024 672
98 2014
2303 1311
2694 890
720 1635
2621 1349
1549 1722
2148 2709
170 2546
1984 2535
1352 2406
2290 1205
1292 2147
1569 1255
1483 1735
1884 2276
1181 322
1928 1113
2045 637
1435 1740
1281 1968
1062 2256
1086 1222
1627 1234
2088 2175
450 1484
2089 2536
450 2265
2327 2149
169 1126
2716 1758
591 2488
229 55
406 1904
1180 852
302 834
628 1741
1561 23
1448 1648
2093 1375
2336 52
2562 2039
443 1094
53 910
856 1337
1337 892
292 1329
1902 6
1672 2003
2683 2335
1731 1046
2558 852
2377 482
2490 2780
1576 1457
1045 252
1444 1224
329 474
2583 2205
2541 2632
967 1273
1449 266
107 857
2416 65
2644 547
2347 818
1495 1662
368 1011
2164 2491
811 2459
2010 621
2545 97
1988 1063
409 2219
2781 2315
699 2125
2646 2182
417 849
2708 1090
1434 1478
100 737
864 1543
2005 1140
1049 75
329 1468
2217 548
993 2496
754 1715
1404 2033
2196 2570
162 2706
484 2494
1513 1329
2534 2171
318 2687
1106 297
1974 756
210 2294
1368 2792
1567 1885
931 89
596 1428
757 773
2313 539
69 2003
293 1191
1261 473
486 586
1077 2041
2560 2610
695 1982
1550 2446
2296 993
198 2039
1017 223
2791 94
2672 1964
1434 2225
2404 891
1656 80
1277 2576
1960 942
1999 63
864 1000
100 2671
1633 2342
2390 2598
229 1658
1396 2316
623 1308
1996 1838
1924 1838
1341 408
1415 2380
2543 1306
1654 908
352 1058
1773 2298
1135 2326
1623 2775
2644 1886
1910 31
1584 2778
305 12
2176 129
674 1774
2096 2232
390 1700
975 1145
822 1362
32 1831
1286 2414
2087 1521
183 1626
593 1998
548 1640
1425 602
303 1771
2446 404
884 246
184 2180
2111 1430
1162 1977
168 2044
2019 2581
1985 1203
692 2521
2432 589
1152 2070
1638 1872
2788 959
55 474
2509 2538
62 446
1309 2651
1792 1514
88 1132
2376 208
2602 2261
1602 1380
1020 1690
382 1802
1401 784
2389 1356
2044 235
718 1015
2241 951
2502 2627
899 1188
30 982
1409 2049
525 1447
2693 683
749 221
2575 2245
2695 187
864 1261
1920 161
1964 2358
1798 132
1073 2570
1876 2176
355 978
399 1315
267 1772
2667 1931
2353 992
1887 1638
2465 1145
2773 1496
1413 1080
1770 1796
2704 2685
2091 1938
1954 1512
81 248
1343 1084
1978 661
2329 203
1759 1365
2264 681
677 1566
2462 2661
150 1720
340 1252
1456 1719
962 2694
1605 2784
1936 82
2493 567
2079 423
2649 332
72 490
1864 65
859 874
1862 2437
775 1744
2012 2257
971 47
1964 1537
993 2340
502 785
1719 964
130 802
360 61
2285 422
694 2343
2529 1988
1389 168
1174 1568
2616 2782
1266 2572
751 1273
2675 2055
111 1295
2154 266
2022 773
2212 1850
2641 271
2199 259
919 1814
887 1938
1396 2005
2639 349
2422 1780
1693 2742
1392 2392
134 1406
1943 2362
676 2278
483 1905
2114 891
253 1376
1994 452
1750 1568
2081 1944
897 1891
1759 1869
2754 1127
1338 2450
2112 1443
1411 1241
2405 1226
1544 2212
663 2674
2645 2269
34 2575
2608 2275
1162 1431
1604 1825
315 2374
71 1648
1327 1289
1248 1186
1867 1552
2751 481
961 1926
1786 2427
2645 2163
352 2524
2102 1245
2481 2768
1284 891
853 268
1551 298
100 167
2225 1387
1919 2564
809 832
24 1098
1504 181
1567 2636
1181 1994
101 1052
2748 960
1616 285
2242 1103
2132 1993
666 2581
308 2601
1494 148
1689 1028
2037 329
2064 2205
899 731
1453 1107
326 2568
58 1242
2427 1986
2512 1438
93 2057
311 2604
1750 183
700 1279
145 133
1387 1519
713 2480
1234 978
816 1034
28 1478
2443 611
2629 1928
1617 995
2364 2120
1619 581
1643 505
2280 2624
