9211 9354
783 3532
518 7761
5375 1710
3787 5694
5397 6373
6185 2223
6310 3750
615 823
8096 4958
7979 3449
8703 5296
8056 2015
9110 3372
6882 8234
2150 2037
4317 3435
8983 624
2916 6331
8014 6817
2114 3153
2369 6282
7922 8981
9175 7653
811 3713
2301 6768
8367 6993
3568 8044
5250 2304
2953 2824
5548 6516
7666 6963
4059 3448
5212 8391
6133 749
3782 2232
6367 7115
2384 7966
1911 6435
2083 8315
5520 7252
2599 6452
89 1902
8757 7470
2245 6877
1000 606
6968 3552
2572 7898
6238 5582
7084 315
6952 1325
8394 2847
453 4067
5550 2902
8022 7357
2726 1469
2987 7875
123 3566
95 8436
351 407
1145 6844
2344 3474
122 1982
7219 99
7469 3253
5164 4964
8418 6268
9194 6302
1861 7128
5782 8776
7275 7085
1765 792
3693 7250
1429 6624
8530 4578
8868 1873
5115 6975
2969 5073
2327 8827
4794 6152
2729 3475
3734 1230
7201 2755
5712 5057
4989 8101
2642 2669
3646 2146
8568 913
6209 2699
1375 4818
8198 1523
6276 2808
7519 224
6377 4983
6845 3651
3953 5662
5720 2460
242 6149
4719 2121
4396 2917
7824 1552
4924 8040
1763 7356
2873 6367
5403 4088
7079 8898
4632 5196
336 1200
9088 3782
1416 4250
3967 418
189 4181
7647 1534
6728 7106
7205 4312
1656 1306
2274 8856
9190 8174
4029 597
4649 577
2818 4960
5960 7628
4114 6206
1822 2415
613 197
171 6516
3751 6901
5482 578
137 5588
8871 7366
4 2042
8838 2675
7697 8468
2211 6821
3938 3036
3646 1790
6403 4452
7963 1399
8478 4262
5645 6714
1311 9184
6044 4687
864 1832
6765 6402
4348 1719
4039 9142
6217 7695
2075 8873
3447 4326
6478 6019
6107 8968
4012 6041
2344 5199
6338 2163
7484 9
8391 1595
5017 2278
1579 116
2408 8604
7613 8356
692 3639
8938 1894
6973 2277
2707 9181
4886 2744
6593 4425
3052 4879
4380 5264
6274 9008
3717 5556
493 653
6389 2329
1685 1024
109 3505
2044 2832
2052 1348
3075 9206
7052 786
1295 7406
8890 149
6091 4387
6323 5103
3014 7243
3174 7986
4726 7103
1252 945
9102 6739
136 8852
6994 1135
3155 5077
7000 5981
3082 8290
4905 5469
5070 4162
2163 2337
4932 6405
6244 6928
8234 2277
797 5648
5238 3619
1170 4836
6125 3189
1588 8186
102 5995
2503 5994
5481 2574
3384 6066
725 3619
1497 7782
3555 3618
8981 1755
2401 4484
4028 3494
7214 6407
6258 444
8513 7712
4423 799
5584 9193
3847 4070
829 1027
4705 6201
6004 7560
8639 3417
322 846
6589 5687
6727 170
1392 7453
4800 5426
6550 5526
5974 8943
5737 8978
4890 5960
1557 1449
6292 4147
2561 4016
8211 9118
6915 8514
7958 1465
6143 4310
3045 3504
3438 712
7150 7838
3697 155
540 3379
529 255
1858 5044
7548 1939
2472 903
5780 7360
7162 8664
7227 8340
1857 3475
6083 2666
7198 8084
4848 7402
7589 3846
5258 5000
6235 9103
2739 6315
1474 8240
3702 1925
4503 8979
6506 336
4495 1343
5925 720
331 585
2265 3335
5567 7870
1501 859
5732 602
532 2333
616 7284
8700 3945
8591 3446
3124 6055
2686 4094
1337 2886
5517 2014
7318 7162
2699 277
1156 8922
4852 3333
4973 6730
3385 4386
2499 9059
1912 1022
3688 1627
385 4456
6097 612
4756 9160
2646 4900
3997 3321
2059 2441
8886 8718
212 6386
5736 7295
4193 1350
772 455
4360 7169
3908 3005
3337 922
6733 6289
842 3954
8328 8145
2502 3481
5115 6331
3727 6254
7988 3395
7640 4553
728 5648
8275 2729
2441 8487
7582 1791
3869 2804
1299 5825
8914 4633
4093 2009
2551 5330
1264 3540
8564 2028
5987 4916
9184 8987
1546 4992
2415 1292
8773 1205
3924 9197
7609 5555
1672 2722
341 1563
8800 4297
7769 6254
7199 6401
849 8406
2635 8051
7730 9148
347 3974
6918 6708
5231 8369
3484 6228
8104 6342
1868 1949
4144 2604
723 7500
7181 3317
8648 4322
1468 3945
3515 197
4827 8483
144 3110
2394 6584
203 6676
7358 4328
7649 1750
2238 5051
4584 7505
2810 3466
8888 454
8028 3023
5477 5215
8755 7978
3732 7485
7855 3699
2653 6600
8283 1165
4972 84
3814 3738
157 7443
189 3463
8704 3848
2175 1864
1278 5111
2657 5753
8888 2357
7335 71
1570 4098
5535 4348
3246 2372
4756 275
1734 5246
2663 1570
5430 2030
4369 7958
4961 7761
6138 3030
5225 2708
4615 7626
8217 655
7023 3538
172 1756
3658 6644
4446 1163
2853 5867
5092 8981
784 2319
7701 6347
1142 579
7806 5295
5803 2674
3074 4310
3581 2980
4390 7221
5889 3771
594 6249
5263 2648
7679 7200
4965 2057
2197 2304
7707 2454
2113 3837
7785 4535
311 9179
7794 5482
2621 3660
248 7285
5289 7172
3315 609
1296 3833
8675 9199
7103 7685
8143 3999
3407 2751
2064 5870
2672 1368
8351 7197
4060 1161
2997 4537
6758 3343
4575 8804
1019 7269
528 8961
8546 4915
5718 4748
6929 5130
1975 1317
6049 791
5381 2310
8077 3384
1892 5984
72 3340
1880 6217
6964 6439
6325 7768
5984 8720
3566 1076
6622 152
5938 4840
823 5713
803 3489
3325 2217
6619 2900
9113 7688
7515 5588
4505 455
7693 220
4477 7784
7154 2284
5413 9136
7596 1451
2708 8405
4849 4318
7589 814
8015 6643
2508 1840
4151 3540
501 3994
2699 7945
59 5270
4838 4401
7899 3936
6151 1477
3545 6507
8225 1926
703 2299
9102 1609
2399 4282
4530 877
2876 4772
8790 650
101 4298
6793 1223
5649 7526
1945 7825
7035 106
2669 1366
2245 8078
4118 1005
2095 382
591 699
9166 819
6758 1495
5458 5022
4143 293
532 4777
2907 1141
504 809
4755 1986
5288 216
6553 4850
8976 4427
3398 6410
5819 6581
2084 3360
8799 6069
8267 4075
5360 3854
169 1078
4545 7429
9031 8631
680 8381
6973 5146
1972 4805
3560 568
2529 2552
5907 4128
4443 7675
5103 5876
5049 8355
7692 8169
1875 5950
7828 5106
4977 7703
5793 2100
5796 3538
8648 999
7893 5114
826 8505
7099 9184
9064 3612
2829 7806
4859 5523
939 3138
8095 1156
4983 8408
4928 147
7515 4230
6448 3284
3916 7506
8117 7518
4873 7809
6830 8366
7897 3643
5874 1280
7902 2380
1418 6320
8803 6090
1268 6059
5385 5791
4500 4826
7900 5388
9068 8975
5416 2091
6208 1036
2128 1422
7081 74
7596 1468
3932 1625
8975 7069
1664 6389
3738 7908
8156 2169
2622 3224
5364 4854
3191 2001
2198 5174
2507 676
8134 3802
56 7579
253 31
7896 5195
7000 4
3134 865
7198 3805
758 6419
1428 7576
2778 8615
8345 4201
6639 6470
2626 6866
7324 5491
843 4483
8149 5009
7826 1509
6484 7310
5007 2598
204 3670
6307 7656
3508 8224
3432 1771
7612 4219
433 5763
9045 4044
6231 2908
7178 7668
4707 2741
4018 337
5730 2602
6215 5990
2766 1266
4959 4878
2067 2701
7426 7235
1101 9092
3678 208
6828 4565
2765 6895
5978 7485
6922 1885
2699 5570
4854 7658
3396 7433
7595 1682
8512 7170
7195 2911
6559 4232
221 572
7228 3752
7000 1256
1164 3549
4291 7249
2530 8129
8426 4675
8323 2329
6117 3322
3628 3312
6600 4883
1145 3332
8453 6968
4722 2855
1630 1241
5894 5705
5817 8951
1903 3194
329 8603
3461 8724
3325 3725
3418 4125
7832 794
3361 8355
4503 2929
78 9017
3 4768
6855 3328
7213 408
8206 3741
1528 3344
5622 8827
1515 1567
4375 7248
7551 1365
6622 6067
2254 6561
1234 7055
5553 6471
6638 2781
3427 2113
5893 5759
720 9110
3426 3445
4087 8028
3130 2494
433 55
135 4118
484 6239
2386 7732
321 5261
2719 4485
7523 4132
5729 3306
6792 2114
6485 2497
8840 2675
1439 7620
7464 9036
2574 5876
721 5583
2388 1477
1011 6807
7038 7405
2864 2348
1071 7624
2107 7008
8802 442
4844 4965
4745 5916
4345 7160
8609 5681
789 7858
8623 5651
5754 5237
2418 5104
1215 246
6739 761
60 8668
7491 1201
8520 3977
3990 5074
9017 8331
5517 3112
8565 4164
1717 6060
991 8038
8329 1396
5156 1585
6347 7632
2447 5351
8163 974
79 7761
4655 3270
4532 3980
635 175
8296 6838
2277 4582
5666 417
5174 1113
1998 4100
7646 363
6011 7282
1252 6259
1167 2798
3662 1205
3197 5880
3706 4568
6210 4201
4270 8107
7230 4187
5169 8758
4564 4520
1521 1244
7523 8010
3944 34
4621 4630
4658 9137
6292 7763
9025 1903
3798 6044
5324 8541
4526 7731
418 6564
3228 2414
44 7271
1524 1916
7669 3617
2267 8959
1665 3803
8347 6520
4932 3794
4862 8461
808 1339
5774 5617
5528 1004
6095 642
2444 5301
8250 3610
9036 5299
2318 2633
7153 4808
2839 2648
4721 7437
1294 5692
6635 3297
7265 4348
1170 2327
288 2836
3638 576
8535 5541
4306 2628
2026 1404
1875 5157
8993 3724
4781 3042
3626 4682
1910 2847
8008 8313
5357 2290
8175 8594
4032 1037
2997 829
5319 2149
3488 5894
6764 4173
8009 6732
8380 8024
6197 7425
2478 3923
5424 6750
3294 820
5320 4879
130 2944
5196 9205
1837 8014
5134 36
2354 7549
1866 8782
7136 2087
6761 6616
3331 724
4993 4573
8502 7589
8990 5457
751 8599
8573 1119
8669 6453
3057 3782
1201 7685
5458 8626
993 3654
8508 1792
1432 2996
7175 7059
3031 8587
2524 7336
2063 9079
8847 8683
3865 1860
154 2840
5558 1979
195 3677
6943 2028
104 8899
6846 7875
8944 3729
1870 6782
1972 9145
6506 5686
7107 2715
5003 7814
3719 2255
4824 6064
7538 4411
6762 5150
8122 5081
1736 7285
2378 8747
7743 550
4562 3566
8997 3180
3871 3947
8881 7699
1534 3070
4353 6312
1676 4411
4357 6896
364 7064
349 1278
8446 5430
5228 3620
784 1806
9019 4252
8226 3749
8172 3276
7179 2895
3164 2618
1798 4398
3611 2603
1068 3929
263 16
4039 4298
3596 3446
5790 8232
115 5308
8756 7186
8538 4434
2200 3534
1204 8335
9182 4210
325 5913
6216 4129
6388 6726
7655 1407
1841 8327
5998 6337
4557 7399
1276 251
2770 3545
8071 1309
8697 8954
5670 7297
3734 2501
8558 2872
226 7604
6304 3429
4469 2298
7174 2675
2834 8829
8699 6797
6995 7999
1572 7502
2614 2189
4919 6767
8103 3466
725 4479
6379 9156
8670 3975
7370 2345
1706 4806
7192 2473
4347 445
9060 8089
2669 2485
8142 7721
4406 7661
8493 257
1115 4157
6869 8605
818 4910
7930 1605
6024 6478
7714 5603
1762 1424
2033 2732
9073 9027
8389 5647
1427 4704
4377 6004
1014 4517
1305 352
4369 3113
3220 3554
1410 6846
5075 1788
6141 4300
7431 734
7256 6364
8074 8252
3351 8227
3707 6527
4812 1570
3512 131
8436 7283
3301 4209
7159 5887
7618 9187
570 7208
1942 2913
5382 2286
618 5566
5023 7129
8936 9028
7239 2422
1636 7698
3623 4980
24 2189
2280 7815
6341 1019
8935 5981
1718 3744
8706 1077
3266 2873
1862 5785
6005 7135
4729 9036
3148 4757
4036 4812
8614 8632
3616 7244
2236 1128
7560 8155
6824 4204
2511 1675
1058 606
7539 6340
803 730
6392 6697
8716 4860
6139 8271
6872 6934
3451 7388
2288 754
1771 1082
5146 2589
7675 3057
1303 6498
8458 2066
4661 5192
8724 7538
2061 2504
196 4944
6809 5867
6905 4023
431 2169
7093 7515
8943 5791
8276 1828
634 7127
3672 2039
7732 3606
3051 4578
5499 8029
3652 4069
8721 7640
5090 8532
4950 7917
960 4076
6711 5399
5060 6567
4605 2838
5225 3308
3790 6672
2442 475
2367 8809
5039 2749
8980 8195
4108 8237
4647 1672
5397 3272
8266 4152
2581 767
7798 20
8923 1535
2701 3851
786 8593
8895 5265
7723 842
3472 8374
8238 4751
5899 1892
4159 2836
598 70
2579 6342
2157 7355
5141 5175
386 481
8764 2165
7546 3878
5050 516
7754 4916
2008 5650
6968 9010
8102 7331
2149 1353
3042 1352
438 1529
2205 7333
4869 2172
5880 2504
954 5144
2120 8393
5893 978
3666 1149
3248 3713
40 8369
4631 2525
7055 1895
5999 6818
932 3233
4783 3246
9126 247
4645 6182
2149 6820
8342 2762
3844 223
8267 671
7255 7728
345 4501
7814 6412
4506 3835
8174 2426
8473 1128
8774 3230
9177 8728
7441 603
6193 2811
7064 8077
6684 4706
1232 2771
9146 6962
7488 5253
3755 5107
2924 9068
4134 8796
5337 5103
5389 5653
8925 4617
5407 4797
7896 2966
3919 7083
7075 4625
5922 8039
8112 8478
1621 7740
5549 6471
5802 8577
374 966
1730 2757
5059 6001
6014 1180
7713 2795
3522 8445
5047 6542
5173 7731
5686 7177
6768 212
9064 5623
2315 7368
8623 2060
7379 1139
2571 4746
589 9174
5463 6823
4952 1422
7104 3886
3298 7226
211 8547
6894 2323
6200 5941
6607 858
5855 2347
1039 8804
4568 5805
664 8492
2255 7431
4256 705
618 757
2982 9052
2513 1578
5424 1221
9090 6843
4268 6007
6927 2851
6245 1118
3053 8665
3285 689
3581 6167
8488 4625
1302 2626
3720 6428
5611 919
4887 1497
6633 1808
7502 4103
8244 844
7094 4819
3632 3898
1094 5711
1996 8307
1738 4031
1781 2661
8204 3039
6024 660
7665 8150
8792 3409
7384 3968
5601 2602
7455 2906
1913 4002
470 1847
3395 605
7630 1205
7608 936
2816 6660
1276 6237
4932 6410
7493 3487
7925 700
8507 6331
9067 3120
1471 3706
8497 6073
3121 3190
9133 4416
1247 4727
7759 7541
4303 4887
2440 3733
193 6802
776 444
8381 5552
4681 8468
5857 2656
5961 8874
1316 7361
3737 212
6378 5794
5123 6854
4012 1756
4259 2400
6267 2425
2333 6533
5527 5735
7553 5238
5783 5427
3492 5757
1969 1190
6514 5170
4345 3677
1540 2335
3416 6349
6438 1742
1513 6977
3358 7152
3623 4943
1047 2275
6579 219
7115 7581
1303 7040
7942 9130
2316 3054
3805 7202
537 2070
2581 4998
8073 4723
6860 3368
2364 7280
8950 3911
3439 223
1523 6992
3982 5796
2348 3012
7537 1507
7945 6464
3528 5194
4304 4336
8185 2587
5224 5537
3892 4930
1004 8326
4865 6774
6502 7578
4366 115
485 5922
1175 2139
3994 8277
413 195
5109 1694
7937 9072
6764 3617
2828 3327
5798 9089
2536 3667
8172 8619
814 841
3336 8607
6902 4028
7470 6600
8452 2734
1797 3631
4424 3761
8769 4893
1808 3595
8727 4845
7675 6244
1161 794
4375 6545
5134 1038
5579 3567
2254 8635
2874 2507
7898 6171
3587 7931
3407 6141
3713 6492
8615 5187
8482 4666
5374 253
3142 2828
5090 2280
8077 5721
3871 4649
5569 1205
3206 7282
8607 7658
8614 4665
7326 1703
5009 8321
9063 3965
7723 7443
2225 6923
8720 3411
7786 122
5080 6674
3111 322
3048 7681
3070 6912
276 4493
8317 1575
5651 1114
8596 2617
234 4581
1427 6234
355 1224
2673 785
4530 6146
8504 4633
6202 5952
878 5505
6552 7568
594 3811
7990 2787
3192 97
3374 7885
3076 6842
2209 8234
6687 7344
1286 2065
2726 8265
1580 8713
6500 8478
2576 1512
1866 439
1864 290
7336 3698
8934 8509
1663 7142
8217 263
7857 1285
6446 1907
2263 5865
918 4887
6285 75
5843 7865
1406 6614
5206 5226
2843 16
8534 7046
6002 1188
2718 673
9206 8129
1717 5226
5250 1723
4010 2195
201 2655
6600 6861
7715 7497
2521 7924
1631 6095
5263 6640
8970 1075
4475 821
5093 7942
4226 1270
6879 5750
3779 2268
1210 1527
5533 1214
4210 8976
4212 5665
1767 2910
2292 2644
4400 1174
861 3019
5086 821
3167 198
5505 3530
7939 2391
8702 8243
5363 6586
2687 7600
6947 5774
1080 7687
6823 7942
8672 5424
6945 1961
3599 4287
5082 2811
5493 1815
1874 6063
3895 4426
916 5170
7023 1617
1652 2887
6920 7723
5691 3329
2396 3988
6466 3301
6346 1941
6694 3631
682 9037
1721 6710
6715 7453
9200 3744
6393 821
5131 1815
1718 6771
8406 3602
272 3836
3953 4542
2894 4608
6290 5445
6550 2067
9186 2556
4573 4345
5192 6006
6873 5393
7809 751
4507 4175
3157 4179
8517 8183
8667 787
8054 2201
8497 7873
4746 5763
5110 937
2575 4404
4851 2467
2362 3092
5260 1870
4792 1133
8858 1079
4414 3971
3666 7938
5527 2620
8156 113
4883 3102
4001 7974
8860 3244
1850 2591
780 5886
6515 3494
5047 6652
8057 7850
6742 8609
3538 8054
6102 6150
9168 7812
265 7953
6625 4082
452 4045
6650 539
2 4575
5906 324
6895 3926
8706 2024
1000 7901
1205 387
4777 2105
629 6806
3707 1259
3645 6477
7112 5985
4059 2281
1229 3630
5766 8896
1761 2021
1124 4829
8600 4271
9107 6181
4489 1600
1612 8663
6455 1209
8774 8205
3955 6492
3891 4930
7058 892
8616 4915
2079 232
593 1707
9050 7213
5763 1240
1014 2045
2287 3034
19 3202
3729 3344
437 1749
4504 5472
6877 4151
1190 595
4448 3212
3898 5168
3548 429
5155 6506
5033 6984
1971 6065
2782 8035
6980 4508
4566 1480
7229 224
2518 3142
6633 8948
745 1885
8903 2554
2732 2216
8487 4722
4269 3420
4561 3566
7404 7271
1813 3647
3243 5806
8007 3646
4773 1475
800 7847
950 6030
7984 1524
1905 2437
8481 3075
6990 3259
3290 5749
6932 7891
5877 1025
79 5669
4376 4586
1243 7022
1431 3528
1923 8441
994 2414
4253 1172
3729 6061
5160 3078
2735 336
8576 8947
8125 2487
8824 3922
6252 1595
8378 1745
7318 4360
4300 6207
7426 980
9038 6016
7343 6479
7500 6872
6203 8006
2266 4894
7840 6382
345 6142
6651 6852
1604 904
3201 5100
8474 3622
7895 3766
7441 576
8298 5083
4108 6834
400 7651
1250 8131
2783 3453
1843 8961
8653 4248
7353 1033
942 6558
8190 8915
2992 3641
6652 2743
5503 5156
1232 2719
2449 3793
7376 2585
4012 8611
5260 1829
5414 3931
8122 898
2273 1048
8334 4449
4464 4913
4333 8008
925 7769
1284 8176
4202 6168
372 750
1419 2188
4662 5824
6312 2018
3977 6446
3979 465
1468 1541
3269 5619
6406 5027
6001 3607
309 6898
601 5293
2617 9179
9152 4577
3077 4227
4074 1894
6146 3405
6150 2467
1709 1210
6001 7308
7285 1783
5774 2832
9138 8961
8460 7383
3827 4440
8647 8976
2667 8787
5291 2919
8090 1478
5488 8672
5505 7986
6376 63
1362 450
2874 7474
306 4888
1194 3875
377 8324
997 7237
4717 2563
884 2250
8718 2646
158 8427
3684 9065
7150 5516
1010 8384
1926 4639
8671 5975
5542 374
2141 2013
171 4926
2036 707
4987 3458
2836 1145
5890 7964
5605 8202
92 3722
3965 275
4648 6315
3358 6878
2353 882
3096 2917
4045 7469
202 5814
2457 1086
3555 5466
4130 6959
3675 2980
2449 3442
5611 4501
4438 1255
680 3481
1809 1959
4086 4426
1929 4460
2289 6736
408 2971
7789 4744
4632 2571
3666 3819
5524 742
330 7594
7562 7803
4089 8174
7865 8442
4835 3618
237 8095
4914 5384
6584 85
7283 7476
8120 6263
3872 5858
8822 826
1245 2856
7317 7154
1128 4249
8394 5790
3638 3234
2000 8240
2812 5711
9026 5094
348 5617
8473 4215
4968 4440
8559 2983
7698 2402
8831 5351
657 4595
4357 5942
1540 729
3994 1428
8712 1151
3407 1050
7149 1758
3325 8048
7458 9033
3247 3781
897 8239
8088 1569
4725 4822
7034 8716
320 1980
2062 4209
2859 5810
8662 6843
5606 4705
4153 5338
7893 8217
7326 8804
2019 6758
5979 7351
8312 5528
909 6989
1167 1262
1060 8904
3325 7786
216 1087
7149 3758
5251 2236
8465 1873
3286 5923
3019 9048
2879 8941
2320 6379
4569 3523
8043 9206
2261 4988
8320 4935
2362 8963
9111 1384
5284 3888
2768 7707
6443 1305
6005 8117
8504 3525
6275 4502
6423 8672
1823 8334
5623 1234
411 1651
4787 7642
8621 4661
4228 3518
8286 1736
3191 366
4792 4559
6153 1735
2233 4106
6437 4189
5021 7630
4934 5702
9175 3479
4157 2893
7695 5459
1892 4508
269 6440
1940 3542
7737 7957
3991 2905
1566 7695
8645 4075
6009 6382
8743 4016
5805 6638
1662 226
2741 4314
1761 329
7556 692
5381 1887
3340 2155
2504 2256
5333 7878
780 1384
8130 865
4233 9183
1318 2743
7249 7881
948 4422
2476 3818
7706 1842
5346 4180
4765 8103
2349 3733
2318 527
4216 1844
975 936
4023 5035
809 1272
4290 6031
7891 3944
3618 2954
5478 5360
2072 8788
6048 7416
2238 1086
1364 622
3284 111
1240 1495
8275 8666
7727 4158
3892 7714
4305 3629
7548 1718
6728 149
3173 7403
8981 6616
454 5585
7308 639
3271 5131
2364 2592
7869 4263
6128 3514
2839 6062
8885 3782
6403 7753
3684 502
5656 1983
7628 2913
2582 1599
17 9047
1027 5828
715 1637
5313 7567
4513 4896
249 4379
612 2002
836 7367
8680 4114
3251 7738
4539 8134
2065 1038
1748 344
7513 7453
8190 4849
5412 4462
6174 534
5950 3123
1055 129
6376 3793
4400 2901
3188 3235
5399 4557
927 640
2392 1354
83 372
7685 5915
2845 7538
7571 1440
2254 5178
7340 5327
3667 5038
6951 4448
2556 1210
7183 6769
44 6033
1178 6870
6506 2904
35 1452
1270 6155
4977 2666
6560 6798
8108 2039
5005 7714
445 99
6319 7740
8774 8966
8386 4998
3041 2527
5475 7827
5259 6814
7815 6803
54 8613
126 7963
845 707
8220 838
3603 1411
1997 3182
8118 4941
5958 7604
4963 5328
4896 27
7853 9049
6706 3911
5223 5144
4639 5980
871 4350
1667 2445
8776 6323
177 6667
1895 3318
9096 5920
128 7416
8690 1857
8957 3065
7203 7286
1303 2665
3794 950
2159 8535
1028 4691
3404 5021
5937 5392
2994 7567
2365 2013
7854 470
4628 228
3118 8448
3424 8705
8300 1200
3786 7239
2296 4431
6290 1154
3743 2265
6930 4282
8235 5576
3204 4955
9076 8252
2776 5902
4316 1105
9102 6578
2569 2305
7292 4314
7231 5149
9137 4546
2483 5609
1325 2153
7399 8667
4462 3481
4050 4500
7275 5695
512 647
3279 1819
930 5572
4942 1328
2499 3439
4051 5604
7437 9022
6971 623
8827 5644
2099 8255
3449 6414
2287 1885
7201 7708
1224 9163
3848 3777
4558 3466
2409 8495
7427 5386
2626 7203
800 1290
1976 3049
2708 4749
2981 7529
7357 6854
3165 1700
4725 1502
5497 8739
9135 2741
6336 3954
947 7217
2746 1970
7921 6986
4375 1685
8924 153
3603 8559
4260 3648
8028 1703
1533 7312
5860 7436
3576 3410
9027 7751
4008 5016
1371 5711
315 5276
5119 6508
839 7832
2981 8112
4163 693
6295 7726
7441 8592
4372 8232
4137 5583
6094 3096
1443 1885
3045 983
2397 2833
5104 344
4910 2838
8390 5944
517 7994
3372 1261
3461 4701
4232 776
1827 4279
7799 4152
832 5522
1324 1677
543 6826
7216 488
1253 303
2821 5200
8245 1180
3834 825
5432 7365
8500 1762
7150 2011
2219 7146
8349 1645
2 6530
6465 8893
1987 8540
5439 1726
4953 588
1200 8951
5900 5297
1102 1146
3894 1279
3759 7645
7652 2724
4350 8764
1998 5802
933 7626
5492 5975
557 5622
2401 3102
319 4045
9153 6977
6294 4778
2450 1554
4673 6644
4289 826
7102 1451
7626 4323
8962 8085
7117 4145
3271 5226
8867 1594
6475 3587
5387 3620
2409 2013
5937 4305
7501 6869
91 5875
2761 5214
3247 6996
6791 2845
7488 7326
4448 8544
343 413
275 6623
3086 90
1032 660
3937 5276
8781 3057
1091 7180
3482 4902
6471 2699
6839 6203
3132 7543
69 4497
3216 4428
3199 5437
9086 6674
7690 1183
8493 7273
8422 6896
6288 3829
5535 3633
5931 4447
218 3849
5297 6813
3322 5350
4016 1199
4077 7912
2928 2070
4156 375
5743 2684
6049 1743
8999 2206
215 7271
6562 6609
3371 8275
995 7355
7863 8687
7009 4494
2279 8202
2894 3879
5042 1603
7696 99
1266 8766
1218 3745
7436 2555
2818 4572
8183 4437
6395 720
8245 8522
6117 2632
6812 310
91 6854
4941 3246
5461 7677
5778 8941
9119 4310
5209 4476
1604 392
1087 4989
570 7157
4281 2477
8145 868
7662 2613
2001 508
4267 7934
8897 1627
4195 3088
4621 8287
7579 512
8019 8448
9061 7278
2009 6671
4993 4913
1293 8736
7249 6359
4823 8519
3163 8848
2285 845
1866 3895
854 451
5972 8323
5480 3531
4881 2401
7144 7430
1489 8108
6189 2166
8193 4832
5771 8454
5976 8839
63 4502
1412 4341
8348 7669
5258 6177
3178 3495
4585 6049
5854 8532
5840 381
5880 7164
6644 2254
7991 1645
8733 9143
583 2059
1919 7987
2402 3412
3050 8815
4509 7509
3449 3466
5509 6295
8375 1311
4014 6509
9024 5235
5145 2074
2920 8133
7444 5071
5755 1904
4067 2528
820 8858
6230 563
7676 6302
8284 3038
2309 2302
2446 4278
8111 7952
5959 3008
2734 6347
5384 6693
5796 8669
1747 361
9142 3321
763 4874
4741 2827
2923 4511
2255 2798
2125 2023
5847 4625
3029 5290
1603 3209
8776 7123
6260 3294
3580 452
8386 4940
2035 6863
8868 5882
1557 6080
7155 7512
3431 8248
1244 5902
5008 5960
4031 3782
2350 2194
3328 7696
4877 8134
5135 817
1004 6336
3284 5171
8785 2656
1619 259
5484 3918
3359 7479
1031 1452
3309 8765
775 2164
9149 8631
6498 2393
6581 2919
6969 2419
4654 593
1811 6144
7503 3232
4113 5688
8245 3043
7864 265
7599 9152
7355 5294
9055 977
1001 3311
7130 7439
2030 42
1889 6137
1422 5770
6474 4530
8628 5912
959 6099
4024 1850
4118 6130
5129 4029
3881 3063
825 7885
322 5716
3770 6955
4951 6613
5240 4813
2190 983
4352 4441
5683 6274
8882 8270
8655 6436
2477 6471
296 6698
3737 6041
6535 3466
6795 4929
4986 4061
684 9017
8944 4659
1992 7934
3037 1757
5010 6863
1099 7870
2397 6635
8931 2456
677 824
9024 8245
6631 4133
8886 6750
2298 3138
6829 3061
3045 4582
3111 5782
5409 2458
3789 1629
6445 2400
3627 8567
2395 7933
9170 5293
6738 8000
6595 1787
188 1826
1503 1859
3215 6142
8728 2051
1126 41
224 916
5991 3228
4332 6666
1520 5822
7166 8660
6455 4800
5570 7818
3313 1750
770 3857
5471 5984
3433 6574
1019 3645
3591 1455
1533 7929
6038 5287
1195 4422
4906 1234
1664 6306
8433 2945
7095 2899
5919 1851
5576 6643
4004 7652
3573 7944
2298 1617
2774 5030
3786 7332
595 575
3001 8414
7912 7549
8102 3194
5453 3430
6460 394
1072 2023
3117 64
3736 6810
7981 5528
6586 3203
1465 889
7708 5048
2586 6820
2758 236
7493 7387
7675 4970
6722 4242
4001 4824
578 6460
6695 8955
5663 8807
8521 965
786 8363
8044 8431
1991 5740
1234 4531
798 4775
2976 7879
5556 2558
5789 4572
4705 7185
8394 7700
1952 628
4168 5258
751 230
1624 774
2202 3526
5509 1714
3970 6095
955 1504
8068 5975
8962 1499
9166 1653
8702 2429
8147 6525
6582 3644
8279 8712
429 1518
9040 6786
8546 8491
4185 30
5161 894
68 4602
4281 6864
3078 1744
7004 6851
540 4482
482 6007
1969 4975
2422 975
3173 3361
249 7197
6685 6059
8809 4357
3877 2134
4236 5004
4733 8131
8044 6343
5349 9012
3988 673
2890 4064
2609 6449
2310 862
2923 4684
7166 7653
3209 6490
6358 1123
6103 7314
2642 5462
1952 3563
81 238
7120 1158
3858 769
6089 2743
701 902
2450 2657
3176 3663
860 5543
6326 5945
6758 1537
3349 5179
1916 8642
5762 8641
3841 3456
1290 8209
6602 6231
640 5118
971 1898
7989 4532
392 4396
7794 9182
8698 802
4404 1681
3223 6886
2123 1508
2687 2056
449 8132
8116 8838
2452 2321
2699 6839
2230 1306
4625 4574
3496 2512
5971 5638
7024 6550
5919 3446
5646 4717
422 148
6847 2926
4541 1280
6399 2510
2087 6676
5441 338
5114 5420
4343 4839
8039 8954
1055 6576
2133 3605
3118 5825
7524 7226
7769 60
977 4467
8201 9120
2107 1410
7322 7602
5524 8562
6623 5576
771 7748
7307 757
6728 2179
5435 4856
9167 1019
5016 408
8365 9028
5864 3387
4213 4194
46 892
6030 6014
2475 5245
4164 7549
7406 3301
173 4733
778 9048
7285 2985
8120 3952
4756 5867
1296 8250
8474 8141
8640 2647
4933 3411
9006 1944
1218 7633
4490 9054
2075 8853
4413 4192
7595 5384
3295 2698
5275 4160
713 7924
3760 769
6643 1336
6742 5490
6973 6169
8555 8627
9022 4841
890 226
8496 7069
8861 5431
8882 2555
8262 5756
4170 1261
7509 6095
9204 3282
7129 1665
2852 6150
306 6311
3887 6489
8216 5076
8781 5760
327 2680
5069 4376
1161 5532
4978 4397
5211 3997
5978 5123
6187 6120
8411 2206
679 6720
2284 6533
2311 8518
2807 5166
5810 7674
4815 2400
5717 8334
3856 1701
22 837
7561 2404
847 6777
5167 8837
8273 7397
7461 5425
3454 6192
2976 6400
69 4802
4833 5361
8670 2374
2887 2708
4683 7107
3067 7995
4069 475
875 2431
7921 8679
3443 5115
1153 625
8792 8747
825 3543
208 8905
2993 197
54 335
766 3034
7392 5443
6660 3598
257 2432
5551 2899
4240 6478
8123 8279
4084 644
1901 278
6877 2539
5144 637
1164 160
6210 606
9011 2136
2162 3629
2238 8150
141 8475
8433 3355
2967 6631
3447 1645
6051 2467
5774 5801
8761 7854
4543 6478
5992 876
7888 3868
6273 6815
637 4278
8602 8414
2558 4952
2226 3448
6081 7709
366 6650
4268 5718
7436 6631
5520 3591
5403 2292
5140 2490
5151 1709
404 3252
7276 3812
8095 6338
6267 7995
4308 7116
4935 1960
5975 507
689 2459
3180 8159
9009 1652
4654 6019
8731 7848
7496 7838
2096 4835
84 8263
1634 5396
587 8292
8626 3799
7921 9164
585 7120
8413 1114
2288 5080
310 3687
4103 8676
2496 7
4443 8184
6597 4874
3898 8749
2781 3505
7190 2114
5872 4319
534 5685
6731 5737
1381 2605
1473 1526
5744 2184
4120 5050
5461 8851
7733 2931
6676 5037
2772 4780
1873 5850
7776 1866
2665 5721
7497 5928
7103 5658
5864 2232
2093 884
3758 4079
2439 4233
4744 2216
8166 6227
8583 3067
8915 5313
5205 2519
4137 3482
4603 7134
6125 4401
8045 4072
1365 2201
4557 5447
6323 2798
7538 8176
4694 5742
7088 3556
4159 1093
8586 4504
2172 2317
1514 3494
2726 1360
1976 8306
2260 6737
5103 5301
2507 8852
6762 6499
5289 1795
369 2215
4663 1907
9076 8768
7501 1718
7936 5390
497 4935
3952 2400
8219 5364
3901 772
8447 2663
809 4610
7798 3883
4415 3773
8403 6034
892 3989
2397 5963
5716 7009
4021 5033
1019 3975
5738 2345
4102 8211
681 6558
1233 8671
4075 8344
6988 700
1234 8718
6765 1238
4694 167
7337 2153
6673 7442
6555 4927
2677 29
1353 653
4625 5170
7433 4112
8733 869
108 6883
4946 4442
907 9134
2034 6679
7762 7360
9098 7092
7144 7189
8296 1327
2552 5834
1501 5242
4367 2897
5746 243
532 3014
9048 8764
3306 3691
6965 7606
712 4051
1516 3690
4180 8653
6905 8182
7495 2
4051 6103
7141 1854
5951 894
7005 1737
8020 735
1205 7502
4205 536
4306 7457
8925 2052
7351 1213
6894 7465
5054 7933
8369 818
3943 8006
4830 1405
4009 1457
425 2220
7817 4594
6544 385
6213 2979
9170 2464
6726 8089
3876 4485
2836 8876
7958 7452
8293 8331
722 2671
8950 4780
6085 1247
4088 2072
6666 5319
3300 1800
203 1174
5364 5912
7529 6044
2297 3502
321 4668
7781 5524
6262 5451
1916 8753
7097 1762
7997 8151
797 3287
2082 2899
4288 8742
7662 840
360 7002
8891 1356
6301 1088
7257 306
3110 795
518 4935
3565 3160
99 1193
782 9007
249 7802
647 8528
2867 4574
4091 5086
3406 438
204 2541
8018 8638
1514 7088
6395 6630
4861 642
6609 8799
3081 5688
3442 6431
8497 3191
7780 8155
9073 5106
5341 9162
1284 2853
3542 8951
7593 382
2644 909
1820 8602
4061 6538
4784 2920
7316 7578
2823 8530
1032 1383
6270 2393
8081 9205
3781 4955
9207 783
2117 4083
1522 2231
48 3941
4678 1521
2249 373
1002 622
5207 5432
8233 5792
5993 5605
4281 7751
7028 612
4127 4995
8087 8783
2495 2465
6302 377
4754 3150
7599 6408
383 3104
5827 1103
1015 5341
2546 595
8878 6482
8983 2245
5962 6589
4512 8673
1513 1527
6480 4019
1372 3307
4927 8444
5694 7675
2795 719
4984 1720
5982 7602
5115 4219
339 6162
5154 1352
3181 8790
8991 5181
8140 2269
992 4723
7184 6804
2781 6300
8062 9028
5697 6771
3987 9116
4795 6537
6529 4204
8745 6014
8806 9197
8063 4780
7198 2913
8213 1821
2315 4088
931 4120
3114 8563
9051 567
1044 570
4378 8406
8654 70
4615 1183
4743 73
6410 5506
3357 7857
5166 471
3924 2820
2132 2326
4879 4393
8922 4362
7016 3610
4181 6513
4547 3436
1318 7293
2489 8670
1898 6744
2130 7771
9132 5156
6352 4899
6305 2283
148 2283
5881 2757
8222 4115
27 448
4511 4950
1591 589
3076 6329
5599 5058
6902 8277
3397 6305
1379 7601
6888 4374
3394 6053
8128 6298
1828 3467
817 5234
7584 2660
2245 582
5698 3300
4250 1972
4063 7962
8535 1076
5920 5080
7025 4490
695 2099
8353 2025
3662 3087
5705 1531
7180 4397
5024 8712
6145 3208
7261 6063
7853 6027
9106 1915
7810 154
2143 8908
5693 1198
6718 6850
2196 1478
5710 3789
5185 4436
7360 8939
4555 4623
7681 3005
1954 8994
4780 7189
2105 432
1843 4545
5139 4418
4879 7502
554 6215
4677 1091
2824 2088
8345 5354
3565 4873
4806 324
8480 6529
2308 8010
2555 4204
2281 7474
5837 4217
3588 8579
1661 8036
4896 3888
168 406
4063 4499
6871 5925
1304 1007
8648 3533
2298 5933
1435 668
1370 4567
7692 2392
8282 7746
4133 8850
1933 2159
4686 8041
471 4013
4651 5419
1585 4969
4804 8123
4345 72
7979 2635
5480 1039
3614 2147
9044 3325
4159 3124
2335 6192
5690 6500
5840 3551
5651 8311
4270 5997
3245 3731
5698 4130
179 1010
909 5796
342 2624
3907 6927
4360 1330
2532 5582
4982 6630
6970 144
6122 1411
602 437
2245 4168
3957 3682
722 4584
4424 6572
1244 4037
4519 7067
1149 7626
7335 1052
4840 9063
396 3126
8312 7382
7827 4749
9138 1877
5559 4470
4718 4922
9011 6174
3979 8477
9141 6309
6154 4224
2672 6547
7838 8162
3757 6344
6716 8430
8540 7549
8376 6570
309 423
7768 6860
2956 7671
4356 2363
5829 2653
2375 7539
1595 4868
5423 6082
247 8775
1591 1212
9129 6443
2873 5743
7478 1552
7991 1526
3710 2344
9008 777
2906 1889
5738 5448
814 1657
212 5304
5570 3684
2084 2516
7066 1236
532 2627
3072 3593
4178 669
3483 8293
7934 288
4076 7752
6818 737
7628 6336
8936 742
1673 7931
3561 608
1208 841
6497 1633
2042 4737
3103 3902
5853 1492
5781 3097
3621 2111
4955 1125
2467 7416
8629 2644
980 3014
5332 4317
7712 63
5529 7040
632 3714
6608 7663
636 1053
6885 1979
7325 5329
1795 48
7172 7448
6332 871
8438 7913
2394 3744
521 1768
7171 2211
8717 4845
7542 2745
4090 3397
8948 6462
4222 1052
206 3122
5377 4708
6523 6624
3761 8171
4989 3336
3317 8505
2594 3047
4432 5359
4717 8784
1872 7505
7173 6368
9000 6551
3166 6415
7132 4643
2140 3258
315 8354
4664 8141
3173 1449
2959 1768
2610 3117
3809 6792
7041 1307
8682 6764
4938 2662
4926 4588
1031 2599
6393 6739
2683 778
5909 8659
6274 702
4419 8821
8913 2206
3731 757
2694 4909
3354 43
8558 1071
7295 2333
1060 163
7215 2753
2223 8257
729 6035
8486 6838
79 7930
5767 282
1676 4459
3533 3791
6871 7807
6479 2183
4975 242
658 1428
663 3747
8005 2506
6256 2535
1422 7356
3555 4625
1367 6432
4391 4716
1543 8912
2684 2914
5535 3014
600 8802
4399 7654
7163 1396
2347 5490
3669 5769
7195 4595
2003 4182
6945 7054
2989 3240
5543 634
2841 7537
4555 7896
672 9052
4800 4830
7540 1337
642 3802
2647 7677
5481 2900
7063 5079
2223 2936
388 5881
3869 1937
5564 6228
1724 3448
3227 2689
4563 4848
4783 233
5317 7666
6613 7609
3498 925
704 117
4972 1264
6905 7776
521 6050
1977 6275
6451 4541
8138 954
6903 7596
8862 3867
7564 8684
419 7387
1174 7154
684 2043
1126 344
7810 462
5968 1315
2435 19
6167 3873
1365 1286
7493 8924
3753 4056
8006 2575
3023 9200
6567 7157
8272 415
320 4809
2877 1332
6764 9023
2109 5881
3095 4210
2272 5547
3609 7227
7647 4670
2097 3792
8020 2095
1104 4666
222 5380
8196 5066
7106 2607
8629 2565
2280 2815
1163 8707
6879 6777
4599 3844
1402 1472
9100 9057
7313 4104
362 7894
7706 1245
5897 6173
8016 7347
8030 134
683 3335
6567 5688
2910 6116
2389 3408
6693 679
3079 2834
6181 80
8923 4790
3135 9202
2510 2003
7006 7437
884 4872
8336 5273
7825 7805
8662 4862
2749 6916
2297 2619
8673 136
2344 2299
6603 2017
927 6979
127 4688
7102 1986
5812 2956
8079 6841
4203 9165
4154 5076
2536 2740
8964 7690
8389 280
8913 2885
2953 6020
7847 4250
6840 1805
6876 2916
5161 4254
5121 1806
5904 6433
3911 6840
6112 5673
2412 5929
8701 5541
6035 882
114 7995
3369 8960
6909 7510
2968 8892
8313 3992
4554 7451
5214 2965
3621 6281
1130 8492
2825 8872
7579 268
2696 1239
5670 2818
6682 7302
4547 8110
8822 5461
4819 9125
4163 7401
7473 6284
9191 826
481 5176
162 7613
7541 7718
6992 8882
708 5691
2688 8667
6105 5146
1893 5497
4305 4095
881 2703
5484 2219
769 2509
30 7619
2030 720
6738 5436
3347 1568
4040 663
8440 4484
753 5599
3833 8811
7105 7095
4623 8359
2258 2144
1666 9024
2623 6572
337 6217
2339 1815
5610 4942
6725 90
5445 5183
3480 66
8538 871
1522 9123
8006 6593
7463 3557
5125 2121
1145 7864
3317 1186
4372 7976
4687 8113
9089 9031
1986 6642
1834 2937
6716 1015
6448 6823
2297 578
7707 4938
8983 1218
6178 3115
1430 3168
7234 5186
4649 6
5321 2485
4661 6805
334 4301
5291 8568
4255 8365
8811 4449
3300 1711
4465 5174
6088 1896
3044 7695
3226 3093
2961 8993
1334 4591
8368 2487
3044 4561
2680 5535
1975 1810
5828 8083
6526 6231
87 1064
6151 2636
5309 6860
4630 6204
4062 1149
3822 2523
1574 875
837 221
712 5670
6392 3992
7092 1056
8316 3592
8242 3045
8948 3854
5483 837
8568 1752
2938 1464
713 4693
3123 7409
5037 7503
2929 8210
405 4875
3374 173
8307 5877
2496 5960
363 1106
5737 5153
6224 8025
8376 4938
2242 5507
6497 9183
1942 3750
6667 8267
4650 402
858 6177
4739 5974
4135 8728
2362 8567
8411 5540
4268 8561
2243 385
8736 6474
5631 731
3704 2119
7913 6509
7624 6045
8293 1092
3841 6324
7863 2399
9179 5192
4689 4428
7176 1441
2967 5496
2733 4230
3794 8088
5438 4326
3683 5498
4247 7082
5545 3167
3340 5719
963 7212
2560 6389
6983 1766
1538 2079
5889 6655
1099 3705
3629 1860
4421 3628
8595 6233
7772 3532
4310 1175
491 4461
7686 953
3135 8707
6287 3569
8088 1568
6844 1140
7784 506
5652 2591
8921 4693
7625 4482
6374 7741
4385 1622
4070 4588
2196 887
4364 2381
6099 5306
1407 6705
3195 479
2936 2229
6863 6402
6961 8606
9037 7348
8657 264
4805 1168
5335 2630
7460 7216
239 610
4708 2999
2806 5826
3860 1692
7969 5004
3160 2838
7860 2001
4114 5344
2965 4336
8806 4163
501 6767
4646 7169
1684 8812
4170 3933
1173 7976
8654 7950
2318 3083
1126 4128
67 4962
2105 1460
4021 8841
5626 2941
4640 4742
5504 4140
9200 2726
3034 6359
444 4603
1720 2197
9162 5688
7608 1891
8728 2718
7420 5822
8205 8880
5222 1594
3224 8417
7278 3665
7906 7730
5650 8361
1224 3336
4491 1216
4196 3168
6233 6587
6765 6564
1768 975
5910 4374
7391 1216
1620 4638
6747 6782
29 2156
4603 4737
6297 340
7894 6564
7980 5279
8656 5220
2027 995
7052 8527
461 1911
2610 7716
4110 4585
8184 1918
7394 3389
4621 542
6284 4064
3363 2498
5687 222
6112 8790
7283 2897
4634 1578
738 6539
7350 3203
5944 9180
625 6362
6200 9203
9035 1006
7915 6429
1600 2972
9108 8614
5720 4531
250 7383
7915 6379
6452 6735
7565 6885
4753 6604
6189 3759
3394 1103
8400 936
7995 8033
4530 2159
2751 1642
5054 2120
3201 5281
6683 539
5489 6515
2204 6034
3310 8226
7180 9167
8452 1427
5677 4680
5432 3498
233 6997
7770 1845
6741 1755
2800 4589
3491 3985
6090 534
5927 4544
3621 2263
8540 7146
7631 8765
1277 1216
4324 599
3125 1737
3028 7482
7414 5902
4264 2088
72 2259
389 4868
744 2983
4932 7240
1550 7119
3086 6438
6286 4699
5276 2513
5409 5217
4471 7445
5126 8909
1665 7283
3366 5217
7729 5329
6112 3990
1713 1253
6811 3463
7656 7182
4693 1006
3152 2376
4956 7912
3970 6884
1285 8766
8813 1973
7589 3855
2189 1644
703 5275
2178 1752
1065 1304
5718 1246
8114 2181
6398 2056
5659 8638
255 2248
7774 1141
860 8564
3628 3127
7618 5913
1417 7780
9104 5272
3555 5151
7414 8326
3190 1196
2730 5251
1472 2167
1288 2335
5928 6324
7017 1955
8801 893
3370 7870
8405 5077
2766 2907
5848 729
4666 1475
567 7087
8213 7890
4564 5550
4206 7478
4978 8393
7446 8397
8178 2286
6110 5715
7640 2504
7815 3657
6048 6824
2525 8528
2191 3271
2794 8711
3572 8862
5189 6369
3417 6527
5136 1258
1357 1278
1695 1860
7171 2985
7723 9204
3013 3145
8116 7047
1195 6139
1181 5146
2211 9134
3800 7221
6123 2444
9101 1284
190 8819
6371 5587
8187 8557
1889 3314
2655 3287
5283 445
6148 4749
531 54
2080 1374
4419 161
2752 1664
4841 2265
6037 9144
3496 3389
1652 342
5853 3014
6962 736
5408 5674
6305 8375
1315 235
8862 8116
8815 7138
2681 7820
6164 2977
7264 2643
4515 5235
1672 2177
7494 5674
6819 5385
2697 4235
5062 2715
7377 758
5096 786
2989 2941
7636 8347
6454 8010
5351 3476
7270 99
3127 3646
3325 1044
5359 391
1779 6386
3643 8553
3212 7261
3884 7037
7391 2431
1623 5806
4066 1938
8936 732
385 8250
1997 2958
8000 3650
265 1169
2621 1333
6175 675
6687 2167
7619 7601
3868 1755
2602 5782
2226 6659
811 2721
6760 1138
982 5078
3255 6445
5114 4463
4325 5585
283 757
7895 1940
3868 2205
6066 7046
3545 4021
3913 79
4497 5099
6218 19
5780 2854
1355 4753
4049 6541
2544 1768
282 1596
8780 801
637 3778
6886 5087
1627 3088
9114 8286
281 2105
3524 7938
3267 4224
1960 7752
8249 6491
7073 281
1450 7146
3638 5497
1369 3181
8411 1322
2828 5801
5670 3880
5846 5944
2188 9200
3312 3487
3699 999
4836 6441
406 7552
1053 9055
6529 7798
7954 4874
3662 1277
1685 1009
5429 4033
9036 7081
6368 6369
3235 6
7059 6094
1878 5024
1047 6538
3474 1563
2938 7426
7977 6091
804 383
826 6195
101 7477
1438 6128
2280 4558
7146 7178
4021 8649
3392 3469
583 1329
1695 2908
9113 8449
3061 8458
8574 7812
2752 5391
6871 5504
1127 7743
6163 5408
6463 1129
4133 3552
6012 3057
4827 7549
2914 834
360 2994
8581 882
783 6206
5238 8715
7287 2344
5977 6201
1285 2
5680 6847
4813 6744
7808 837
2428 5657
3782 4154
6195 6039
5694 2404
3516 9171
951 514
401 6605
1946 3917
2946 8868
6497 3074
8018 6488
6853 1008
6035 279
7293 1776
29 2692
2244 1810
1257 1612
3760 8833
5864 326
4096 879
7462 1871
8647 3077
73 5301
8942 1733
736 4147
4727 2212
4958 1982
4861 7704
8305 5057
4679 3957
4591 8711
3371 1425
7488 4016
2140 6983
6012 2919
3207 3807
7074 4881
7309 3310
5563 4232
7547 3313
4824 4295
8856 7440
1544 3058
2151 6376
8372 6649
6442 7250
2075 6875
1231 7643
3832 4940
7218 8838
6755 7084
5118 4095
8214 8117
1694 8441
2970 8313
7586 4685
1709 7660
9093 1440
6991 286
3684 617
7986 2895
3829 1181
5575 2503
8195 6703
5888 6622
7135 8850
9120 1270
6200 3977
7797 8931
8052 3487
7937 3300
6999 312
1240 4246
1999 6263
2834 6232
4597 6581
2405 529
785 2818
2220 6062
2195 3584
2831 3192
6386 4985
1885 4445
7614 2823
2319 3283
4063 1687
3666 3482
5874 2733
6262 1881
7235 5501
6121 7110
8471 1979
5148 7181
4452 1659
7783 4444
1898 1348
6652 1914
6532 5191
1941 94
7681 1139
9080 781
2384 2861
6169 9104
2225 4871
1965 1666
7425 4445
2872 6312
2024 7482
5790 1995
7858 5814
3101 4988
1562 5827
8967 7572
8861 3238
496 960
4853 6424
6338 4394
3357 6955
4174 7468
2778 8129
4304 8831
8817 3789
5822 3811
9023 2410
6363 3144
9171 4821
8386 6827
4479 2550
7107 2747
6079 486
2068 2528
3390 6902
3798 6032
5641 1370
728 3341
4040 3577
3689 2408
7864 788
3289 5566
3988 2898
8183 3448
2116 4928
4773 7969
1251 3856
1030 2645
3086 8482
439 4707
6522 4475
5447 2074
791 886
2092 2139
8007 5190
2505 9135
7000 1799
4517 7737
1752 1980
3586 8610
5562 473
7482 5228
1808 6203
2168 7100
3661 8860
4803 7573
8850 6508
1240 5122
8562 1749
5970 2964
2419 6116
7681 6189
7926 5972
3944 6213
8017 5241
4297 2302
8833 4156
5858 323
796 1497
2666 4007
5211 5815
6198 6316
7340 4352
2149 8961
6144 5390
7075 4186
5386 3160
6390 7574
2142 6059
1468 7703
4135 7978
149 3444
9200 2826
3235 8933
1057 8987
179 4457
257 1293
24 400
75 8387
6218 2754
6552 4790
6719 4987
2244 3040
7506 8
3460 2782
6273 3757
8214 6764
7097 4440
3146 1006
8828 999
1922 233
441 2947
2858 2800
8638 875
135 2017
3281 5186
1058 2591
7575 9201
5533 3525
4133 2685
7723 7806
4543 5091
3423 5694
1955 7185
2911 3829
1728 1960
7370 4535
3959 3699
7028 2414
4662 1167
4908 1544
1601 458
9081 7675
8835 940
4605 2582
8512 8700
2325 320
8424 6687
7118 6114
7606 7976
36 4646
6806 8804
8216 7333
4025 6475
3637 5625
5898 5970
7115 8742
4690 1292
284 1612
6338 5425
7580 3953
3 6704
6696 3271
4554 5034
374 3894
1329 7882
3537 2065
1243 6047
8480 1430
3093 9143
6129 7211
4056 1714
8540 1195
4148 8049
4920 3147
4395 5172
7353 5030
9038 333
1307 7526
8005 5047
6331 77
4874 5062
4562 6549
3194 4901
3730 6033
5011 838
369 4265
3207 5827
396 602
7853 487
2908 5924
6170 1328
4142 2890
1027 5502
4075 4215
3101 2853
4629 1693
9135 4708
5099 1534
2550 6318
7248 506
8419 559
8983 5787
5717 2303
7569 5381
1423 5163
5679 353
4448 4227
4222 9037
4506 7578
4018 2837
8080 5686
4035 8483
2185 2935
2172 292
3609 961
3837 7905
3292 2415
5091 5735
6756 1068
8611 4381
2571 3258
7979 5833
6942 5382
9170 5322
8292 2090
5623 4770
4726 5748
4155 5786
5871 4133
7070 1880
745 2360
5675 3038
91 717
1540 3218
7715 1916
3544 4535
5975 6156
5744 3936
8274 4181
1100 2764
4871 178
2948 7209
1056 1441
1174 7813
1666 5640
4079 7033
3951 8896
5753 1749
3160 111
7942 8216
3443 5243
9204 5093
7308 1340
6824 2912
1003 6980
1308 3826
3174 8099
8999 7525
519 4892
2586 4712
8805 7718
6457 4737
1883 1230
4675 4631
7510 5431
898 9116
2470 5551
2195 748
858 2780
6792 8896
5644 8250
5163 8689
2314 143
7179 160
492 2302
4101 6075
2321 2321
6910 2589
5896 3250
6469 2039
2238 2171
299 501
8182 5350
8010 6072
7648 6049
7123 6414
7638 6342
671 4400
4767 1682
2519 4713
1037 7984
914 4067
8732 5588
96 38
8469 5715
2433 1762
4991 8963
6907 6300
7792 3651
7757 7524
156 7788
6131 7928
1782 3566
8390 3926
4405 8874
883 5044
7167 1724
4944 8127
3407 129
8791 9045
7837 1900
6891 3997
5557 6649
7959 3295
7413 7291
3580 7153
7333 5843
7400 7721
2346 570
1338 1172
7191 1292
539 1425
1045 8481
5377 5898
8866 6196
453 1478
5596 4467
6254 4703
7244 2632
2909 1974
4547 6423
5428 6387
843 7267
807 4094
3020 5089
411 8227
1191 800
6065 7959
6919 4930
4335 3735
3956 2692
712 7493
8290 376
7255 8489
2410 2932
6445 6011
69 2732
6205 5573
4339 9001
5713 6050
5963 4942
7205 1629
4255 9073
8408 6617
1400 5021
5070 5248
268 2604
3939 2495
9089 1191
1630 1915
7020 4297
4586 3784
8452 4244
1143 5814
5858 2585
8869 2608
2058 8399
6515 2644
14 4217
1346 3139
4055 7298
7326 3555
9187 4526
1475 2612
3179 160
8410 8811
1553 7136
9010 8674
6171 8217
8580 1185
2198 8905
4480 2983
6380 2736
7661 7828
5588 5822
7716 447
824 7940
5809 3694
1175 6496
1421 7647
8620 4169
6073 166
5672 9086
2572 4866
3827 2584
1160 3144
1945 3651
1615 1172
3322 6589
9163 4235
1204 4638
8421 3538
2586 7111
8669 162
2998 1054
8296 1539
112 5668
2100 32
4140 8967
7928 5209
3608 3788
6650 2484
4942 570
4830 7042
3429 7284
3624 4014
4212 6734
5792 1844
4659 2822
1400 602
3137 9164
5882 673
1351 8792
2979 3265
3029 9071
3898 3091
9048 4913
8653 8317
1586 8040
2457 6355
1883 7970
4854 8283
8301 4338
5551 6187
2025 4188
8971 8111
879 4470
3519 8849
6012 1361
1531 6539
2693 8935
2980 753
2855 5029
8772 6010
1396 6494
6302 7977
7163 2137
5722 650
3868 1534
4356 4294
5605 6107
6896 6050
1752 7960
3748 4111
129 7324
1977 4310
7887 2289
1641 7399
7260 8965
1641 8652
7721 1806
135 1598
8209 6470
9150 6078
7655 9049
7679 2172
7025 7334
2848 3682
2324 152
193 2550
464 2340
2372 5781
5218 7027
4518 8065
526 5597
7639 1768
7995 1681
2842 2636
7229 2518
5672 7696
3034 6313
2360 52
2298 6134
4055 537
1975 7167
1416 693
3260 6454
4346 7768
4328 1387
8808 1177
4613 8670
1444 144
6754 7006
1093 7824
1274 5683
1353 3693
9154 2948
8154 5862
6410 8212
6989 3436
7509 3282
5595 6667
6691 7740
4547 44
7146 1587
6084 2183
485 6085
4993 6072
2946 934
1536 3226
1817 8614
2531 5392
5636 1836
4344 6390
4814 4243
8402 4827
99 2308
3604 8523
7834 3090
7483 3743
8707 2932
6692 6724
6252 7187
8649 6897
8616 3688
1870 3731
3277 8126
7130 5791
17 437
3146 2227
6365 3297
3025 4563
8198 1082
8684 3539
3456 5873
1645 6332
4423 323
1811 4862
2581 7901
4841 2054
1803 8811
798 3832
4318 5584
3530 3467
1162 929
7724 1777
4316 7175
5042 5683
977 6993
4170 1862
1999 3728
8987 5611
2162 6922
1266 7867
1473 855
4212 7024
3535 4615
1765 5437
9201 7746
8173 2682
7851 5578
8551 1884
2073 2768
3055 8789
2773 2934
2959 6840
117 8873
3148 4481
1852 5900
2226 1781
5946 3463
7668 1791
6137 1511
5008 6666
4924 3666
4878 4371
7964 8250
8286 1051
2114 4296
8162 7898
7561 2044
4180 6546
7579 3115
3571 4213
6464 605
6725 7922
6012 6729
4562 2214
4963 6369
8158 2156
6873 3939
8052 5487
6737 7996
3315 1705
9090 3545
8936 1213
4952 2851
8942 6635
6501 4224
2557 1332
3676 2345
6209 5687
432 7535
3048 8106
5864 494
6793 8658
6746 8898
9193 6607
1138 8521
6495 8201
4083 757
3184 3207
5364 3264
6638 534
6214 4058
6176 4885
2184 8483
3261 7132
8533 2136
4570 7499
6959 2634
81 5510
7238 3705
6960 3738
5053 6191
1176 5884
5691 5734
8376 1409
8678 4829
5538 2862
1510 1481
3698 3449
8632 2083
5927 801
7529 756
8250 1349
9156 5608
3315 1728
7486 5092
8133 3155
7016 4237
916 4721
2001 8017
8094 9035
8911 1959
7529 6454
6740 4859
3437 2933
2891 628
1851 2495
3101 2344
4415 5166
1134 8382
2104 1807
2806 7600
1436 6882
2745 5254
5896 4366
3959 5741
8524 2385
7880 1929
386 6091
2654 2833
8925 3685
8092 3056
6336 5185
8976 5379
3767 4179
8538 8143
6789 7249
2795 5630
4952 8351
4016 6767
7650 5373
6476 6175
3345 8118
8755 8990
7318 8920
2883 7042
6075 425
1393 5510
6110 4748
3183 6463
2687 7601
3804 5807
193 7692
800 6758
5601 2494
2596 2735
4183 4942
4206 6375
7123 1610
3322 1186
4241 3657
686 4373
1193 564
8135 5254
4471 4280
4281 2817
7117 4471
978 7475
7332 2030
703 8413
5736 6180
3843 811
6038 3350
1254 3059
6481 3849
8283 2848
1382 8414
5612 3229
980 4342
3178 6231
8526 5596
4350 3076
7700 4859
4382 8229
8041 1141
1843 7175
3178 4120
4940 6431
960 2909
3245 7090
289 8534
6816 2076
1826 1355
8898 8630
7599 230
5189 6338
3648 5889
4583 6520
2021 4545
8640 6292
5814 8649
4740 6904
6937 7820
2472 5280
5979 228
3169 8633
382 4306
5742 8902
119 7158
8391 8591
4206 3483
1934 956
4708 2092
3398 3127
95 6219
9129 4203
7687 1874
8171 5609
2701 8884
3382 179
204 2296
159 968
331 2359
2628 1192
6246 5118
5301 1084
8380 7762
4194 8516
7100 7520
6500 7758
4649 7944
6263 3526
3735 8140
6193 6511
946 3847
5482 299
6761 8050
903 5892
7287 7989
2816 1856
3822 1393
3812 3268
8969 2854
4391 4383
2911 100
6675 8098
1069 2090
7525 7251
299 1739
3100 2995
7347 4406
6543 8307
6241 8034
1702 4503
6076 5863
606 2422
3863 5627
6692 3615
2105 7829
8571 5397
7577 4876
494 8782
7306 2528
3686 5305
7999 9042
2079 6344
5602 6231
6061 163
5028 8455
1806 4254
3742 5493
3416 7498
452 1224
8191 1106
150 5875
2978 4153
5361 2435
4797 921
5697 5132
471 1459
402 8894
9205 260
545 3129
1010 6597
5188 2777
6617 3397
5132 1199
6191 5021
4787 916
7971 2097
604 3715
6681 2156
4367 6903
6334 1379
278 5393
3562 9106
6290 6744
7656 7000
160 2358
691 8586
2702 7162
2206 1847
4442 6344
8961 5770
1955 7341
7554 3110
1789 4360
50 7764
6911 2514
2262 3403
7970 6863
470 3452
1937 2953
2705 9034
2618 148
109 2463
4752 6418
1382 3807
4614 1895
1683 5024
6618 6963
4849 3763
5971 843
8452 3001
621 1099
5949 6367
1287 1556
7328 6105
7032 137
1302 8913
4938 3203
958 8147
7394 6393
5985 5978
7681 7739
2834 4273
58 2634
5614 1098
7037 5132
5311 2902
1132 5421
1990 8833
7199 6698
8804 1649
8737 8451
2306 2014
4162 8150
6249 1616
1328 7463
2663 1521
8806 4891
3063 5819
708 7044
2939 1204
4882 7298
8284 8831
2389 274
4867 4443
1987 7910
5844 2781
2687 9093
8899 7019
3988 7337
3795 7043
5132 3486
7141 8709
3848 5829
3793 6422
2152 4415
6158 8926
881 5492
5388 4959
3735 3577
957 3338
292 2538
1213 3737
8297 2291
3501 3545
8182 5584
2776 2477
7720 6989
8659 444
4269 3358
1544 5217
3240 4465
4232 1496
6162 4065
2653 1832
4915 298
7047 277
4814 1040
7706 768
945 1876
7958 5708
4501 3486
1635 8460
2918 1807
8800 7935
7697 8861
6027 7182
6994 4679
5157 1049
8024 5495
3219 7710
5047 7624
1763 1466
5969 1990
4578 3111
8265 8490
4920 1482
6654 7672
4347 4978
6947 5897
6533 8968
4854 8342
1537 6470
5619 1204
464 3317
2170 4892
4196 1275
5134 4534
2186 191
1202 6991
4070 4111
2525 1860
963 4877
6308 7616
3834 4924
4321 1983
2911 6507
709 1795
9017 4407
1042 5735
2436 2937
5849 3663
926 169
3252 7751
6608 1240
6908 4353
1677 6106
1780 1546
598 8485
6066 3719
3328 5421
8200 9155
2571 153
5258 2231
1744 4902
8420 5191
6418 1482
8193 6291
4658 1613
8045 7390
4255 741
3296 2059
7827 5463
8820 2862
4218 6284
2986 7526
1387 8073
4155 731
291 6290
5332 1425
1990 4395
7244 1223
3770 6248
2630 6222
7489 4243
4749 3977
2887 7835
9147 5329
2411 5999
1087 6481
1197 5430
4417 5784
6880 147
4736 2016
1375 7770
59 8281
7309 1787
20 6088
1946 6034
1324 3168
2266 5609
2795 3195
3784 3681
4187 8898
2879 4207
3610 2785
5364 4731
7229 2640
8414 1032
1529 7900
5020 940
1537 6652
3432 3946
125 5562
6409 4415
2900 2745
7271 7037
4820 7186
3825 1755
8992 1676
6866 6156
3316 2649
4980 4521
154 4849
2391 2895
6114 4404
8997 4187
8093 3154
2313 7587
7316 6116
2719 5850
3039 8422
919 1099
5466 8426
8216 6534
5716 185
3553 2472
3891 21
2364 4233
7721 7940
3331 944
3292 1072
5994 3934
2708 8159
3575 871
2449 2043
6466 2803
8055 7101
3935 1205
3710 7798
3568 7955
5763 3315
9186 2635
1765 3705
3485 7047
5414 467
2111 605
7118 5155
1269 324
4504 7731
419 1172
6837 1132
2853 6762
6006 1236
5843 5148
4654 808
6105 5306
5727 1066
2057 5442
835 69
7684 6334
684 5731
5531 8483
8677 6471
3715 7381
1486 7072
5723 6719
1965 6258
6952 8845
5274 3641
1049 934
6162 2789
2269 7104
4936 8526
4870 3424
2860 1117
4894 3668
2559 2542
5551 2484
7920 3111
8007 4790
4475 263
8764 5089
7182 8422
3524 8456
780 289
6181 4415
2432 7831
3561 6353
1112 8377
7819 1810
1844 5768
4977 7247
1573 764
7776 7725
5357 5685
5756 1440
7329 43
288 371
6097 3320
4917 223
6622 7182
552 3307
4732 8592
3153 8785
3860 7615
9157 3484
4673 6689
7989 895
7556 1630
6835 2149
7598 5232
7051 2437
2831 6573
835 1596
4538 5801
4685 3929
4542 2059
7933 3388
4336 8409
6255 9015
5566 369
5804 3804
5487 3497
5505 1725
1121 2494
1695 2476
747 1193
1326 8470
5311 7559
2039 7942
4130 5997
5830 5298
1729 7535
1175 8370
8775 5826
6047 5779
1247 1136
6019 3377
4070 7110
3190 4447
534 6957
2548 4199
912 7291
8034 6049
685 8080
8871 4897
3501 8502
1958 6521
2028 758
4630 4457
4451 2364
6942 716
1440 2704
9152 8617
8532 4765
4379 4963
8745 1393
2898 4065
1298 5380
4441 7480
2459 2102
3012 2927
615 709
5587 3947
9145 5772
4465 572
5095 8070
2629 8768
7655 1900
6422 9080
2252 4648
5688 2707
8189 1162
744 6598
3375 7547
7856 2130
1957 2543
1600 2104
7619 7499
693 7405
3557 8760
1509 8450
5900 1324
7183 5897
1736 7887
7674 5663
2169 7814
741 4072
3463 2388
2176 1537
3037 5175
5982 4680
6792 334
2199 7399
8062 2619
2029 7545
6344 1942
956 6279
6123 3725
7415 2436
1358 6536
5929 639
9032 9152
1826 7000
7321 7775
8710 6996
7104 2986
327 945
6217 286
6091 4188
3977 3206
3215 4270
464 6931
1738 2088
4272 4449
4258 7864
3782 7287
8408 1879
8335 369
2766 8227
1899 8732
3905 636
1192 162
3745 4418
8404 1071
6173 755
1516 1197
8495 8564
7060 6736
1131 1093
6486 4542
4073 4776
5132 6105
6553 2637
2934 977
6993 1074
3154 342
8003 676
1968 6915
8198 1166
4594 7168
4522 4586
7353 5582
7317 781
6361 243
8251 7441
6296 5926
8970 6498
2301 6595
6625 7692
5114 231
2559 7523
1807 7567
5325 6074
4456 5717
7945 8921
649 6649
639 7789
5020 5489
420 3636
1105 4277
4822 5689
5207 779
9178 851
8155 9008
8505 8614
6286 7707
1146 5092
4904 5090
1567 164
1050 6706
3396 4891
1902 566
6938 9025
1618 1528
7853 245
2752 8869
6944 3262
8137 8148
5371 3970
8004 7871
2663 1927
1724 1108
3496 4262
5844 6189
4607 5852
2635 7610
438 2521
4407 5133
150 929
8745 4022
4236 8233
4685 6969
454 5386
4410 79
1930 7227
641 5991
3803 4874
7869 8948
5563 187
963 8404
4149 8408
5928 1625
4308 3581
3956 5230
6326 3957
2746 2703
1579 3413
538 136
7171 4941
4249 4440
2538 1886
7215 2505
127 1115
2421 4434
7196 4577
8115 7966
2466 2458
3250 7283
792 7266
2289 5139
1677 8549
6689 3731
6515 5436
5344 8633
3010 8534
4333 8274
1027 8608
2363 607
1835 4826
7510 4272
546 4697
5283 1187
2604 943
6312 7077
8086 5154
5709 5225
1233 4023
3254 3266
817 1373
2230 6750
3652 7122
8863 2062
6546 8465
703 5654
2481 7791
4926 7341
5845 4096
5868 1770
3890 3527
3268 5740
8747 2068
2616 1114
4867 611
5144 4367
5587 6064
4720 696
7823 53
1590 3338
5416 4450
2314 5933
7578 7880
8333 8471
4005 6107
6749 5641
2185 8991
4517 932
2007 899
8028 763
5496 7359
3502 3980
2060 6282
3060 4096
5933 839
7921 9013
3519 490
5119 7237
1426 4470
8732 2764
4188 7979
4017 1934
892 6378
935 7895
7451 4122
6549 4239
976 5411
4694 5715
548 7257
9110 4145
302 6169
7732 916
3826 7206
7298 7526
1709 7639
7913 1584
3492 4528
5746 1539
1190 2128
3017 9017
5866 5860
6276 8337
4740 5786
5048 1666
3723 1068
3337 1433
5596 858
8629 4470
8322 94
489 1072
4166 227
4756 5907
4460 1029
3120 3704
6826 4229
4964 1339
9068 1516
5776 2581
8511 514
6858 861
901 4902
7138 2369
3489 2338
853 1089
8066 8909
2882 2276
2174 4571
2603 532
3072 1555
4287 5400
9009 1881
4317 5819
6777 6718
7687 8672
4593 6077
4499 4699
2818 7619
4254 7224
5109 8146
2428 2316
4431 8634
3515 5645
6062 1119
1634 9073
1191 1530
4510 8695
813 2445
1963 5086
6835 8500
3084 2862
7501 2480
5903 2603
8180 2183
5769 4667
4442 6391
2281 8447
1113 8705
7288 2289
2312 6650
6758 2971
5495 2988
5302 5372
2957 1685
6950 3017
8962 8524
6823 6213
6219 5116
160 2229
7573 4767
4691 6927
1633 810
2474 8282
2273 2238
1781 6267
7030 3326
863 3877
8273 7813
6879 8747
1608 1041
4290 2721
2680 9134
5081 4948
5646 8980
6525 1533
4131 713
420 1595
3452 6526
2373 146
5439 3151
8624 6229
1934 2145
2575 5316
934 5870
2156 8851
2194 613
1430 161
5999 7342
9130 2885
7876 310
8390 6861
8301 5078
7012 3840
2756 1975
8251 3451
550 2020
191 8601
7919 4329
6491 114
4843 2125
541 4867
3410 1276
7659 4449
3681 2903
6370 8597
6560 8487
5674 1053
2106 3966
4799 3706
4293 4321
5492 5329
4070 6192
7908 1543
7052 4831
2338 6990
343 1811
1486 6657
5530 2146
8224 5846
3587 8743
2477 6393
2945 5503
8477 160
3141 5771
6141 6540
3948 8059
6820 4534
7134 1231
2718 4543
759 2391
8873 1311
3110 5903
5990 913
8976 8229
336 478
6502 2854
3557 3503
2840 4694
7531 214
7010 5528
7720 5502
6516 2080
32 4630
306 6703
4014 7843
2821 6531
5807 377
4111 7219
7596 411
257 6987
4095 6384
5083 1056
785 5813
518 2204
8076 5833
644 8417
4127 5854
215 8782
5996 4027
2041 2722
6612 6716
2758 351
1742 4562
5266 3613
3080 5927
2720 9159
8937 5083
2453 8136
5406 5333
4705 1598
1256 7448
1607 6875
6859 1838
833 4907
6436 983
1442 2798
3930 7094
7933 876
7810 875
3710 7273
2103 6582
8838 7908
2053 1147
5866 4359
3493 4481
5450 3216
5904 212
2323 1575
3308 6709
5528 4679
6135 8146
4989 5267
4221 5582
7886 1019
3585 7802
6235 7842
8244 5312
2848 9006
3432 4870
4063 3954
5917 314
299 2988
2992 2118
4921 8497
1974 4101
4599 673
2817 4895
881 8297
4838 8283
4368 5784
5603 2879
8489 658
7150 2624
8494 1423
8195 4165
5017 2810
4161 3143
3921 5515
4785 8989
1163 6299
3937 1013
6512 84
4025 5225
2136 3577
8920 1231
8789 5675
3728 2077
717 7903
1859 2887
7432 5717
9080 5705
1056 7191
6566 2570
6673 1612
8840 6381
3884 5331
423 3175
8265 6320
3474 1067
6090 2483
286 4639
1608 1282
8280 4705
1861 8461
2397 5323
227 2888
5632 4133
120 8142
5639 2344
8569 8595
7099 3351
6308 3074
5071 2370
4209 401
7865 1831
1555 1817
1056 5947
5466 3289
481 2543
2540 947
7282 8662
1102 9147
5086 9210
7163 1278
2673 8523
3226 2384
7581 7027
6604 5960
557 3432
2262 2377
73 1013
638 6176
6675 1014
360 8915
6683 812
2084 3241
309 158
7397 2298
3880 6764
4077 6331
7386 6870
1918 6897
7753 6372
641 870
1591 6892
530 2383
2488 2190
1951 2590
8533 6220
2248 731
3098 4328
516 969
3709 4496
617 7777
3775 5043
4020 3107
1556 1829
3807 7304
6738 8314
7828 1020
7066 4723
4533 1774
3922 5601
4910 991
6605 2652
6639 8436
8791 3850
5151 2646
437 8785
1447 4144
8443 4615
1574 6590
5248 3369
5226 765
7446 7131
3980 4838
7424 6621
4995 1060
3002 5643
8421 375
8529 1717
1085 798
141 2667
8300 7261
7033 4963
4634 1961
5122 3096
1107 7716
305 8499
6930 8323
4359 3940
3709 8384
1075 8135
6336 4430
7229 4219
1914 2536
7073 8595
1830 8446
6596 650
7070 4660
5522 2845
2242 4510
8601 7362
8750 7229
1115 1031
6356 6682
2773 5492
4832 6715
4860 6206
2157 7041
4465 8572
7511 5535
6256 2318
185 2087
3585 8113
2428 2383
6251 8499
1834 4617
418 9171
4575 544
1059 1118
527 2770
750 3905
5142 6371
9099 6582
4906 2198
5302 4666
8856 6701
2905 8
1173 4011
7574 90
3680 8135
7488 7686
6663 6161
6338 1804
544 5985
6615 5295
4912 8884
5835 351
4571 4747
7483 4620
8476 1208
333 2464
5486 4994
5237 3213
6326 737
1634 370
6148 5342
4612 3606
719 5912
4567 6000
3939 1622
861 2886
5929 2818
4230 4826
4661 3696
8061 2809
5131 3060
8987 8605
2509 8202
6872 769
7058 7592
2170 104
4323 6345
5206 7569
2128 8930
2306 2387
8858 4381
8700 7174
7618 265
2620 7557
7322 2705
8878 7751
6815 4254
691 5125
5037 7531
2561 4449
1781 6742
4467 7380
3751 6736
426 1250
7234 9149
1620 4260
2515 2478
2854 7397
2751 1990
7671 1242
636 925
2847 4946
9028 4521
6479 4162
5124 8471
878 8871
7112 6052
4921 7319
2375 1005
3609 2720
595 4569
8158 5909
8984 1451
205 155
207 1166
4333 2545
6002 5202
8284 465
7402 5566
5259 7557
2626 1595
5818 4881
6768 1455
1147 1185
7788 4120
4496 1349
7908 5266
4099 1086
3674 7461
1008 8381
8949 8335
5291 3644
7525 4544
9096 274
4123 1037
2783 8726
4509 8222
4742 5825
8573 1405
3080 3453
6562 9115
2337 3784
7512 5797
4269 68
4638 7924
7039 1235
5624 781
5175 3337
6186 5683
4579 6912
4822 1040
2590 1091
8548 1202
120 603
6659 6467
8231 7350
7383 2230
6578 4930
3345 3428
2615 8755
5918 3414
1136 2990
1787 9118
3166 7803
4563 7450
3451 7872
4280 8599
2812 6723
4914 4482
362 7204
3621 4061
5125 3614
3060 3904
4504 850
3586 7177
8986 1679
6934 7012
2037 6213
1252 2973
6639 4577
2326 5294
8804 976
1529 2001
1211 8990
2132 8880
2484 1232
1143 5755
8861 4903
8429 2740
4902 1903
5706 1612
8416 3377
2595 7333
3792 3726
4233 6870
1882 7672
6405 2409
3761 1029
5153 7236
5406 1188
4193 2178
6670 6958
9040 490
416 4722
4622 487
4732 9086
7670 8864
8281 2395
4977 3790
2805 909
8669 5127
55 6917
5701 2685
7652 7509
1080 1152
582 4696
2993 5694
4085 3575
2251 5953
3034 6477
6491 7518
6604 6942
3809 2688
3617 4764
2788 9021
2955 8794
5329 6569
7817 3213
4431 2260
2561 3075
4941 2884
6502 6200
4821 3618
4571 3194
3143 1132
2409 3045
7383 6628
7742 314
1274 4681
1284 1796
5228 1539
4598 9169
1219 6521
1757 4661
7339 6541
5280 7481
6879 6089
2157 3829
7368 4644
7877 2785
1229 5335
301 2481
1192 7773
6060 594
1366 7514
8518 3832
531 3189
480 910
3391 1564
2506 4691
3410 2190
2870 3456
5280 5084
5400 9204
6596 6781
8864 1840
7580 1714
3186 6492
8440 1948
8995 4518
8388 2996
4223 7770
1491 4456
1611 7898
6897 469
6333 8814
8841 8622
3558 1936
4543 5858
5114 7372
2278 979
4010 3779
8430 5001
8996 7393
1925 7130
1118 8677
4800 3968
7774 8667
6595 9153
2937 5153
7364 3056
1300 5063
767 116
1502 3081
7160 8899
2280 95
7684 6184
8701 8824
3540 799
1151 4345
4509 8658
3226 8285
2198 5729
9150 2606
6839 6777
5051 8500
8506 746
2067 7319
6435 8641
6100 7506
2905 7728
6059 8833
2342 212
7744 4676
5858 4060
705 4698
5964 7420
6831 6969
4498 8833
8046 2053
4217 5847
968 1314
6558 4735
8103 469
4417 3601
7083 439
791 3544
631 7390
2714 8298
5395 3930
5837 6386
3753 1332
8957 5776
3171 209
5358 5653
8126 4091
1336 4219
1033 6380
8778 6427
5091 767
3061 1004
4111 5335
4966 4992
1442 6402
7853 4348
8194 2396
3608 646
4866 8222
4387 5915
9086 8169
8393 4377
6189 4265
1848 3599
3973 1054
694 7306
5585 3175
9091 1672
6610 5653
4841 2859
8915 213
2068 3506
7005 7616
1082 6931
3307 1067
563 4788
1457 7723
7172 6016
2932 3226
728 8791
8665 7206
3764 5853
5646 7543
6121 3344
3790 3119
6242 4572
1898 5343
2155 6701
3289 8958
4444 3728
5552 8648
1699 2871
1783 9014
2943 7206
7829 6806
761 7893
4394 2954
3990 7108
1155 2889
6542 6592
8303 463
2229 4254
4593 4396
6012 7617
1137 1629
442 6831
3342 5661
5165 8934
6499 8123
1952 5799
6553 631
7350 462
3489 8715
274 3205
4475 2856
4458 6087
5367 5859
2551 5046
268 1252
1390 8130
5655 5260
5441 2899
4677 6837
2117 4245
6425 5894
7923 2192
2985 3486
8181 3153
658 7546
6457 3142
6615 1053
4255 6619
9067 68
6242 816
2549 2717
288 4054
8663 6247
1908 4174
4210 6341
7303 3063
7334 2976
3515 8129
2045 5384
3674 950
4744 5568
7464 141
913 7629
4276 5170
7965 3332
4345 6821
2352 6656
5578 8368
716 1726
1542 2840
6926 1146
1185 8255
1648 3495
8440 8661
5931 1409
8554 2573
1720 2457
355 6508
532 2419
7803 4519
7461 327
7285 8556
3228 2800
3440 7745
5911 7614
692 7280
6158 3416
1516 2909
2092 2935
6997 4057
6452 8452
5157 4465
1577 1740
3215 9036
2258 2362
6530 8899
1782 3992
5580 4073
300 2095
8822 2617
152 6133
5939 4559
4302 6859
9166 2156
8059 3247
7527 7135
4830 3768
2540 3685
6175 6236
1733 2171
758 4297
382 6507
8301 5035
4898 1484
1559 7127
8960 8171
2178 2180
2548 1326
1930 6570
1722 4921
1931 6259
2225 959
8850 2828
1277 3661
1050 3767
7359 1510
5282 5178
7200 1850
2475 4008
1393 1840
906 4310
7035 8880
5130 8922
6974 5889
8762 8479
513 4669
7954 4416
3779 2649
6893 2856
6523 734
4087 5795
6051 1577
987 1254
506 7321
5129 7102
122 4978
4872 903
6632 3971
8578 5287
6982 2339
8080 4859
7959 1564
329 3877
7561 1182
3597 1021
8984 3881
7968 6120
1393 8478
4981 8187
661 2912
4669 4565
1369 3001
4296 7504
8748 6423
410 6894
8760 7488
7478 4968
1304 4457
703 1320
4236 1469
6871 8473
7047 7592
346 673
6863 6242
8082 1394
4264 3757
5051 276
3799 8365
892 6789
184 5167
2156 623
7443 8268
6220 809
8372 3184
2827 1092
2031 997
1626 1920
7395 4876
4319 2263
7006 7243
9026 5401
4723 8057
955 978
1771 5126
3978 1389
7648 6290
8038 8599
4680 8205
4078 1757
2473 7851
7180 1019
7145 6013
7455 4696
1091 8692
6675 3297
6094 9017
6878 5241
871 1201
8344 3510
7644 2580
3893 734
8395 2858
6923 5734
346 575
313 1876
452 3168
1456 138
3566 4431
5557 6468
9056 4019
4445 2786
8662 5984
7844 4603
3435 5035
5011 601
1509 5271
5249 8649
4419 3065
8368 6844
2460 5790
4404 8273
3887 4348
6018 461
2765 3649
1225 633
6375 4108
4589 8957
9169 2084
3848 1777
7643 6921
2627 8817
108 241
3669 2941
3927 4204
9043 8353
2032 716
6850 3190
1790 2683
8725 1814
4005 6667
753 6856
5675 1571
8675 4663
3712 294
8095 5126
5060 8862
7769 3334
6254 7856
6208 1051
2827 6714
4617 4164
2960 9024
6575 3972
3097 8001
6432 8083
5053 5850
7481 8475
9082 8538
7014 3620
3581 2978
2772 938
3257 4885
3027 5022
3578 7183
6555 4737
3671 3771
4065 1236
5389 7692
3257 3777
3972 598
5903 6899
2931 6056
8198 8704
6452 9197
359 444
4134 7866
6841 2166
6165 2384
2363 504
8000 2273
5304 1989
6802 697
5502 5570
5005 5669
1082 7896
7853 2833
1239 7832
1281 1970
3014 7433
3290 4710
1166 2298
2939 3237
7645 3669
1220 5090
7853 2179
4470 4032
2214 8184
27 1920
2229 4431
8897 2296
532 3816
6885 3880
6462 2401
5498 6709
4735 3497
2838 5092
212 7025
4187 1305
87 961
3982 2100
6428 4301
5947 3690
5901 5473
7915 4474
1763 6566
5467 406
4035 7261
3409 3096
3445 2057
329 4739
2287 6353
3941 7450
354 9154
8937 3029
9207 2878
6853 4921
8095 4140
253 6811
6313 4302
4756 8910
5042 448
271 3806
2523 2875
6584 754
8437 7202
3870 5584
7655 8577
1742 1842
7481 6286
7960 3215
1520 6603
1592 4022
1273 9200
3879 5891
2528 4375
2538 5472
7982 3718
2438 4081
4866 7982
4746 502
3181 3599
281 7955
3595 1307
8505 2749
6931 6943
7522 5418
9147 3457
6036 6938
8178 6990
2619 7761
8444 8594
1375 2893
8936 7709
4536 4455
4262 6987
4839 8546
6524 3654
5545 1413
2331 6814
8101 8946
5363 8885
7012 8147
5431 6666
4561 8573
7797 8273
1589 5318
1003 5602
774 6205
5297 1696
3922 5509
7129 6445
5012 3193
6107 5775
7261 437
6419 3177
4649 5318
8397 8627
7425 8853
1501 5422
4485 4992
3919 3332
2217 7703
7249 1824
1260 7099
8700 332
3801 3788
1386 3336
3342 3657
2738 4511
2721 3252
8989 4414
5690 9171
7572 184
4887 5649
4853 1774
318 419
6639 4582
2248 1783
606 2479
3744 5160
9034 4815
8501 7379
2016 3801
7508 788
172 6013
1214 265
7896 8382
2894 8856
3002 7101
1302 4293
5457 6120
1111 3668
7193 2012
4581 5783
1524 729
1176 1165
4170 8440
5407 1267
8548 3566
4647 3383
526 5812
10 1791
8685 1092
7038 8051
4415 6917
2307 3096
8091 7264
3711 1613
6524 466
4266 5744
4544 8947
435 8733
5075 2788
3159 5454
554 2499
8100 2742
1404 6334
2781 5911
5663 1693
9090 5988
2193 826
184 635
3572 4656
101 2748
6072 7640
166 8284
6316 6184
703 8144
8795 662
8365 2384
7388 8655
5776 2228
9088 2635
8566 5089
8261 5909
1472 6170
751 7927
403 3125
2203 8408
3453 4762
1875 3807
5795 8512
2566 2489
9021 4721
3152 6664
4349 8918
4249 3813
181 1745
5117 7706
1463 3459
1713 5941
1201 7094
3820 8812
3223 3853
2813 3495
5569 6837
2790 599
6448 7335
2055 2053
3126 2963
6191 5728
1899 1454
1019 1037
7759 7068
3677 4632
724 71
294 5621
6693 3204
1780 8388
5981 1701
6810 8573
4983 7139
2657 4015
6404 8562
2719 474
469 72
5978 1658
1155 5237
6788 6196
4788 4520
3629 5226
3468 4709
2548 1332
5970 6793
2136 9099
8588 5139
9012 4286
2090 10
5426 8075
5199 6497
8782 589
2198 5772
6575 5841
7228 4493
7619 7926
4112 5176
6310 1814
8314 4869
5716 1974
5951 707
7816 8677
1988 1952
6035 160
6195 6679
6326 3069
1770 8763
838 8208
2679 1930
7884 5590
438 3010
4391 987
3703 5042
122 6193
8961 7742
2783 4438
358 7744
2982 1618
4503 6543
9091 6598
8534 2092
3214 2985
8306 8073
93 3835
9001 1273
6192 1349
8756 5665
1504 6463
3671 6773
1835 5898
6477 9189
3095 4651
4751 5547
2940 3088
8657 8159
2917 524
5110 4372
2914 102
7854 713
8222 301
1587 2993
3654 3897
337 7696
6119 8212
5803 992
383 4001
569 9041
6591 807
6030 4061
2069 280
220 3982
8169 8864
1672 4812
1414 3077
1218 8190
4561 6005
5948 6253
5090 8303
3416 6084
1542 7112
3345 9144
823 7489
2166 5192
8707 1223
5480 5668
5652 3526
3832 923
102 5094
2799 6604
8583 4624
8926 473
2087 541
5593 4527
3935 521
5082 5114
5724 430
7189 2005
7803 123
5181 6197
8440 4921
5131 6765
8931 2959
7407 2012
6664 1998
3991 6631
1747 8529
1382 8880
8649 2423
7458 3254
5199 2785
5993 5811
1524 9112
1305 7470
2136 8820
4944 5641
5374 2657
4762 1763
5122 8773
5404 8922
2037 4432
5755 3995
5628 4512
5303 136
5645 5124
6013 8068
4198 6529
7091 6944
8564 1187
5134 7623
8776 2775
5894 213
2461 6105
5482 2273
7231 2773
1344 4233
2374 6572
2009 5975
9032 2592
1075 6815
7991 7631
4304 1764
3352 754
3649 8317
274 7151
1449 919
7060 4486
7813 2912
1081 5549
3277 6588
8976 2367
1455 3006
1990 6793
1796 5294
5481 353
2287 2955
8061 6656
4053 3414
5436 7496
6917 5993
4057 1302
8355 7983
2717 5877
5640 3335
4108 1456
5285 1732
6950 3516
7715 4506
7121 2560
8270 9038
4228 8327
1081 2521
5451 8452
2995 123
2486 7672
792 8399
6321 1473
1656 1820
732 5586
3465 8256
7952 3820
249 5816
3094 8678
5664 5234
856 8685
9096 3087
1846 5146
4464 3152
2551 7845
4025 8032
942 3310
5168 2659
7099 1621
7771 2702
3016 840
5259 1650
5915 5452
8178 5681
8776 3747
5671 3171
4604 8494
2164 6253
5727 6952
5922 9190
5318 7907
3939 7008
5434 2154
8796 6457
4135 4118
3553 7784
5991 4895
2568 3430
155 9080
3707 7484
1223 8505
7533 8950
516 5356
5423 136
937 1048
7348 8968
3580 6830
1824 7181
3351 2744
5678 9121
5597 119
2325 9118
2140 5503
6732 7314
7761 7712
4709 6729
3896 8303
7067 7036
7965 340
8528 2591
7211 8925
8604 6184
1549 6691
7012 8465
8150 5783
4053 8495
7724 4625
7108 1056
6834 7350
6817 2459
8531 7504
2627 2246
2951 440
4239 2049
2564 1063
8891 9064
4068 1728
1490 7961
7191 9
6386 3296
4393 8441
39 2728
220 7463
2515 4453
6398 741
7856 909
2077 4938
3993 2089
5726 6051
7398 2404
8872 8466
4487 8379
3923 4002
1407 1298
3676 2518
4063 8420
9051 793
5551 6419
2101 5556
8319 7618
1494 7307
205 7179
8898 2863
5443 737
3604 2062
5516 2720
6801 1574
5374 6823
6010 8507
7477 5783
8812 7085
3225 352
116 6354
5963 1001
5550 2562
3804 2613
5122 5898
344 435
3510 4124
842 1386
8783 6163
7950 7299
1277 1333
2134 3464
7072 8770
348 2076
285 8002
6983 2060
2851 320
1384 2800
2016 8448
6934 350
3667 6940
3148 6349
3392 3735
1153 170
107 6075
3904 6152
7090 6795
3443 5039
2509 8843
5584 4601
3461 1857
4303 5368
4243 3126
1512 8685
3904 2795
1194 7384
3779 3317
8907 6541
5886 4528
38 8691
6072 6047
3141 7205
8098 8443
4300 3374
1551 4460
5826 7418
6214 8030
3812 786
1978 4593
2776 8993
2190 3885
2482 3577
8772 2108
1097 2010
4955 6142
7645 8408
4783 2789
3345 5938
1931 8398
283 2818
728 7976
2485 4420
1566 1300
4015 6596
6055 9193
5597 35
8253 2790
8080 1034
8540 5165
4630 8691
6746 1322
8058 3299
353 1649
6583 4426
6530 5843
1464 5668
3530 4719
61 5761
4738 7973
3573 8463
3388 3999
6825 7240
8855 5160
3820 1532
7096 8312
5012 5563
7539 8997
2308 3167
6986 5856
4820 4652
5866 7042
394 3653
3044 5962
5303 2967
8047 2538
811 838
1568 5340
4819 6893
1538 1628
4523 6388
3682 306
2190 5901
8544 490
6160 6322
2505 7946
6714 1530
2600 7197
7551 7170
356 987
5146 5347
8066 1050
3407 6662
8157 7138
2657 2235
9018 4372
3704 4235
7138 7889
2307 6162
6832 8826
7805 2589
6981 1680
2184 59
7662 1574
4004 7771
4361 6977
132 8922
4161 7004
5581 5607
2592 5836
5561 8430
8198 6549
3986 3402
1247 3475
1468 1879
8156 5711
3723 6804
6552 2946
8577 8742
1923 7592
5497 4984
1804 3068
289 3118
3437 7765
488 1726
5065 6447
2725 4518
3818 6691
1626 6090
1042 4215
4200 8761
5653 1919
2443 5580
2334 1128
8725 4470
741 2159
5532 3229
6414 7218
5068 1045
6444 8593
2883 1897
2993 1440
4184 6978
5410 8964
7946 4523
8455 2588
3695 6896
7902 2762
2725 2504
2368 7372
6054 4881
6493 312
4500 2860
1267 1281
2371 478
5015 3555
8072 3675
2 6859
4730 958
3608 8965
895 5108
6809 7565
7519 1906
704 1553
4288 6507
3978 4324
2868 8440
5235 2715
1036 2663
572 4810
4327 1798
1020 4539
4777 5521
6615 1075
3925 7011
7740 3712
7548 718
6712 1579
5292 3473
5492 2266
7897 2396
841 8744
1142 4098
7939 8673
3401 1174
5718 2950
5684 6160
7538 2639
1283 4710
4687 1237
8414 4284
3175 1052
5491 6948
8961 3379
1299 5597
8033 3912
7520 7409
1319 2396
1393 7519
3434 1601
5692 3712
3596 1006
7624 5977
5241 6064
4498 8229
6836 8983
5175 689
893 7055
5558 1483
2525 6371
8883 5172
9127 5067
2067 280
6863 6922
2162 7001
2132 4512
2321 7382
8976 5579
7835 810
4243 3468
3983 3730
987 7647
5717 8011
370 7252
546 2168
1528 4421
8448 412
4343 10
4769 6878
1845 400
1054 5830
5034 6815
5380 9172
1782 4795
5582 8883
339 7279
5684 5855
7102 7048
1251 1499
5071 6326
4730 2321
6956 1416
6281 3422
1639 8747
4186 1877
94 9009
2115 44
1471 5982
181 6967
3855 1633
5195 1460
907 7496
7367 3704
8616 5076
7394 6681
5477 1868
2644 1982
1627 6966
842 3782
6072 7910
8187 193
320 40
619 4147
397 5500
138 8706
2274 2551
9027 1081
7412 8969
652 9047
8912 3815
5955 3816
6899 2681
7418 2421
8931 7701
6089 5017
5559 6969
3752 258
4150 3028
606 8581
6299 8293
1049 5609
3140 8633
4455 3605
7789 4347
4599 5683
374 6939
4928 1979
5013 8778
586 4475
6678 2034
8504 5287
8873 2356
4444 6695
8576 1298
4094 5133
1030 3110
7976 8817
8914 6881
2582 7613
9207 784
4927 3018
7759 3693
2690 3424
452 8466
3338 3513
5874 9147
4613 1280
5281 3391
3279 1291
5750 4011
3320 3539
427 8423
3053 5262
7504 5547
2690 2495
8401 5085
6647 5733
2766 885
5753 1680
6121 3700
567 4387
1813 2394
4027 8956
6300 6169
4041 321
2195 8711
5313 5668
7363 8309
6575 3527
312 6194
2992 4979
3604 1784
320 2511
8146 97
4944 4782
7205 1937
1938 2950
4053 7753
6078 2699
5792 140
594 6289
6090 1689
932 2177
2745 4248
3071 4347
497 8325
6139 7242
1407 5926
4886 7810
2639 6746
2720 1001
2359 8632
8911 6154
428 8351
5416 3754
5849 5545
3688 4320
8608 6139
8978 4785
124 438
7917 8429
7797 3732
7586 5795
1951 6236
9171 8683
490 5047
8276 6356
3661 2394
8087 7071
1491 5865
923 693
3760 6598
644 6077
6127 6147
3603 1958
967 8394
7987 3122
5710 5688
4094 8501
2162 4907
4911 5135
4448 5313
6458 8575
2368 7416
7639 5449
6141 4255
4909 3010
979 2950
8597 8495
2427 7106
3166 8078
2059 5747
6162 9030
5279 3377
4727 4024
7212 7554
144 196
3165 7288
8656 2924
8647 1189
6733 5083
402 5444
7309 1642
6544 4159
6560 2139
4500 643
7808 1274
3855 6437
8876 4479
6427 6429
3236 5871
7013 5316
2272 7582
4407 5052
6066 1987
796 6031
8030 1455
3213 3097
2210 1617
6179 6543
157 2478
4406 7237
7568 1829
7694 993
3518 5507
7287 6705
6994 8447
1266 5702
2016 33
7864 64
72 6974
2334 7569
1244 7195
4438 2420
5181 2999
3894 5148
8962 9118
2896 3866
5026 6229
2153 5946
3293 2710
4435 5857
3170 6073
5695 638
7679 546
2304 7123
6766 1463
4262 723
8203 9070
6697 3307
3969 9114
7705 5474
30 8462
1706 1833
8375 437
4126 6440
5833 921
7917 5142
8021 5701
4301 7422
7820 8447
8341 4328
256 9043
246 3237
7895 3109
4096 8460
3589 286
1307 6719
7520 2008
3365 7360
795 7303
5091 9023
7957 8908
3547 4702
7215 220
3767 5180
8398 7351
3726 3533
6160 1852
6192 6584
3659 7311
2723 6330
7042 1754
1512 7012
7493 3510
2456 4440
4860 2726
1672 323
8749 4001
6833 6302
3596 1150
8502 2085
597 5914
1486 2749
8580 3189
6253 8434
6168 4071
7947 4398
2992 664
7268 4155
6608 4251
7502 4858
4541 2732
8877 3213
4480 1231
8023 5009
6549 6393
2251 4875
847 1629
1374 290
3630 7647
6446 6649
8734 2704
1516 442
6572 1040
2122 6715
5400 2421
248 4030
1357 4357
7827 979
4160 5117
2880 6064
2118 7898
2418 5108
6579 7475
5365 3677
2496 4257
7760 1316
8587 1965
9010 5186
2176 3946
8483 641
6361 3210
7257 7482
4233 3246
435 8336
4455 6177
4431 2014
6540 2507
2250 2415
3339 5961
7952 4692
3627 3638
8655 2985
839 4710
8178 8833
544 7974
531 794
7283 1159
631 167
8224 7578
7945 3654
5032 2779
5741 7359
1292 4318
5370 872
1801 3034
5470 6876
1878 3741
1787 5323
8155 1552
429 4726
4797 1828
6039 1698
1193 5681
4365 2244
5131 957
1245 1100
1524 7923
3094 7070
2298 7558
3446 819
3964 175
3345 5290
3786 2008
133 808
4742 5616
4892 5032
1949 350
7049 1727
3083 7494
3418 2334
4536 8868
7752 3450
6409 8894
1312 9011
1451 3982
7095 2913
4993 4144
2047 3606
6120 8341
7969 9159
2733 4326
5880 3366
2753 3304
1666 3505
4840 900
1755 1233
6268 3385
1472 6340
2492 2570
6826 5543
920 1192
1334 8845
3830 7909
6169 9154
2289 1956
6139 2649
4043 5043
8682 7477
1191 6985
4079 3967
4432 4504
5459 5747
6394 7039
3001 7471
1468 9140
806 8971
8236 7010
3972 918
8963 3330
8907 2757
5030 955
3134 5248
1826 5726
5845 1656
7484 8961
5496 623
9157 665
1525 1766
4004 3997
7718 7283
2942 5941
9184 9026
3382 871
4746 2231
3607 8987
8871 2966
3796 2980
184 5770
8685 6444
6952 3550
5449 3090
5559 8324
5939 5977
4410 6237
7110 6430
2952 856
3084 982
5527 4023
7250 2657
7231 674
2665 8802
6829 6171
1692 2950
5124 1209
8827 125
5467 7769
2844 1377
1198 8289
7342 4007
2862 7499
7007 6583
2089 1598
7490 8155
7444 4799
6714 1686
3628 7753
2373 1223
7140 110
7785 1790
4947 241
2672 2948
3173 4603
2744 1098
4608 796
2233 2108
900 8827
1288 7029
6539 3155
2795 704
97 7526
1925 1736
191 2780
6773 5428
8498 8956
8859 5706
6762 3650
6510 1752
2961 7535
5693 6393
1448 5066
7560 1072
5148 7446
3738 5452
808 5431
8265 7406
8411 5005
4750 3382
3338 5282
3184 3083
254 4467
135 458
6502 7283
6447 4518
4816 7274
7631 862
5948 3983
5118 1600
6207 4113
1562 273
914 5076
9141 1404
8901 6977
3736 5402
8079 7402
1981 3956
5734 622
1158 8118
8495 4888
2094 7705
2648 7058
4426 5743
6717 8741
6031 2868
1795 8118
7762 5885
7987 5425
8028 4245
6369 4715
1336 8311
7973 983
9049 1039
7037 4052
1867 6200
8744 790
6796 7032
2742 3066
2773 6189
8570 7158
222 9073
7147 7344
7848 7052
4965 3572
4971 94
3381 1997
7241 9164
7560 7499
1867 162
8447 2846
1773 7490
3541 5238
663 901
1349 3354
1747 6926
7302 2204
3524 5278
2381 2725
7424 5987
3588 6996
7267 8339
6540 6512
5952 3005
6792 6972
6001 1160
7022 6849
6069 3290
4528 327
5934 3892
8226 7009
8347 4321
6605 7698
1437 7827
8774 8825
8701 2518
7629 3501
3431 1307
1664 398
8536 6860
1681 7910
4908 527
2737 5530
7625 3057
4190 8496
8087 3542
1851 6722
6649 5979
3552 3013
1988 4630
1720 8445
7242 7323
166 689
277 9032
2595 4360
1301 8529
7681 8062
7996 8010
4281 7256
3078 5236
5332 215
3803 8709
2889 6840
1111 4979
1283 499
3655 5807
9084 3348
1747 4227
207 488
7093 3281
7744 1502
8536 1180
227 8768
9207 2671
4353 2904
5231 2439
9137 9048
3999 3501
9124 523
3057 4948
3985 302
7925 5941
6081 7549
2178 5542
1549 5326
3187 8080
8713 4107
4021 6177
6971 3035
8428 2112
4664 8791
7700 6457
7268 1964
3977 6352
2754 6011
3892 5501
1193 2812
6704 8540
957 2028
3645 2245
4097 7347
1284 3217
6584 2028
6661 2174
3159 1037
1798 5477
3497 406
79 6131
6229 8639
7377 3716
773 8995
6722 5159
4589 4095
8783 3303
3908 63
2436 8405
4752 1601
4430 3511
8858 5705
4198 3385
1452 6407
8265 1139
4284 8353
4362 1694
7454 6178
2300 7349
785 5627
734 6165
8431 2728
3108 26
3614 2563
6650 1671
9164 536
2292 5959
5390 2963
3516 6234
7993 6838
562 7341
8471 3957
7719 7610
8192 611
6335 5659
7629 8110
1108 5666
3703 1253
2300 8367
5338 7713
1387 7372
3055 4511
3794 5588
5603 5895
1143 1397
2588 6362
6068 5659
7679 7896
7258 6243
7473 8757
6081 3019
1486 2174
3884 7048
9043 4091
8367 3866
3118 2720
650 5148
4352 2458
4201 3450
3954 6846
6652 6840
4109 3125
6082 5427
4984 6933
7793 2600
4195 7968
1360 3901
6604 3208
7575 6336
7136 5391
2186 8222
6575 7448
8968 8928
4691 3300
345 2855
952 6236
5734 1994
3084 2755
1516 2198
7699 3987
7156 6813
1506 3663
5970 6582
9061 7789
1698 3270
4617 4438
5693 3588
596 5782
7505 1933
1984 5575
1119 4531
4209 3351
3960 4930
7319 6246
6109 2528
5976 8729
1263 3678
3136 3740
3500 5991
5369 2506
1024 8119
6808 8740
5859 1442
1165 4997
8747 6782
2991 1124
2025 1652
5625 4931
847 7928
5442 2326
7773 1699
7579 83
3305 784
5771 3888
7228 7676
2494 1489
5557 4186
2125 2457
5416 6649
3759 2325
5675 7334
5381 3360
140 1268
3078 1585
5670 7730
5254 912
494 5706
61 9113
5364 2707
1799 4923
8001 4514
7068 4449
324 413
2634 1569
3164 5931
5985 2364
4449 2153
8366 4967
450 5450
6416 7721
2880 3668
4079 2217
6086 2870
3695 2271
3850 511
7987 7984
5686 6083
1647 1846
1851 5089
7014 8695
8912 3422
2211 6162
6696 2858
6309 1388
7503 1625
204 294
974 8624
370 7991
1745 6134
3168 2197
7687 9170
9116 2490
1087 7832
1233 5192
7504 5731
3508 4074
7809 8157
2908 7516
8728 7685
2899 385
5108 6663
2672 6414
4370 3711
7542 7520
1336 2409
3723 5730
1872 4191
901 3212
1201 1270
201 3701
8547 3525
4441 6518
5188 6434
8940 6835
5626 405
6039 5107
5151 6652
8787 5650
1848 2586
7896 8181
6344 2497
3955 8080
9013 521
6939 8842
2162 4757
7320 1335
7730 941
3736 1249
6904 3760
6767 7008
5145 1608
563 7559
8497 2050
1892 8818
1537 8564
7501 4973
4882 1535
6523 3761
2826 8767
6043 3945
5159 6036
1249 4351
148 7235
5815 5836
937 1797
2861 3734
597 7187
717 6160
6497 140
8485 4322
6019 3497
6129 2582
430 4386
1107 8677
5637 8220
6009 5630
7772 7372
1751 5135
164 6163
6521 2844
1001 3702
4148 3907
8813 5773
3473 7113
4779 5981
8326 8657
3205 6389
5927 4231
7816 6396
2322 67
1185 7827
6373 7105
492 864
3855 654
8658 1548
5263 154
7478 521
4284 5257
1396 6416
3027 6394
1437 5669
4123 2726
7860 8399
7460 3543
895 4516
8095 6557
7262 5438
2480 7808
6773 3617
6895 408
7756 3142
1008 4221
2557 7703
2331 241
7073 1322
5181 2507
4884 1975
6501 3427
1256 7808
5538 4006
8043 1839
6206 5700
5016 5112
705 5798
7312 6916
4501 5399
5360 7461
6097 7000
4510 7933
690 2531
2356 7992
5063 6004
29 3188
9105 1580
5749 8465
62 2523
7451 6881
1238 3793
1680 7428
7034 8755
3278 4031
2562 4404
8275 1809
6893 6597
2889 7352
3269 3205
2330 6112
5059 6256
5191 6979
9165 8547
4313 6786
4216 2829
1347 7687
170 3634
541 2594
3695 1677
1999 4149
6314 4700
9168 8108
5521 2473
1343 1739
5600 1331
6487 5632
4070 5034
3323 2827
7922 8292
7845 3224
2154 4289
6276 4107
2061 3881
1958 1200
3056 4445
9159 8846
1855 2587
137 3932
2704 1448
1144 3946
5868 7000
8607 7154
4043 2819
8981 2998
1098 9085
8807 9090
8838 7169
5776 3425
2848 6103
6001 8861
2865 3186
8820 4746
6012 8338
1331 6225
3112 1551
1270 3368
4424 5625
6977 2798
1554 5868
1598 5712
4650 3964
778 5356
8981 6686
1066 8471
760 6146
79 5139
2772 1399
7810 3542
3420 5043
1996 1287
3177 7526
4013 7515
6993 4341
442 2848
5886 6686
2504 8765
187 4412
6677 6304
575 7173
7089 2456
4169 5887
3456 6948
5250 3781
5720 5381
5995 5507
4337 3023
3515 2286
3437 2595
8202 2827
1669 6069
1998 383
6788 175
1013 6960
9034 1302
2678 2079
3384 3444
3371 95
5693 330
4990 3396
3733 5806
7956 3937
317 2133
7619 8597
6989 5744
876 1054
2160 6238
8821 2931
4674 8499
4273 8843
7790 6105
951 6072
4432 8499
7900 5574
5938 8338
8926 3893
6124 2346
7635 6381
6432 5684
4678 4509
9194 7424
8058 7738
4893 5608
4412 7636
5282 3643
5171 8363
828 4983
3440 7256
8892 1732
679 5448
2460 7993
4406 7353
7430 693
1129 7414
5003 2192
3144 4799
430 8610
2632 3868
1752 1486
8469 5735
4634 4552
867 4794
6711 3411
906 1051
3662 442
7225 390
8119 2812
4048 8174
6869 7850
3292 1944
8973 4410
4626 5373
5108 7378
697 4780
1554 4782
6347 2717
1211 2982
5698 354
6833 2862
565 5524
1157 8737
4528 2450
5832 7678
4168 9061
3908 7824
2845 968
9053 5986
3331 3992
783 1580
8999 8149
1479 8733
4005 3027
425 823
3245 7294
4522 8837
6780 6313
3672 1089
3734 4603
1229 5056
7197 637
3704 2329
8098 7374
1969 5732
5255 1287
9018 7824
2213 1584
1100 6968
8572 4565
7910 1674
2875 8904
1290 2526
5284 8323
3222 6633
3434 5875
6267 199
423 7670
8388 7782
28 6281
5521 4170
8278 4558
3204 2333
5250 2299
1354 6594
2726 4139
1632 5432
6720 3846
2614 6713
7870 1183
7532 7355
8820 8533
1328 3910
810 7150
6573 1925
4103 3897
7520 1122
1125 4755
7434 6562
3977 684
3523 5458
4749 7861
755 7876
483 5451
8654 2514
7780 2457
2434 6903
8710 4115
5555 3596
2267 1608
8836 1916
2232 448
8780 6944
4754 41
4174 7778
2495 5456
3257 3367
2663 6780
705 847
1016 78
9120 7097
1130 2101
211 3141
3484 5393
6091 4890
3765 3228
1667 6882
3938 1196
8855 4218
7131 6594
5679 7903
3043 1750
3358 772
2874 2123
7074 8517
860 1030
2525 2240
8725 1886
7307 7223
6003 2513
9122 2666
6642 619
2811 3822
2665 8793
6570 93
1596 1660
1834 6376
2449 5930
6493 4977
14 6203
376 6949
836 3838
2040 8919
4173 905
6381 6400
2385 7657
6476 6627
7939 6867
5202 6203
5823 5245
6735 403
1520 8328
7425 7863
14 4998
5817 3852
8443 8995
4327 2797
1820 5828
212 7003
2117 8251
6327 9139
5497 9111
4056 8801
8469 2659
8380 528
5557 6280
2381 5431
6315 7765
3043 7451
4401 5080
5394 6146
1049 5358
530 9187
4791 2287
4229 2021
8101 584
5312 773
1571 5506
2692 3516
3351 4314
2973 337
4671 8685
1062 2018
2653 6911
795 2066
4851 6034
5862 8975
2874 8789
2456 1055
7265 6435
2587 465
5159 5747
8048 6506
9005 386
8495 911
139 7584
4779 12
478 5196
2692 4075
4617 6266
3638 4585
317 6930
6339 7433
5988 1552
3119 353
4512 7766
4555 4435
1377 5965
5445 6370
6293 7786
1528 816
7434 3190
7163 1760
871 8791
1821 4114
9151 9135
728 2482
3016 5437
421 2077
8967 5857
6108 3610
5248 3008
1673 9010
7122 2722
500 4811
825 6494
731 1864
6584 6294
5110 8990
1786 5324
2435 2020
4351 5699
6358 2067
8998 610
5281 7892
831 5216
7638 5977
663 4227
5691 8713
426 3589
4736 1585
6968 1071
5297 1746
7716 8231
5549 739
6097 2984
5404 1164
4624 3233
6838 9099
2046 6640
3695 8125
6500 4053
5311 1280
1961 5715
8527 9130
4349 6314
8059 2229
4070 8448
7102 7497
8209 4068
905 6140
2698 5234
3778 71
4171 5946
5182 3050
6105 6889
3985 8983
3893 7700
6384 4702
3451 5176
3571 177
1465 7058
147 1273
5177 435
1599 3557
9080 2540
497 5622
8905 447
3894 4430
960 7260
2589 5368
732 4057
5935 4297
1772 3705
521 2100
5095 4384
7375 8391
475 339
5237 2599
1924 9023
1801 8231
558 1110
4328 5826
5093 7112
9152 7026
2290 4528
391 5495
6023 4740
7803 7838
5232 3947
14 1389
764 8872
5734 7272
4766 1889
1599 8015
8663 9119
8148 7128
2254 3365
2565 4526
8778 4518
9095 537
3171 7764
5877 8689
3975 6945
5346 7072
2548 2899
1903 5862
8910 3618
8265 8860
8499 7962
8739 1610
4834 8914
3373 7320
8921 1540
8298 1692
5128 864
4840 6737
4855 3736
6454 8153
6390 2644
7942 1780
2325 6960
1404 9107
3084 8400
2172 5532
6371 5197
6274 4529
1610 4225
5611 2012
3678 2422
5467 2755
8755 6320
380 1603
457 783
3117 1992
6306 3971
7624 9120
617 790
5451 3808
8093 9041
8598 2134
3291 9024
6813 3860
6953 924
8505 499
5754 4806
6179 7012
8698 6559
7618 1791
7676 1199
2003 5894
5930 341
5206 6183
2149 8863
8022 833
1799 8475
4965 1748
886 6473
7440 9125
5616 8565
4769 5483
7231 7330
1130 43
8714 2345
948 4421
4130 1333
7383 988
7349 7160
4583 5831
5924 6440
2093 9039
7590 5494
7271 3588
8227 8001
1166 2695
3201 4253
1539 5095
1834 336
994 1148
2718 3708
8628 1867
2944 1098
7498 6718
3804 3048
8871 9027
6884 8658
7604 155
4303 1541
3576 1801
1442 4927
4986 7550
1212 2229
652 4392
2809 4277
6886 4422
699 164
6645 873
6959 8892
5622 2347
5160 2118
1761 769
4 9206
7253 4863
7016 2630
2451 6645
5714 5996
6088 3617
7313 2977
6348 2388
1136 7869
188 3706
9078 5423
3257 3543
1721 3081
6958 4590
677 2240
4559 4309
6182 2579
1717 7161
3345 125
5089 1063
521 3708
4435 4534
8908 1820
151 2824
5814 8222
2932 8854
874 2031
5464 3249
9026 7247
189 4297
5344 8578
2182 1697
3924 4342
1561 2394
832 8857
5116 1304
276 3615
2174 3512
3817 6155
877 6273
8483 4769
7024 2138
3524 5507
91 5680
3208 180
5384 5052
933 3157
5670 6990
3625 8978
7350 948
4564 2077
1589 1159
4249 1805
2877 3508
5589 268
753 188
228 797
8441 1023
5134 6517
5705 5902
5298 4097
7251 409
6839 4817
4672 1263
3478 839
5869 3237
6990 1764
1798 2868
6683 4671
2789 7717
4748 1858
563 7439
1188 8321
9167 6865
7070 7171
5342 1309
8799 1708
7578 5607
8619 296
5536 4120
5080 1756
8607 2024
2182 4938
6315 3232
8777 3817
7892 4368
4950 8610
8331 372
3297 8583
7991 7309
5506 4356
2026 6315
5146 1615
6815 633
7119 277
8908 3532
7475 1413
1714 3481
6716 2775
4362 2966
852 32
6142 6376
1015 8673
2331 55
1622 184
420 171
5482 622
5834 6304
8993 8668
1267 8048
7153 7945
7568 282
8921 1386
2538 5203
3677 6371
7911 9152
4078 2037
2361 1181
6656 9098
6234 7658
2254 1463
3079 4291
7370 4679
5425 8902
7843 2076
5004 2756
5794 3171
5136 1801
4484 7640
2421 8945
3653 742
1722 2360
8692 1826
7088 2545
6875 1493
4145 3557
2361 1293
3281 3401
2026 7331
4768 8088
1531 3890
3273 7442
5401 8488
4600 8430
4031 8947
2179 2133
1386 715
7025 6178
462 8726
8833 8185
4906 9059
5836 1892
3451 8188
2249 5747
1456 3830
521 4098
5307 3185
3110 2403
7988 4905
5028 1045
1047 7340
7538 1555
9093 5486
5702 2890
2338 264
8385 1670
4074 6204
2445 4782
7040 7178
7337 1096
990 5229
8629 8643
2027 5206
6397 8538
4102 7705
3737 3831
5645 7906
3400 130
219 6438
10 925
1702 6483
730 7359
1469 8339
8066 1746
3059 6123
1959 8129
1309 741
7247 2496
5477 6575
7478 1938
7864 2516
7850 4513
1976 5521
4172 5937
2673 3097
7878 3883
3341 6445
5466 2242
7441 716
6575 1037
8942 3519
1477 798
6816 5733
6036 1452
6067 7717
6557 7367
5699 6787
2837 2927
8948 4603
6974 3772
3436 3350
3445 4639
1221 3020
3115 8400
951 7722
518 7127
7962 1787
7207 3437
8949 4243
7636 8971
1081 3309
1424 6135
5296 6642
4294 5498
5375 6798
4927 3402
5794 8698
6416 4079
1411 7531
8734 3258
431 1043
2241 373
8470 6864
2743 1416
5807 8397
89 5915
2872 2989
5551 3398
4317 554
1015 2943
2411 1956
7930 2020
3069 4449
1433 3291
2924 7345
3120 1418
3757 8081
8219 831
1325 7419
8313 6815
6713 2989
4643 1997
3878 4887
5252 1621
3736 5823
4251 9120
3181 728
8477 190
178 8629
1576 743
6415 778
4613 1
1322 829
5648 3046
3649 8323
5029 2900
1659 169
1561 9093
1268 300
740 4853
891 4134
2153 8348
7329 1287
2065 5686
6631 1744
4261 8980
4089 3465
1964 3793
747 2035
4806 1926
1987 2378
944 4514
853 3276
2373 5006
2563 6249
8304 6156
6640 8453
5459 555
4260 1145
4585 8963
6422 2343
3518 4880
6667 5795
344 5848
3888 7464
9149 8131
1257 2036
1594 8746
6987 8491
9015 7678
4685 3706
3366 5846
535 3465
6371 6696
2958 5310
1111 5268
6082 7601
3094 746
8815 6592
5409 5310
2441 127
6649 1434
742 8163
3818 6249
8087 5303
9203 7739
9080 173
5580 1420
3424 1781
5719 4099
6877 1163
5487 17
6796 6025
7569 1855
7801 1342
7546 2594
6313 1682
1402 8277
6878 6639
5801 8478
2135 5584
2437 2145
3314 6254
6946 3606
6382 1000
4939 8391
30 2311
4225 6599
6356 4640
3867 2995
9088 1658
7049 8670
4385 1350
5314 9209
704 4366
3388 4028
8738 7014
4714 4677
3239 8672
447 3579
914 374
994 1419
1546 4950
3204 4330
1132 6465
371 7364
7830 8238
4549 1979
2877 704
4523 3711
3114 5700
3845 7179
4469 6993
9122 2315
2557 5710
1504 2810
1391 6978
3460 5747
3342 2941
8029 752
2932 8210
1005 7284
3526 5865
1442 8607
5320 3610
3391 8653
2508 5342
7617 8956
8791 5131
6680 2155
3799 154
2766 5891
5216 4512
6235 2706
5110 2813
4842 906
5132 3347
3708 2238
3092 1563
4676 5826
964 6972
2741 1076
4718 5428
4952 1798
4852 4109
7010 2637
4148 8433
6008 3353
5015 6309
8007 1894
7497 8848
1476 4995
8708 7849
2717 8774
783 7808
162 5369
2012 4754
1779 4193
2703 7883
6379 4931
6331 648
1768 5615
3426 3112
1092 350
3202 8768
3339 6895
936 3575
938 7578
5535 7348
5146 503
3013 952
6498 7174
2927 468
4313 8403
4041 7867
6191 8857
7484 1111
8392 6790
7745 1913
5876 6498
4876 9185
5297 2605
3900 8708
7777 5499
2114 1521
6366 8042
3267 8737
3997 5126
6805 6854
1540 764
1296 540
3950 2222
2245 630
4971 4213
5634 949
347 2580
8247 2549
2902 8945
6800 10
3625 236
2664 8133
3677 6513
6771 618
6239 4909
2850 3115
8678 4663
5928 5950
7475 5569
2615 7879
1749 9137
6392 7727
4439 831
5868 1207
7995 8957
5783 1513
8452 111
6390 7721
2474 8875
8729 7120
1191 7473
1527 8465
5520 4625
8908 8533
6265 8810
637 6782
2546 4731
2936 45
2963 4926
8783 4651
7732 8988
1962 3922
5161 7542
789 8864
5282 8879
5986 1675
6171 9142
1348 3747
5722 7826
8351 7878
8089 8902
3513 2809
3902 8459
6969 3950
332 122
5188 335
7873 556
1753 5734
6372 4938
8409 1431
230 5739
1534 198
4732 5394
5181 7255
2394 2236
707 5840
8125 7574
6405 4118
6156 7586
7601 4619
5459 6641
4390 8975
8300 4051
176 2972
540 6441
1738 3838
179 4957
9080 129
5726 4495
7454 8172
6794 8001
9067 6191
1620 1135
6052 9066
31 3922
6798 2705
121 4517
7297 8833
4509 65
3160 5002
4637 2139
6237 2787
3251 1813
3174 4790
6180 4319
6563 4343
5735 8952
125 9026
536 8716
6456 3139
943 5549
8354 3719
7821 8947
6749 4743
3346 1288
2745 4534
7631 3918
2661 7874
1574 2164
791 3648
4758 7873
6758 6111
6521 2901
4062 8664
2816 4841
4224 2736
9123 8034
6533 3239
9156 2158
4249 8449
3724 1776
5198 6195
8014 1165
4518 5465
8070 379
4192 5395
4362 7745
235 8580
2865 3491
5762 3673
1099 5653
2647 3576
8428 4151
8691 3001
2695 7777
2477 5717
1670 9096
5234 2170
8708 4205
669 6921
4928 7435
1719 7637
2056 8201
1960 4666
8701 2856
2986 2074
8704 2106
1080 117
8434 1850
7006 2134
9004 5723
4989 7501
3267 1107
3773 6409
2419 7847
7371 8439
9181 7298
3827 4285
7072 2314
6125 5865
7228 3659
7755 5448
5477 5106
8379 6230
619 1383
8336 6591
3626 7861
5437 7594
1809 3682
2920 3929
924 5991
413 7522
9057 2570
7761 8980
8411 3949
6817 3693
8186 1186
6137 6653
690 2114
1735 8888
1802 332
7616 9035
1753 2859
3604 2082
3327 778
839 7859
6322 8029
3958 1283
1606 8061
5810 8111
7198 3835
7048 8880
6621 383
455 2083
9182 6377
1513 4790
5927 536
636 6724
2700 3391
545 6361
5913 5947
2803 649
5359 293
3008 1930
5735 5721
8570 1136
6637 3437
4410 5883
5916 6247
7814 8308
1699 2346
5281 4425
2249 6948
7253 9154
3163 276
2278 1690
6560 7552
2400 8398
6001 7310
1094 2269
1500 4242
9087 1599
2410 8549
1064 3894
6969 499
446 4631
2226 1100
2210 5226
934 7885
6417 5486
443 707
8156 4615
5761 1564
7600 8593
5133 2523
5171 8797
2616 5810
2495 6916
3141 5269
435 5267
8618 2149
2761 3248
2930 4810
3089 2373
8788 4729
6771 8281
7982 3306
7784 6150
7307 6688
134 9029
6337 1552
4896 8652
5527 8360
1796 6030
4045 8484
1828 5795
5326 499
42 4997
8724 7183
1074 2059
8925 6865
4031 2628
7860 5311
6582 3930
4195 5608
1945 7246
6853 1604
4748 2059
8756 8468
5390 6235
2276 6196
334 161
645 6615
1595 3291
3187 2173
8002 982
8051 3591
4612 8587
7872 6715
8988 3010
3706 829
8057 7298
41 3325
7784 5310
5123 1521
4546 5056
2138 6591
1702 3078
7663 3508
3122 5901
4995 5733
8757 6355
89 157
4139 5235
4301 6051
5082 3797
2791 7400
3724 6726
8185 638
8452 6448
611 5639
304 1643
9157 3888
1140 7651
8764 5721
2061 6197
2975 6071
1459 235
3333 2106
4581 5923
5639 75
201 7116
3674 4527
8954 2977
640 2603
628 7747
6268 2405
367 3955
4804 5236
7129 6531
216 6158
4435 1966
2344 974
1922 1915
4560 467
3310 9194
6846 5156
5046 6066
785 1333
3614 5648
7947 2260
2373 4917
4799 4753
1112 7692
6716 878
1376 1030
1966 1053
5068 8529
5167 6044
7085 3366
7779 4153
2696 5165
399 4025
4471 6821
1830 7623
3128 2491
668 4238
1886 3389
8722 307
2750 1943
1454 3360
1306 5252
6991 5916
843 4548
8351 6101
33 2566
2796 8734
2927 3731
5830 7717
3209 8587
4207 4627
7815 8567
8868 3864
1685 7131
4751 4669
3865 3068
5181 7948
287 6738
1861 3467
4969 7702
1711 5409
8363 3222
3656 4408
4944 7868
8152 4819
568 5387
6768 441
8439 3312
2999 2993
4672 5449
7988 1626
5837 4763
1733 8519
3105 6570
8711 6812
2171 5010
4255 4742
2549 2000
2389 3261
3718 7544
7041 2795
8710 3482
6821 1338
4617 3919
3969 3025
4389 3555
2352 1303
7231 1200
3746 8186
3821 1926
8302 378
4996 8334
272 8431
6666 6291
625 7864
7631 5103
4809 7361
2150 3260
3637 1034
3651 5777
3804 5468
5288 5256
4879 4875
6852 3513
5080 5968
298 7780
1972 6697
8471 1207
5907 4153
1845 1775
4996 2477
9105 4777
5906 7568
4334 5805
3343 3306
5475 494
6511 7233
7212 6911
6714 2066
5982 6308
8160 8255
6052 528
6639 8870
6929 7695
3221 325
5233 8029
1352 8974
789 2563
3855 5987
2735 3403
2706 2614
2767 5041
4851 7997
1468 1361
7038 8673
1902 4880
3263 3469
2299 5393
