7384 1185
4390 3576
4470 1317
6831 2299
5719 521
4613 348
6755 1440
1532 5209
278 344
7119 813
3422 1734
6564 5920
1540 966
7120 4684
745 1180
3322 3765
761 2932
2828 5380
5005 5138
3587 3601
2202 6079
4792 3778
655 4657
6638 4468
6485 2534
5084 3564
319 3981
2949 5691
2792 705
6290 6652
3611 1378
4602 6347
3806 2810
4544 2708
400 1633
2986 6589
5401 4989
5498 1081
1601 7009
5109 2922
3552 1121
600 5994
3221 495
5803 2150
3698 2422
5342 7272
845 729
3096 1079
489 5550
3358 5573
938 5980
2064 125
728 950
2799 543
1003 99
3819 4577
6333 6875
6889 2411
1077 329
1714 6711
5983 6152
1782 2996
5672 531
1151 4686
2848 1548
4499 411
5984 6704
3936 6428
123 6302
3572 7166
2225 6394
2813 6036
4158 5483
1898 35
2938 4941
1245 5801
4249 1459
7200 11
1610 1981
1692 6226
5741 3593
6537 4249
1718 5993
4392 550
7006 1721
2860 4274
2552 6948
1582 5519
7217 3946
6936 3245
2497 1952
1073 4337
6134 5828
7079 2066
1423 5235
363 4185
6190 2872
6270 6317
1199 1547
1378 3615
6133 781
6755 3033
5756 1195
4132 3038
865 4702
5246 7254
7213 2046
1498 6857
6464 4110
2648 4565
6195 4096
64 3430
1910 1446
4758 5480
5111 1994
4187 4492
4908 3219
6750 5117
1792 2149
5449 4342
601 2827
663 2250
2483 6627
5196 1143
461 4734
4381 6127
3616 6162
143 5981
2392 3262
4011 2929
659 5466
5943 4064
3087 49
4679 43
593 6812
6298 4977
2079 2316
2962 3148
5382 2515
1163 1813
1663 5767
3716 2405
4821 6668
147 362
1658 1829
3875 2522
4807 6295
5609 486
7074 5802
3461 3038
2106 4397
3451 6765
5446 5637
1488 4489
3107 913
6122 1313
5740 2485
6657 2955
2356 3905
6354 625
4199 1166
1633 5687
302 6340
6278 3364
281 3
5457 1147
6559 3620
2200 7381
7218 650
2063 548
2693 491
2966 2582
6983 341
4118 2172
4449 1535
269 1838
3347 6189
6506 1462
3757 5063
2042 1885
2833 1023
4385 6261
2518 3669
5724 5341
2790 5232
482 2642
5633 4427
5803 5728
4987 4842
441 2821
633 848
6355 6430
5897 6247
4737 3209
4359 4890
665 5662
5660 2994
5584 4002
7168 4540
4588 2561
5336 4099
1302 6711
6435 6327
6893 4860
1742 6169
789 114
3656 2977
3575 260
5951 1407
4682 1644
6449 331
5751 2609
6847 5873
4770 3484
1316 1172
1196 1509
1123 6510
2765 1951
6174 6153
3127 3956
4563 5365
1822 1750
1945 87
7244 2756
5904 7202
7057 3701
6422 7364
3383 4820
1798 1343
1571 2775
4315 2259
5808 4558
1027 349
3893 3565
6582 6966
5839 4638
4222 4315
3537 4334
1784 4252
4855 2634
5600 4715
2155 1566
179 3186
3734 3569
1742 5257
3912 2209
3516 5555
5683 1958
2140 2621
834 4246
5257 6626
71 3725
466 4998
4089 6270
330 6253
2676 1842
6339 3382
2011 339
979 809
4576 4486
89 4818
6692 1627
2008 2938
5434 4907
818 6321
2614 565
5112 6321
6740 5132
869 6690
4674 977
6347 174
3375 1848
4229 2144
4517 6298
1099 3581
513 3254
1292 783
996 2156
5318 3866
1273 328
3537 1125
1031 2687
3705 5263
3265 986
5682 884
2537 1068
4238 6682
5363 7233
6298 3268
5389 6420
2519 3194
5933 2693
4940 4083
1450 630
4528 6400
212 2881
4237 7182
136 400
1944 2064
2508 4880
3909 623
3657 5474
2720 3399
6557 1159
822 1575
2048 6832
6178 3428
3295 6400
1107 1938
740 1974
4554 4153
6351 3778
1018 2295
309 1075
7360 3984
6807 4539
4242 655
2830 744
6948 3416
6289 1848
3069 524
6193 2016
1944 3847
3372 1553
4486 3473
6413 5296
3137 1279
5501 5784
3340 7133
3147 5005
2326 1763
5391 1680
2029 121
3268 5906
6071 4952
6115 7
7227 1391
6676 7121
238 1398
3152 2342
6538 1715
2082 543
1105 7095
7371 4325
5631 5651
1885 2842
1029 3564
4711 3114
946 6848
1280 6132
964 5629
943 4936
844 7301
5734 1199
3432 5967
5422 6850
129 6372
6134 4888
3557 2708
3445 6831
2191 5566
1367 886
2106 7281
5261 4932
685 5881
2636 601
6368 2737
1800 2096
3148 345
3202 437
929 5508
6580 5761
3425 1721
837 254
1081 4076
6959 3769
4008 3257
54 1052
6536 5172
1619 2668
1978 3743
1711 3238
1766 4201
1859 5921
2016 1880
3300 336
2773 4211
5540 3799
228 1150
1915 3878
4618 6602
7085 2751
2294 2872
1572 7344
860 3466
6478 1022
5309 1879
5650 2206
2555 7041
6396 4713
5290 3877
3112 4019
1841 6582
5339 648
1000 485
5381 6228
4564 7218
2970 1437
838 5872
247 7296
586 4632
2874 3396
3466 3836
2451 3775
1490 5917
3247 1739
5519 7020
3635 6756
4617 7138
5333 4448
5560 5829
4725 484
4258 4967
5987 4631
146 4948
5939 7134
1708 6920
7139 4212
6941 1450
6365 6298
4544 4233
1375 5618
2731 5562
656 3812
176 7243
6893 5740
1959 1263
5826 281
6801 3814
860 1810
3343 1864
1762 6862
257 5295
5612 2640
1858 2158
5140 5094
2153 3185
3898 1989
3875 1802
2379 1586
3347 3461
9 95
3235 2113
1893 2680
2860 6412
5225 2713
1530 1105
3850 7366
6691 2769
3419 5174
718 7187
3165 5821
1160 2169
290 1837
2281 2905
2417 6416
4677 676
299 5805
2183 119
3348 6372
1832 6435
6325 3383
4461 5291
5582 6800
2350 6041
3834 3521
3963 5446
5603 5132
1401 1077
1123 6975
698 4378
260 5115
99 452
6000 6146
2727 2435
1930 3234
3952 2760
5389 1922
2213 2513
291 4096
2487 597
2757 5029
4990 2794
5202 6086
3897 3808
4203 5568
5171 713
243 4854
3104 2152
3051 5290
3990 1340
4499 2966
2409 1615
5149 2414
2151 263
6132 1452
7274 6096
5594 2862
1076 4211
7054 7320
1052 7112
3748 5698
134 3875
6735 5247
945 1006
1882 6481
5994 3595
2868 4299
5318 6412
4873 2109
157 1385
2357 4678
2186 1429
7171 121
1575 6438
5236 206
7261 263
4820 243
2809 5411
1046 2111
5002 5864
2735 6004
6390 5294
6456 3022
4612 179
7309 2292
6813 5884
5290 4114
3812 5258
4589 6008
948 3998
4783 1147
449 3178
3668 6254
5646 6454
4579 3245
7357 2148
3287 3613
4502 1897
6355 4675
2679 7040
2708 1504
2313 1820
3568 4126
1243 1297
5924 4273
1712 3312
5691 948
5523 1845
5251 7007
3075 519
1818 1587
4769 3324
4542 3778
1478 6990
5425 1638
5234 5998
2579 2748
4511 6523
713 5931
4348 4319
2644 5799
1245 5063
6445 3765
4776 1997
1524 411
946 3011
4991 6558
3576 6477
5911 2502
2674 3772
1951 3818
6905 1787
2038 5819
585 912
4764 2624
2842 2752
5680 1046
408 7039
1864 1626
4523 5980
770 1316
4145 3021
5335 2289
1606 2251
888 1877
6006 3548
1960 5987
3537 1497
2105 3476
1085 1308
74 3599
4498 2313
6950 818
3238 3869
2720 5718
5737 319
2946 4824
5770 6657
7341 4673
1744 7026
3891 6492
2678 1460
4048 6927
1310 3430
3935 88
3766 7357
2817 6581
2719 6204
5872 3136
4290 1708
4993 2653
2181 6321
696 2242
3483 4460
2333 5626
7114 3654
661 6541
4006 1784
7276 272
5963 1068
6237 1396
2231 3391
4980 5550
2374 2221
4298 3682
6295 2081
736 1213
5756 7048
2016 926
3031 2673
2804 2295
2727 4075
1801 3214
1778 2803
2230 5162
6596 2032
3711 2285
2230 197
4815 3917
7362 6882
5058 5302
4211 3055
2648 4960
1937 2439
6165 3616
5601 4932
3621 4853
1316 4829
5549 3250
2598 4649
3589 1243
5958 4502
6649 6069
3838 6579
7015 4087
2296 622
2402 5063
7032 6419
6957 1946
4921 7257
4956 380
4063 5154
788 4672
5964 1720
6035 3188
462 2519
6322 3109
2421 4730
1143 5410
994 7157
1782 5023
6155 276
2400 5729
3780 3479
444 6785
1319 6396
4121 6350
1740 575
6294 1339
6940 6647
2592 2763
2062 1512
35 4500
5988 360
3324 5327
4136 5632
4627 2530
3848 1002
4350 1592
1410 58
3623 5767
6016 2090
5984 2723
3228 5325
2365 3931
2359 1864
4728 592
2778 4840
1075 6150
4576 4996
2077 1352
1267 5968
4791 3060
4571 4234
6552 1168
29 5333
3909 1936
88 3280
652 1494
2763 6219
5335 2516
466 6637
4431 6568
2495 5164
2926 1461
4524 850
2270 5826
3511 488
1256 6521
5815 418
5396 4414
3051 4094
1079 1473
4002 2090
635 6147
493 1186
4768 6177
6512 115
5528 4248
223 4263
240 3405
5197 2357
6731 2551
4192 5684
6897 5444
2057 3236
1340 6660
671 3529
3219 6350
6106 2317
4167 2774
1085 216
4362 5175
6470 4182
2400 1458
2743 3990
4990 2027
3510 3875
5063 2181
2554 1561
1710 4322
5156 5797
1357 3168
2157 2553
6156 955
2830 1323
4725 5043
3769 6536
2267 3282
3215 5362
1427 6452
940 5196
1035 7019
1764 4182
4136 5671
1873 4538
6571 5478
4268 3537
4771 2941
3128 6594
5110 3987
1719 1792
2640 4966
1484 3631
5294 1029
6584 2627
7005 1353
5424 5686
4780 4273
2515 5988
6336 3872
3513 1899
6789 2653
1166 6052
4050 5719
7166 5489
6405 1771
5595 10
2862 116
4210 2384
5216 2517
6236 5909
5545 838
6896 3830
4275 712
6750 3631
5931 6551
5806 2273
4023 4819
1182 1162
5845 5315
2322 4289
4486 1287
6158 1164
5641 6519
4503 1272
5972 2222
6392 2692
5413 7045
417 6731
1206 3013
1345 2548
5695 1845
6260 239
2054 6771
2063 4791
1497 6019
1584 6966
1956 2434
3907 586
4102 6293
3231 4818
6094 5507
2280 3596
107 795
5493 4807
2776 5620
5761 159
2702 1023
6279 4834
7324 4723
286 2214
2090 6661
3188 3205
1787 5137
151 3127
1513 1857
3326 5442
3402 4673
927 2040
5360 4389
4714 6798
3030 3120
4122 6868
366 2122
2579 6645
255 2524
5870 2797
3580 563
6154 874
1976 2583
2421 568
829 6303
41 6941
6605 3475
5369 6934
535 4014
6482 100
6787 5502
2991 3055
5377 3816
580 4181
7250 3821
364 4518
6778 2227
1910 6615
7118 5129
5186 586
2384 2364
4330 1662
2713 1359
4419 3240
1670 2290
1835 2462
571 6169
5036 5396
4715 2775
998 229
6762 7288
739 1431
2018 5408
2716 5579
2753 2379
6121 1743
2036 2218
4118 2218
2892 2591
2449 4068
1895 1949
3367 1127
5386 3630
4494 5102
7378 6186
1549 6249
2578 6225
3656 7042
5462 3494
1424 1815
630 3441
4167 3412
6198 3999
6201 636
3546 2191
6774 6620
5167 4339
5468 4596
781 6897
6073 6171
2992 5614
5118 2886
3142 5630
1927 3828
3787 7290
1230 5681
6087 590
4952 53
7193 4309
3127 5097
5478 2804
1503 7373
1218 6865
3612 3088
1390 2670
5240 2973
2682 1533
1419 7335
6546 4761
2323 3321
5404 1358
6299 237
2882 2831
7103 6246
5027 226
877 5003
1396 3218
335 5099
2931 6449
2317 6944
5668 4088
3888 202
3236 2620
2713 4945
2835 471
648 29
1471 4432
3985 909
4531 1591
3312 1939
7014 3457
4261 5361
7168 821
6019 4042
3239 145
4138 1631
200 3612
3564 2516
2194 2328
5949 2438
6372 7267
1491 5428
1590 59
4301 6071
5916 5867
1968 7200
2743 1991
7332 3356
3766 3968
4902 4494
5931 6532
5375 3737
6048 1877
2233 6040
831 2188
601 3101
5425 4386
5903 1666
486 1299
5491 5751
2763 3535
7227 4760
4610 6846
511 3746
3219 2424
6125 3667
3272 4830
2359 1275
4799 6240
450 5658
1752 4124
4978 6624
6406 735
6842 3011
1915 4604
6255 1712
6915 3599
1228 5417
2299 1044
3080 911
2202 1336
4251 6116
4429 1459
3928 5112
1289 3785
5996 4607
1761 6084
2853 6171
5472 520
5117 4714
5320 6666
3086 1238
2609 5574
6551 3213
6333 5075
6717 1126
5640 6725
3101 607
4725 2751
6069 1349
5275 3667
2202 3464
6118 2704
6340 3618
2642 5959
5886 7325
2667 1370
2026 2446
7375 1776
1273 610
1021 7225
2040 5019
4847 6707
2774 4703
3835 1591
7362 5573
5744 6411
7073 1068
6227 6373
2549 1722
4216 3328
145 3150
4990 5550
2568 5883
7107 7363
2494 4138
3031 697
1151 707
4501 1637
7227 2407
2644 2670
6883 3292
3132 549
2421 5774
2723 1725
7082 6631
3047 7281
1497 355
6110 3476
2909 2890
1273 1921
2841 4714
3999 4631
1476 2961
1766 2696
5631 5844
7108 6255
460 6567
4123 5252
2200 1434
3035 3702
4521 4044
4834 844
5131 2270
150 3223
6427 1358
235 327
3471 5934
5864 3224
1021 1545
6932 1000
3895 3946
1014 592
1384 4201
5210 1877
6601 1219
2063 6075
2692 5309
5053 3813
4002 4948
4020 7147
5672 6996
5407 5616
4835 4730
5728 3438
2884 3544
37 5249
4983 3854
1008 2837
3613 1807
2460 4284
1650 5887
6099 6760
5321 6230
348 6393
2859 721
6306 5644
6798 5070
1024 5721
6234 6210
561 2095
6591 4250
5588 1494
2474 1314
6220 1520
4998 6668
2053 2333
1431 6480
6154 7137
6579 2836
6420 1692
4521 3209
5189 839
2427 3795
731 422
6991 3690
6032 3230
3456 7289
1309 2627
2357 6355
1975 1550
1127 3277
6306 4027
2982 6859
5641 4171
525 707
3272 5714
1457 1736
7305 4182
1137 3452
6138 4738
7167 2678
7024 1591
5381 5163
5413 150
331 788
6748 4900
2277 2852
389 2074
352 1165
1116 2704
3653 3694
1444 3686
4654 6410
761 2151
6278 5015
2147 3626
4373 3562
5359 3502
1977 4396
4375 3417
5320 3123
4265 149
4858 6488
1357 3072
1379 7056
4471 198
6918 7241
997 3821
2085 2323
2627 4749
7108 4920
1330 3570
7206 3785
1967 4615
2360 4607
2031 2281
