35 100
8 6 1 
21 7 0 
31 30 1 
31 19 0 
27 23 1 
27 1 0 
26 32 0 
11 10 1 
14 23 1 
5 7 1 
35 3 1 
8 11 0 
19 20 1 
1 31 1 
27 19 1 
9 4 1 
28 33 1 
6 22 0 
14 2 1 
33 21 0 
31 26 0 
5 19 0 
12 14 0 
30 30 0 
26 18 0 
35 19 0 
7 19 1 
22 7 1 
25 19 0 
35 10 1 
10 27 1 
19 13 0 
29 25 1 
29 12 1 
12 30 0 
7 16 1 
1 9 1 
28 1 0 
29 27 0 
17 23 0 
25 21 0 
20 18 0 
17 33 0 
34 8 0 
22 24 0 
17 30 0 
9 10 1 
7 2 0 
8 5 0 
23 9 1 
11 31 0 
14 5 0 
9 2 0 
14 19 1 
22 28 0 
28 21 0 
34 32 0 
20 4 1 
31 12 1 
22 25 1 
20 28 0 
24 7 0 
2 35 0 
9 22 1 
2 34 1 
31 13 1 
15 29 0 
9 18 0 
20 20 1 
5 5 0 
17 7 0 
28 29 1 
34 31 0 
2 16 1 
35 32 1 
24 3 1 
13 4 0 
17 10 1 
8 19 0 
27 34 0 
30 18 0 
24 10 0 
4 34 0 
29 30 1 
35 27 0 
31 20 1 
32 3 0 
33 2 1 
23 12 1 
1 18 0 
3 7 0 
35 21 0 
30 5 1 
30 27 0 
23 30 0 
17 17 0 
21 27 1 
1 14 0 
34 19 1 
5 11 1 
