161
244 495
-209 279
378 -314
-208 426
-308 47
-358 -171
281 228
-213 2
29 109
-211 88
67 -353
294 201
-258 170
-351 50
92 -268
84 -375
293 -161
475 26
415 -218
482 -218
-5 24
-276 404
-312 -325
20 -291
-388 141
-36 448
410 -103
218 87
403 389
83 -263
190 332
-304 273
184 -333
263 284
386 84
430 379
-120 -185
-13 -368
166 465
431 378
-246 -305
-214 -60
237 61
-206 264
45 376
-260 426
145 -371
16 -339
3 404
203 -192
358 462
-50 -383
415 47
-65 -22
90 247
437 206
211 -368
-18 297
256 337
-28 284
-166 139
484 416
72 377
459 293
-241 -47
-256 66
384 -134
163 188
-252 5
-228 413
261 -55
255 496
439 271
281 394
-38 114
401 467
152 -320
-388 -80
119 51
86 -399
-196 71
-47 -180
-229 -303
-191 -248
395 300
283 3
-285 207
292 327
458 340
-183 -163
320 329
401 238
314 -206
-81 369
-61 94
53 -291
-110 -351
10 -296
-200 -213
300 -30
380 324
-17 213
-382 -31
-177 105
-167 -232
12 416
301 -80
131 191
-317 318
-383 244
52 80
-320 -174
170 224
100 110
-321 -248
271 -116
47 -370
-304 -50
169 -1
87 181
-242 -285
402 -341
170 -4
248 -316
201 -38
-42 377
333 -85
-233 278
46 -289
-210 436
-77 60
223 -144
289 -303
111 199
170 197
-79 380
186 267
-347 -385
62 -71
333 420
-345 45
427 272
447 -328
97 -125
-93 62
-96 -364
32 -49
416 -31
36 162
-217 364
309 335
241 -228
214 294
219 -376
118 190
147 383
197 60
-113 -272
325 211
384 408
190 190
