1234
72622205 82712307
1512986113 2000436490
1938018270 2097591152
89688789 2000262560
2099498216 2100231448
935726388 1997702504
-49076335 213948076
-366745021 1248515174
956751523 1666223113
-115848221 -39205406
505938125 849693544
1070697312 1877469742
-1308985493 979116949
-900510946 1956631040
816797298 893856211
1363410658 1533987312
-31493020 286985633
-1580844246 659397033
637525983 1374300991
-280965070 634099806
-1190251783 1346393928
1818158405 2085025295
-934944311 296169988
-1773457883 -998476496
-133726913 1462104113
-1865967461 -979045759
-1965708019 -1301551003
-520113616 1320442448
191107953 1750823300
366809176 815888453
-29184271 1178915512
-285468953 1147568789
277429968 388857736
83421837 699078564
-274884393 2128547473
-260373688 1200705477
-103436151 2019060454
-145072661 2047942636
-1760815585 2038780218
1907164616 2142007937
1300037815 1632214608
433638106 1933015794
422582115 487263528
-567803080 452949050
592759344 1639472637
-1485476225 -713144170
2142633331 2143159154
-1529826366 807751604
2080436483 2088557641
653079110 1664438399
-895074096 678766409
1134049090 1273626929
1290855606 1350622920
-782040059 804516552
1410486305 1468450334
-776947557 -660792515
-419050218 994433977
-864966322 -753159208
-749949770 1962661178
837407784 1304419139
1315799426 1709103700
-346923264 502386995
1161866789 1659108816
322516708 1348070662
425806596 1378710686
435116939 2003787810
-1440350937 -1018019570
-923977138 429855569
433436980 435834126
593813692 650495743
842636008 1930372601
1690913623 1854035332
947115105 1527973050
816572947 910273040
-568535427 1167279456
-1964888603 495345379
-445804567 588275867
-784439073 1013268357
1086019292 1355182581
-1802789861 1976956856
1332605678 1838548212
-412629641 1621213666
-552740719 175490655
-1736868679 -544385571
25562548 310539381
-300939875 1075069063
2033992389 2104265919
214054573 2069865264
1231344932 1933127290
1181273148 1796579479
386246829 1914627698
-1820356044 1503669496
-1628058438 -305756051
-851154197 -487439205
-2092416130 -1947753859
1255144986 1913235864
417843528 1230235883
1413384714 1964914812
-1546299620 893502489
-662630717 1870970370
-1189925067 509785634
-21170931 792937433
-1216358653 513707903
-46424272 345311155
1713938021 2015121897
-1439211576 1782073053
-1194363690 -578670094
1184088292 1926441448
880585951 1779147069
1247296167 1610563701
1634168025 2100145206
2114164721 2128525540
-222443160 1783091268
1032351020 1942815979
486751850 1946151827
-17654383 165284931
-1538443486 -161896466
1725990420 2091211601
1652937649 2081172082
42513613 463281118
-1956014280 -1663699234
-469275978 1108812460
-1749376199 -1603601998
-1863784190 -974333810
-675372938 1559376638
212258449 1877834637
-288933575 338828735
1608833799 1825408352
-1177073309 -1162899738
1447646971 1817047027
13262378 491039641
-1039588540 -284946874
-457525776 800470537
942349803 1444090150
1593506687 1740846065
-983449096 1318929815
1300158331 1469790369
-330674250 122102296
1764646126 1864905636
863828640 1592765577
792781846 1462122512
2129568138 2131838698
-1228336739 -754655551
-177658424 1633594143
1124845612 1724559030
1249169662 1762590107
1225512287 2113132744
1893046932 2005755333
-795767829 353250602
-1744157435 -312026572
-1298019411 -580645561
-22079304 1690364402
-1514454047 -1503557618
1809481322 2049032311
710894020 1405802475
1694131223 1777412844
-629957798 1404527255
-1311716264 -1059015932
-881473066 -567238633
-219837904 817067139
-1879180649 85991391
-511892368 -337131291
-1537574378 -478880732
-1360144893 1221464230
296589806 817674841
-863441011 1340734316
-190224042 247703095
1648277283 1859252252
1869758439 1903800823
-393929894 1753417573
-876891809 611296623
-975559851 -169906123
772573668 791188818
-538527553 2076425608
-2014261955 -1533748107
1359576007 1527718787
589490305 985865108
-1806215691 111049308
336113939 994515912
-1084119384 1411263034
226108908 1027856725
-799369958 186196055
1172175933 2017204392
-869561928 154920831
-862193493 1462453881
978600961 1038490043
-2113402595 -620457452
485942226 645994449
1119737096 1557581020
702971436 2101744377
-261886656 903326155
829145366 1096255522
1761561799 1790531579
1635312666 1805294791
1817846632 1905109444
-822025711 2067135105
-816462667 121295770
1777615400 2116578737
1975026881 2068179166
1338881961 1835756627
-1405754033 926694775
321206998 407185902
885216318 1317973750
-1526510273 -476413234
1555948452 2060545399
322462847 1352101682
887151791 947659913
630937826 1571358651
1982219761 2000569353
-1971492884 -1305621926
228756636 323481544
-18846040 47260749
484051839 1759796896
1526763194 1535302804
-1232435147 311702346
-833086801 2051611532
895909143 1560458225
267007160 1640017340
-826057726 2005760135
-958047366 777597560
2091883924 2139001943
1441104006 1824971510
2014407481 2071420890
1396610985 1785994536
-17795490 1272856619
803955432 1976147808
2227817 654985141
-555723729 1140838985
-1787117700 62138664
422274549 1398378074
-476078045 1220939170
1307672803 1963773440
-839109866 -240761383
999449037 1812505024
441931147 590323141
-1117899936 579178487
-1929697680 614223296
-256518564 52144513
189950452 2119253350
-2066183221 -387650737
1415982305 1618376434
1893968323 2080122466
435693575 721475411
-1771270931 -1723343578
478931030 890569259
-332347022 115436202
56678904 1625866281
1255083466 1326481722
-800198390 442459793
708467629 1220206650
1445363186 1550499107
-253522677 1150837598
1324635429 1862905442
-1034817895 -981351183
-658536891 -70379717
-193502928 1371791481
1901184026 1935451671
-1448900422 -669030318
1467073345 1694641881
737473043 1414014286
1430089759 1623717724
-254072212 2035108388
2079504410 2090798286
1132689663 1166176884
1088324582 2035405608
73626622 595076159
-1378601982 1968682600
-366171617 629708751
1261838578 1459391448
-1072620258 821171617
-1442239635 1323633050
-671541187 756813244
-1456826173 831387387
1948628263 1979522172
-1148564632 1382456335
2052588487 2100088924
-794772423 1164961410
39236178 339927442
-1664578538 -1219836656
-177733436 1737446973
1697912911 1908143724
1326175971 1487330639
1542787636 1876985757
-1528518765 -1488109951
607968339 1020097356
-1569776954 1697915920
-1824231768 -1733133067
-816798582 1593730614
1134082057 1200587256
-288785403 1923303212
-1142135473 500626490
88038295 1424814118
2138703461 2139856212
-1738964079 -350090553
1137649090 1305541888
27495485 1203594847
-1531171079 -1379577933
314267088 1330646877
358186303 1266864305
1894717314 2124890920
1057676722 1466014264
-322092528 1921965322
1797194042 2082832655
-1378040429 2121102327
-1396386837 3182677
845161525 1547667784
1597029513 1964806771
410147243 1739870358
1820976864 1952079825
835321360 1843190979
-1707175980 86073057
-329517154 1900122077
-1609280196 856345419
371555573 1077075628
1994456300 2086013550
-55786438 363035489
-1844996917 1011647580
228207854 1277491300
68697125 1108934110
47256488 459623085
-754175366 -328444541
1140831828 1747492644
-1884367251 -114928104
-1983904339 869816203
-26390272 1618739746
-886802374 2000711520
2064252549 2125716430
-426505399 883676413
1604459310 2068835122
116812102 765276305
784458065 1512986536
995866676 2118628614
-2063468513 1397300926
-743125515 1131134146
1102207179 1617805742
1702771615 2046684606
-1161345148 -563934499
-594734606 287033599
1328682696 1991621576
-1652859067 1397356555
-1836860195 -1216217042
280295618 2035549791
854636220 1447215512
-1813164729 1544665310
10932143 888466355
-234366984 1806723900
1834711739 2071397576
517582786 1482707271
-630087808 867458267
1669320333 2076946386
200151856 1754256592
2112386304 2127180454
1262018821 1591408611
1863236855 1923907914
873023436 2143594129
-1735145117 310670273
2124432378 2143740976
415599021 534918161
-911765103 1035796786
-1567125592 -689327137
-1682870177 -1406054772
-1754181283 -1109995782
-1374712216 272871147
-1989755748 -1840514314
1424216287 1626219326
-99586444 63278110
-693400410 -145319076
142749631 355508235
-1647829531 -407578374
1277759974 2003797359
-576518658 1114034192
31145756 601220945
-2065069788 675341920
1947266080 1981886365
1359106512 1660316783
-642376651 181739004
390312702 1607715099
-742124310 1392136891
1155195532 2043874708
-1572675881 -426117158
421160616 1586024164
442485891 1368971657
-1924040198 -1397935101
1383294936 1660981468
979279023 1304382702
-848033275 1383960724
-1660532894 719928587
-1227046938 -820090853
-1054568352 -69024562
-286071832 994072606
-1696469410 -891437715
618749860 1051312358
1336631247 1810562300
-1053204337 592581122
-1965949760 -191148212
155789079 341687085
348627822 1474539339
702802130 982684297
-1668484926 -27740145
209921819 656345347
-1058930988 -479541040
-1524112909 115783738
-2097841384 1907895708
-1539764733 2093613097
-620095559 1180891517
1800981471 1802392234
95013027 872624186
-1944007106 676003648
-386115412 -311514588
1541293451 1642375894
924589400 1573756764
-1621227420 831635810
59722452 156714008
1539954965 1654479260
498590244 1710111552
1799101097 1845709885
47068042 131396650
-959226933 -821373460
-705672674 1519054358
-1133659869 1548107327
-1145344758 854402717
828228833 863529854
1741787289 1820643069
-1726817608 1541894031
1292759482 2145480132
-1730885743 -1729123348
726421702 1119047387
1390800437 1534021572
-746330488 1007462162
-1585704004 875384524
842599875 1619755768
-2116364456 1629993531
814495745 891925080
-1264734798 -1069891683
1179627917 1456963596
-881899875 766686109
-332476935 959714886
-1289184897 -279019946
-46208495 263460006
-469724339 482459700
-1648012290 1672051114
838004892 1594473638
-1128690447 450518459
2085628131 2120745779
-103613849 2146808944
1993885151 2046201160
1471734539 2001119419
117322522 563358145
-1244572797 1881167611
-171171955 970492807
805897128 1515425492
1297495982 1952422076
1723278289 1760503937
249656939 1092809832
512247854 1171654299
1075976434 1766912219
127691838 476345839
-847689601 254182610
2005855450 2066876574
-1870387549 -1712037933
-1692786680 979929795
-1297697095 1594077305
461472811 529053981
-263583255 1237241777
-2123950230 -1910374039
401629347 1759034822
2030956076 2136607961
236461654 1305385160
-1162406468 414730317
-1050129325 -145001553
1264364195 1671674496
236588145 1948286119
-2114133904 249831155
-655910820 1933860447
1311767918 2081165754
-65381968 154545452
-653974104 543275332
-160599644 2097001511
1239303531 1630494328
223668961 1672234599
1879523510 2061844409
-2098511756 325057865
-914358840 666481154
2068668056 2073462060
1525308061 2065806853
1585893565 2001581328
-144079673 1106680865
26356296 377926609
1049364791 1439088434
1162621016 1721541064
-2085007464 1753866216
1301000394 2093910338
1537402724 1907254329
291113274 659372184
248736446 781900357
-1719873005 206045854
-660827116 -110902458
-2047847041 1639139913
-1080259973 818439056
1061004826 1211660405
-2015642078 -695051504
1148582744 1566862710
2134020782 2146679223
427016480 868807887
2091578177 2124776768
1230052860 1963417790
-27634214 805284343
-1690723657 48101798
2080383655 2112738025
410013198 1745781722
1070113033 1497162771
276398194 1171878821
-1526681193 1290339486
399435938 1284243008
427324326 1102686405
-557671220 1948785459
-2106777200 -1318113692
1668905020 1875457389
-799920838 1271367568
377792292 1369602043
870365956 960568126
-478388456 1996708757
1567388267 2027459774
332300088 1588759672
92634126 1882390700
-2146378170 -376562284
424150472 1884942078
417375062 1727188488
1229999929 2064628845
-759642605 303586345
-276325513 1187001327
1512872557 2129535585
-263700171 597099878
-2071050240 289509398
1867386495 2024830014
1565589941 1927077177
-224129322 -178347558
1118074114 1961759980
-1160284215 1947985862
1703569465 1714800145
139642306 1323165114
251333154 1235836706
-764027246 1519374864
1809477133 1995700987
-1109265526 2119307101
-1880891665 2124070885
-954779580 -266255887
55342840 1330926028
-743537752 2099788445
-2110043671 51837422
177455711 472749605
-1136095143 -463678772
-757733383 2075192301
-1171624318 1337327754
358360212 1918440904
1969949556 2060136308
-1984497326 1609812511
740939343 1997983358
-380952916 754021436
-339504473 325710678
174759842 911290170
-1605048656 1729274655
-44265205 99038103
-801035474 678288854
-811677788 128017081
93891373 1334473612
1104135417 1609697856
119461070 1200454858
2024105122 2086621963
-58187182 181476258
602168609 728282496
-1595990972 -1187693016
-1092644110 935631850
1348200978 2143277172
-951172464 861057265
-1779281680 -853463916
-2014632675 -12951423
868376851 1486936692
-1213220470 -820416255
982024954 1167145306
1281603629 1871743794
-1637532085 1495765855
495150556 1336862578
1729671219 1983569115
-20872168 618301520
1012991436 1029848650
240401394 1195663086
951506904 1915370529
-1355595005 -1269680643
-693312685 -314252735
-525435242 -34264387
411471239 1103979072
637283380 943860895
249368982 2052392420
-938820888 1355567839
712965402 1302749387
2125090188 2129486461
622581683 1070815837
-1254131219 -546074823
-685417610 -185222123
1487193707 1688083259
77620235 1715909361
410439859 955795519
-1975504528 1893290786
58042175 494387885
-563823184 -262092615
-218203949 1668646978
-1282923657 -1094651212
-1894481241 2880972
2059525426 2080908345
-1123229176 2027196877
-459988922 68091482
-1202381635 1372798374
1111188941 1630757026
372888646 894673385
-356624927 -344010411
-1802894839 -1489280423
1857896664 1872370474
581828712 949878594
-306176249 -288991185
517665981 1836564955
-530812042 1608430146
388572378 1684572043
1603095870 1962244036
-2050646941 -616171220
-1431891038 1582283286
1166776405 1725790272
833575217 1261269540
375939525 901494717
-2086028797 -670582340
-1275587798 -688898538
1075177660 1752048342
-649879605 -211172694
-947293621 -134451135
1625602087 1783838433
-540645160 -521019570
974811141 2019632600
1482429801 2050880341
1246124579 1880621201
152476416 591663218
-815121524 1351592240
-1804559322 -169439956
-1413945217 1592817920
1857711961 1906833684
-1031781249 286381734
403941039 1475407986
-1545453292 400488581
-1827462222 -1404603839
1124394432 1245867296
861709014 2120827179
-1543658141 -319068741
-1508865972 472704393
1789912149 1824767701
423236568 1738233652
1138214740 1644391866
1507777651 1953053320
-106850681 2068040955
1985149967 2043277632
2141066243 2142727994
-1419236688 106789215
18139252 1893428245
117020630 927586430
1366499494 1541664588
-28352071 1876174410
1832997675 2077173203
-401725249 -381517585
-249577902 575912868
1017313975 1859251806
1310484318 1951501624
934111248 1539813975
-6124656 737352229
-1566700137 -206205703
1327995631 1828525188
-1611773779 1248575803
-824476564 967253629
-1714703816 -858565489
56292402 996317051
587834192 894620389
-1082643656 2119149955
-1192534028 196290973
-365751992 -30586381
-1465013959 -1111084175
1423994184 2085148070
-733785264 761873763
-106689972 330082473
1538404584 2081234938
-247413779 597057497
111576850 795391710
136596317 1933092247
-1718938537 -732406678
1145638950 1784371053
-1469273408 1749892926
-645157659 -446307220
586303878 2025030084
1883028987 1978728769
-1560892446 -1277695874
-773162950 1556941513
705568699 967238571
-864806585 1672564088
343189475 1469981865
857741826 2069309234
-719940365 -715650540
-1510814953 1191118419
-793283995 302852404
-1847146060 -316702197
1830693942 2102095768
1424383339 1690437998
-886855433 -876200821
308654233 744440280
1916286702 1934894578
-1279922204 1210269142
-1402032072 1638045661
-437671403 926420692
-652878639 1915392559
-1844721549 1895075017
1983787185 2108400034
1283487364 2031834388
-157425558 788283607
-1259684079 814431419
-866483647 1898908772
1735008728 1981653715
-2053184055 -773505602
-1242401821 1420472477
1617761084 1905195878
789378261 1444149938
-409907566 1361865425
-2075012585 -1494675228
833022964 1873383342
-1975288676 2084717578
-1319348231 1881063235
-1922520077 -1533172105
-1861022929 1735464065
1823041988 2090844126
1847680362 2017192182
-648721924 798483644
1417108099 1795018883
2033998822 2055219670
1181401634 1511781309
-1555679586 4412632
-736657432 -77552211
-855817787 1855863463
1094929052 1235555255
-1385696725 932176910
-2059079458 -1630515126
1690074059 1840762064
138215777 1790497039
-1894538917 1075512340
1705881998 1802703727
-2065746698 2028014308
1965251544 2041977954
1201001017 1445629032
1995883247 2058951419
-1458662706 138518675
-535755595 -53316699
-1181030091 1240562754
-2084555052 93758559
-1639363711 -1128903301
487944127 701781560
11318070 1823727196
-1799635601 1215286951
-131642319 294079292
-605762769 532235140
-1851483310 -1819905268
-2011052006 651591056
-1686736435 1688440108
-969828350 2016949398
-814983102 -470587038
2022643768 2114024637
935398098 1631351771
1468088 1432544675
-535130700 434841887
460915182 868650419
953285209 966587903
1364315850 2048016617
-907005178 -27456024
271673831 2048407819
-1629956328 1519245935
-598962226 200421081
278586078 1539008753
1046062598 1166214330
-985892825 134351390
281230403 1474094332
-1154667530 1919494463
-23432589 1493585221
1286225190 1811900229
667467681 823859439
945465127 1769161652
177930759 494527394
-1615392437 997203470
748690829 934350598
-710893181 1675123782
-1740228909 -781387397
862695811 2116090012
-1334316075 39001708
694964540 1086513544
-869797420 -458834409
1011501744 2084921313
1619369264 2043978550
2048930295 2131012068
312771111 617550402
-1361446583 688240448
1628859914 2124238990
206874131 971123131
215782102 469583716
-749932745 -415785582
-1799796848 484841026
-972254761 255441066
-1816476749 787171097
-887422664 250892329
-1597310905 1095740968
884814828 1744622187
-833923090 695400436
1187379409 1300734407
485871895 669688764
-208321267 1376816069
-2141468324 -1735579504
-29461201 22476152
2019156701 2077408311
1775962885 1777347670
2103968709 2108205454
1840747942 2016928820
79844811 1853449969
-201154332 1815769373
812718482 1785876883
-904738665 2083291229
1249225987 1664394952
145006274 1282680804
-1239525498 1043763945
1284358878 1524737535
-119494592 1919594565
266358557 1082995796
1417605636 1950680550
-2127925915 -2026237073
1694025411 2030334158
185131637 538931411
1726613626 1827574761
875193507 1706404078
-1323739718 1772267387
2061318073 2116820087
-588751458 1128973098
1613699619 1701208271
407642618 1711602247
1824929366 2137361605
18514035 586658284
-1600603173 1417954616
451247647 931024147
-1211653817 729924216
257866696 1174510717
-539806580 -456937929
-1369267885 1117371298
1497077724 2069629917
-2046493696 45797429
219616725 1057292043
-344703333 1783294178
-849861433 1032727336
1714194745 1788167432
-431634332 792807485
1929136019 2126963622
1467213361 2068558455
-779798298 829461314
-445498638 502621182
-787555696 -51376708
-2035472989 1706779106
-140303944 667533698
-392022080 1342143287
333966357 2024822282
-321203716 1612490065
696328036 1358968109
-433793970 1501728442
-1862511953 1226436536
-1177123544 395093903
-1348165219 -830588828
-1161764749 -1004274314
-2121240562 1129067196
333720318 429050617
-418547710 1501388735
-467755924 145155195
-235555165 988159555
244971764 551873398
933774203 1729744461
1056854263 1120958040
-648687110 -93139857
-354555595 1337047804
-1925475585 1113007152
1208574428 1539922421
-149170346 162810095
1965057542 2063275418
1816839990 1821869171
638907221 1103914435
1426742912 1478521685
287098429 1706352955
-375331177 452750464
-64809406 1919625730
-636723729 577523832
-28522948 6504787
-1280372669 822571951
-1040903284 -892283638
-1023418234 -854037901
220033394 1919665330
132877228 2056499626
787805589 1216560732
-1502191861 -306158098
-945473298 -596277989
-1228620775 -1087992072
2045422116 2141884309
164117381 1434869556
-687543485 1487698621
1529072603 1712291611
594938236 1856462176
-189830416 541256199
-1598520741 273123174
-1606928345 2106200240
-335070846 1836779868
644285758 1742102963
-1606918599 -717493857
-782895557 313112850
1901339201 2009579181
-731554495 1383197738
464701225 1198757168
-1865620360 1859213988
1311623524 1822984698
624334429 816257712
1308432111 1464235534
-1701601271 -991992715
-2112036055 1677752295
-639051472 1424574890
-2017615617 1549368390
882174991 1195211199
-551265170 2125662706
-702695098 454088587
307607903 1247252664
2047462550 2112562036
912585734 1188078001
-1053738948 -315381151
2057314305 2106341958
-158284366 409721856
-1059703225 -556150111
-1619153807 -910299604
1825193834 2113883430
-792822058 913426471
1495404518 1992629889
1184583431 2046755675
1772431894 2061651004
-212644091 921550146
153903037 358851612
-1394020215 -1188090082
992408128 1405797217
-1404081409 -293737552
-1661834023 -162753574
-162673412 572790609
693227173 987808087
70781318 240464802
-370063408 822939869
776438328 1983291110
29729543 1741560028
1746045532 2115314445
921306254 1527500486
-475923304 479573369
301538697 2008407968
-455803724 1611716829
1289365875 2074575967
186727382 1609592924
1216809881 1935523073
1102411243 1503883863
1656545003 1961756786
1852205217 2081526148
-435181027 1420674979
-1802188440 2095760304
1527221985 2134854290
-2103968058 919989577
-1151420829 824508902
-1688863222 -554257980
1948692506 2089692261
-5777089 1328459895
-800558445 1313236576
-1998376263 1474821755
1716272461 1855113245
-1476645431 -756689862
-43123928 518216423
-1110608802 -121425029
-294723742 189614460
-864691333 1788435628
-628581290 1323852175
342034171 1303725002
-504095018 2082002274
251619207 1597074465
1604503654 2046419805
1437299572 1932742268
-691614172 162602239
-1689391765 -1321244637
469545799 930869649
983325769 1591731989
-1088578458 -219321941
294732085 854153685
1435609021 1764081584
-1765773913 -959854647
315723661 1562906174
-1180036831 397059587
1195997604 1918442999
-1901785000 -1391652857
-1007868050 -265399544
-1863887047 -1223666718
38136210 1843868380
918183008 1790022629
-73329131 951384941
423061442 553118531
763150754 1683901971
-1167915351 1864167408
-1485209121 1159321985
-1053265645 299950376
783596762 1438770926
-507439688 930863754
-1973637889 1114464786
-1308181204 1516813374
80463534 2057147133
-2143380999 -1953532665
1732933916 1906446605
1417160380 1543860506
-9506644 447821449
1673308331 1734529752
-10700021 365999345
-993431926 -218584206
1795824015 2042770557
777314404 1334923359
1090447118 2106687258
2066713533 2139772928
-1725049389 -106290201
-1332027985 -650557945
-1410384113 509622009
941949809 2065219174
-1860682786 -1358759331
-342415031 1981881799
-1556298522 1535643303
-341415535 903831399
1862444936 2027336343
1622266468 1735440478
-1594618729 1957904788
1345263226 1574691085
-867072212 12484242
566766760 1692721786
-1191015351 1457596359
-639461660 -378582423
-1908238551 -117210382
-1061177266 643737868
41551443 1586061260
-1038861041 1829357888
-736882 1984108618
1712449557 2006616495
-841948994 384873236
895308312 1949746542
932979157 1552220552
-489258419 1041750840
1594802881 1937761184
-716261719 910018805
413058304 907778092
-1396655510 1005578999
1630788923 2047888234
2016985642 2137294708
328396083 1573199018
-1535529953 1514704474
833618007 1469543474
1391440843 2000308171
893641657 1737378323
-1163351433 1750422246
1582943250 2127718992
994012452 1021312771
-1600793681 -791588264
-199225839 1254367727
-1033877285 1182378437
412384537 1370264128
724420099 916678969
1967359846 2121871176
1679370666 1692416259
-1209923984 1229651278
1929062243 2137021208
1830902257 1942138789
-942572089 916623637
-1561487097 -196099937
954429080 1595005507
29377176 839724399
-1052767735 -178354880
1304312161 1906628610
-1367235421 -926338727
1104909380 1910376924
32404760 102122787
1417572312 1994158267
563934668 2088964976
-1003459979 721872522
938250179 1017595732
583498931 826898611
876786058 1466982733
-1568110378 351827889
-603074928 2079889364
1067416325 1719454265
1975580356 2056615163
638248702 1172613006
1463833938 1997985370
1748439740 2135748988
-856199445 146329363
-325854602 1669179185
-1784347338 2076270150
1568690215 2076352063
-1905800865 -759814218
-1338187987 1865667527
-917416554 1673190867
-343450995 328112192
873411123 1693491038
-283731956 1118092684
679653427 978069035
1081015318 1994315831
254593266 912455062
629293039 935677927
-1714412439 844988425
-184281002 955912493
118733757 473393820
1523048805 1918157483
-282861633 -213375293
-1897179670 1688343229
845016983 1189979864
504320824 1421617700
-1421258582 -757644820
-1966805338 -621240865
-1474635291 1933901902
969206525 1424866238
1995913209 2085162709
-1768846582 1253060366
-315132727 174525567
-47822705 1277355849
1113384439 1174891043
-1570940075 -1124730930
-1315636174 1339986876
1264317471 1318407075
-1288574131 601132342
1882464035 2116226581
1545251641 1675153270
-1502131663 917706055
1848192628 2122933672
468340677 1094473742
-1729010757 -1251168229
336474236 701799019
353176833 920912417
1918013208 2041934780
-181715107 1291004332
-161434462 282522542
105263091 663978688
223200490 1880766442
-2001169973 88786977
455968030 530154734
1182570464 1282991223
695059672 1312350006
2054263314 2121842893
-418522117 326880470
1096445289 1317423406
-1948562419 646944394
135951175 1653978395
1458703688 1483143722
1306182799 1523714422
15842731 2127627120
1113786918 1453887113
648666893 2120084788
-1007640500 1683121916
335652017 607436505
1277967464 2007176953
1919758128 2087746674
571855511 1807959442
686246622 796724686
954365796 1048173983
923799838 1049561779
820689835 2004842228
-1132095127 877879507
582171205 1009369080
-1115685839 -571487181
-1310977837 1838473572
-2020155886 1795586597
-527140122 1550303366
1592475247 1951185796
-1772414345 930445986
1685337676 1710114075
1822590939 2014498293
1963243075 1988211348
363234596 1834713558
1945441341 2093953227
-1382684257 -86896747
-200019526 737463565
-2078619732 -1870847445
727558732 1626873230
1716251885 1773110919
-2030380547 -730367409
151873999 161178674
-2068411639 -902383591
1542661285 1732745171
-31288002 659092134
165517620 1469710670
-1413078822 149239252
-205269625 23873267
999526366 1440671222
-1271929382 -890318927
-1802599338 -640308200
1312768304 1537952117
2025443418 2055894611
-1374602335 -914967782
2007359656 2104673405
-1836932499 620045946
-98745410 544709949
-827738074 -777871104
969977773 2059474947
-1071821446 1876903072
1482559577 2066322837
-1515864710 -1470038286
-1852806676 1085188335
814807505 1595386193
1514840484 1675748966
-1734321792 1272455373
277503059 1215422667
-1162453335 999855871
1290557658 1586939509
2021632324 2099822494
665310091 1908094510
988952435 1457759765
185061011 1870824523
426546903 826049205
687177556 1434618656
-1574172337 378688333
1462324411 1712227666
-1601894702 362656905
1308314616 1937967587
2000501085 2115688026
184209265 2098992359
-200000861 341835253
-1568529734 1661221397
814861817 1502308321
1143454248 1968949786
-2077033874 2013380110
1055239460 1981297053
