1000
1787815832 1835640426
1736510 213359222
535826383 730245838
856790086 894984561
799674434 1384230205
-340534554 1506395304
-1927083339 1608323461
-1780242855 -1477894801
1902392186 1955829064
730104081 1322626738
-80882891 1624423354
-1715479531 1891263701
1997577217 2129525957
-906501644 -630709206
-1598671644 931572748
-635421326 909630006
1909482097 1926333099
-418231495 343028982
1958177712 2083096455
-378792624 872717127
428234428 726560880
1773135329 1901241278
1531506195 2076670213
1789164140 2088657567
-1485209560 617725016
1660488480 1807659581
-736546514 1973286725
2063102785 2133333395
-772599192 101476365
1999669957 2117278934
-239154579 1397183598
309037507 1684306389
-221246270 273101638
243215173 1073614372
-1317536717 -22557151
-352970661 1376821824
1723079044 1939986887
1739404526 1823847290
-152640544 1053407945
1499532187 1589919164
1846232308 2128546960
425250725 1605129648
-570974694 -18620868
1906025152 2017562001
-177097803 1668011522
217064633 821948412
1700885553 1919927457
-589903161 1999421733
806803473 924289441
-1898338782 -785835227
-2049562384 1502532775
-569766855 -203648897
-1006963289 1047345196
-1577481765 -1084850261
1124948003 2118844730
447372580 911581793
1469675509 1887184775
-606959357 2054467547
1345164079 1888047241
835064100 1674723235
-1917136202 -404558650
-833720583 1596860151
1179635928 2128514094
-1654343306 1588588649
-1218197777 1700626579
-1127482193 935624023
158258669 961422410
1742823663 1971722245
-1094204380 1268622620
111816716 537852722
1258424723 1576627287
1384915626 1854045389
-1959888158 -1321039348
-1528603773 1092501349
1997088801 2005721088
-654815900 841404500
615811782 2057515084
-292522428 1608397526
-1851213321 -521795162
862971676 1521615722
-130900670 638850416
1492799573 1925742414
1597804290 1942173412
-1279184199 -1191950833
-296384583 144140940
1502573258 1879264986
-482539583 1621025829
120409498 912971741
-1393361267 98555900
1059563868 1476769751
48099318 1257420158
2004886963 2114842355
1344172492 1391058457
1236172628 1285119864
-1688285646 -664154525
789562316 1883558127
-778035184 -660361658
1683395638 2146821107
469497783 816944546
-889748616 934436666
1758698187 1986760016
1347275985 1873871071
2050056593 2100931193
-361372687 1378847538
1471662070 1479465355
-876756572 1110386121
-127934478 502820123
1669066838 1741534242
-291739510 1948807562
-2023061296 1961507122
1937421651 2074548159
1079440478 1301624421
1725367442 1780422309
2074426125 2137578924
1414632677 1523116971
-1163335003 -674184073
-535544304 777351264
1206586737 1302604183
251691908 1739153940
2015225929 2098341307
1355385513 1882653953
-460472130 1121838378
-1631328740 1834768132
1195203044 1771248424
-858710785 -507805277
-422452994 1460558964
2051458438 2131418838
-1202060326 170083262
-174781704 622541389
1649438758 1883078283
30725602 1316722316
1432894661 1965288715
1065351292 1188120958
-1128581500 282411311
695419771 1758572856
1944261731 2042523367
919274887 1439631430
359749646 1147330980
-1836571022 -552875002
18550406 1320339481
-2142129052 599034566
-1011460376 -582890221
-1776466681 1028146006
59312394 1584646509
672893264 2093805846
-260421824 1481053980
-2085443581 541329292
-1234223130 1724310456
-732033353 596027216
-1867632972 722207209
-1586974542 380554081
1598964361 1843414929
-1139231016 1604409057
24064134 78142047
-1343701057 2146751264
-2038242709 -106542614
1177383952 1831224793
387329249 531137670
-725877038 999957
-1534515837 37951820
1463154107 2126210150
1537699365 1671127468
-1877709672 1445300704
-1131614037 1929553365
2034321848 2045965482
-45328591 320565617
-1272539942 -468909343
1954645878 2079559076
1033066392 2029047310
-1653338465 -1349852124
2071667938 2102785118
-1039379853 1446143629
1819527627 1947611558
-1292877661 2042614488
1637023882 1704849985
551186143 1891984214
-1921214366 911851731
1377268033 1744159910
-1584768113 336373921
222598541 1923424696
-1415485356 687409993
-938257464 1772383659
-1875269245 -1857829693
212864912 282572251
1898029236 2102636675
1985994473 2118807838
560631360 1659224693
-914193685 938255682
1549705088 1986260862
-475177051 617280243
-168434638 372484039
-1887365957 -1884188262
1072859649 1797284443
2032399048 2084990473
555745262 644201312
1354980528 1618147552
-93958155 2109460298
1038115540 1906781519
-1813729259 1227742141
8868832 1142262451
-573477368 1091854781
2053194111 2144552807
307475246 391102989
1694803941 1997873248
-118600516 1296423588
-1701103479 -161686430
-636160435 1557905334
950042790 1702369779
1244285255 1603544771
6662937 432521583
-1725624553 -1138689767
438814303 1328360164
-37656122 1004317847
2136406073 2139284285
926138214 1174353777
-318193016 1033765863
1846916476 2122647804
-2103341287 -735174433
-1024848399 2104367796
-1105135327 881635297
4195690 1103715291
-357109353 348474682
-532720457 248879266
-1789548703 -160793383
-1277038716 1910115979
-2147427692 1287848899
2132764910 2145021643
1076520243 1817908880
-994216498 1057814124
-1312490501 -1116699799
-1301162650 -139596820
-993714379 493963842
525099756 1632039918
-1100902635 -684814470
1863100015 2012394475
1786744438 1815237166
414137866 776989834
1290717036 1736278066
470431990 1630102817
1119529797 1219159136
1408605330 1729220382
712307131 1565713203
-1250888537 1456499182
1950304268 2133769523
-290572902 1916777841
1484435219 1626660849
987470932 1373977358
-2042868499 4285188
-210659253 117273615
1899156556 2117578251
-1732337023 1416811196
-1097351585 322027956
444005331 2138877344
-783615365 568366887
-1817830915 -953576407
-1411985819 -679188183
1452408267 2051223519
1623692685 2011045032
-1608630594 387560743
-1178656865 -59723304
1986269558 2054554967
-33458438 1559666676
-962826643 1920190821
736305414 1422076984
-1424184467 1811328126
832880890 1953456331
105728127 2024419265
1684031085 1929602079
2032896537 2103767184
1621622445 1714572344
1531752547 1949872133
1620933220 2128825455
405602720 648187648
-828688437 -170632542
-1568117689 -964281640
1511781058 2061813030
320460268 910745665
-1678972249 54780222
1249706951 1926795007
1370723847 1603805597
982108665 1905279249
-170708354 897393675
1303622814 1631898479
-896464627 1571232798
1672926866 1705243969
-116240691 563149550
-1720327300 -655981735
1691369219 1890841766
582629496 1470376135
-1544438265 2139676736
-1837238476 -1128960003
1625079793 1931956648
-960133057 1286919234
744156703 2036869335
1786213610 1925845695
-113179532 665941354
720703640 1270598896
398624303 1151141335
-921717360 -821847356
-2049485834 1918613803
1046207520 1639920795
1943709407 2134832023
-815224533 5927920
991486394 1367601757
1804744279 1831558503
240060102 445770305
1862471200 2078077675
-19330262 1974696057
-1491121557 -1067978166
-1198378888 -1115079148
1433990195 1614064607
-451620542 495749378
630162874 1347903678
-530435392 1013556152
-2082284852 -1486074519
1128663003 1641357990
1669056393 2060842720
2133486858 2134003538
469185701 1278548781
1174119512 1646098457
1210163183 1773718721
-680378885 124093192
2054406057 2079905461
1811565621 2003276174
-1025215483 176678742
2113972837 2145052409
1052327341 2131339891
589714929 1479886823
1570615005 1780028133
859941437 872905543
-1706307236 637056949
129099163 922183876
-1505145231 -792609639
958629549 1696949563
82046048 1140193694
403359658 2075448043
-819096207 1563814458
-173768885 885194033
-1212566086 944326351
-1565818394 140263953
-1696426723 -604569908
914823844 2095497028
-783463195 2068486894
-607364780 -340891231
470679909 1109511827
-487763970 75037619
-686025224 -513211572
-1179977604 210780356
-1060110353 -53700521
-262023770 1452572102
-1222886489 -1189483448
-611763386 640050173
327344097 1667715990
1553223144 1735420598
-133078792 1603086050
1847998224 1964624501
1262770099 1386865605
2021308357 2053690929
43730734 984468225
-1568890280 -669556198
-179036092 466994448
-628258273 1212641706
-448130009 873626161
1924931257 2086898936
2025537952 2089824582
219906676 722203503
-1425979929 -170141230
-408722085 52478448
-1387773920 226248957
-1276584870 1335947645
-1539056245 54246822
1410906244 1726067680
-1964671999 1623741285
1789579019 2115570134
-121146962 1899554161
1881133940 1951622441
-1018294191 -566870222
-1283243997 -126183492
-2002760536 -790414453
-891517963 1975825922
-439358611 2050635246
-1232384774 1408649567
1205154336 1341156129
45221396 1726448246
2039403508 2051666237
1544006598 1864764707
1504907159 1972026084
-571772671 1290219339
1083475171 1845128253
1820406722 1980042043
2035435552 2136046929
1739351488 1775683678
1089158078 1379804408
2030592692 2089081635
1473805221 1750725256
-745672913 -170121410
630335974 1357472516
297642132 793506156
1333157690 1456463503
-382094506 1278124762
586854603 1139597939
828331936 1025693779
-2088204166 1757108441
-1191500369 1889644291
-1290473264 483487657
1091518492 1853721665
293874769 301604549
71956421 992443896
-1742431065 367748806
1800852771 1996880580
-788097033 701533054
936534558 1873127562
-2102784130 -1924882139
1427938427 1620331245
-1027101218 -277464724
47322710 1699740302
125975775 1920756208
-1745150344 806188720
371586766 1710014408
-1872967649 629022696
1443851264 1588373331
576825027 1694251532
-1618792427 1328941702
-1915190664 209080524
-2032758010 1123829130
694728612 728292537
-538701389 261547825
-1290372940 1206961004
536908042 1694379440
-420520885 1251649897
-1956211792 -72365671
1209478265 1426032478
842815316 1189142126
813574630 2036736469
1462147082 1674432633
1916530605 2108234321
-233781772 279191069
-137208242 1984164466
1457752208 1857657396
440693462 1272682757
-6783456 1459501448
-1006870576 -669635740
1470398670 1957613243
-1459337610 60670398
1009563736 2010320694
1641652224 2037751234
906671962 1749285483
2081332118 2127992135
642136775 1392572223
1489894247 2042410261
1622408124 2107816769
-1917238295 -1233658971
885458099 1880953122
-1547914588 -698441747
-61805184 1581447997
-1364440797 1333582865
1536182931 1586680863
314420705 2043994163
-1075972611 2038293403
577076806 1826500827
575929809 1949069652
889467305 1728720536
-1806147240 257340851
548691898 1825649739
-1858553283 1581029360
1510865852 1794143461
-1186981806 692937179
293024282 1401925889
1662846899 2145644412
577889263 2075300188
1866371710 1919298122
286293256 1957061582
1267717885 1295182223
-283931229 -133047876
1080154193 1727084409
-511137661 1853355534
-272881860 200214710
1260980922 1907287126
-1536813513 1421848174
-1790042922 1740797043
1418090015 1846309995
-666954157 31610351
47024485 780822184
252953451 1168475443
747330890 1474309922
1481968069 1632351211
1054742934 2086055756
1630215210 2014184585
-1167503819 -375445933
-1398562679 901451957
-943170245 864950207
-588188284 -474647936
22768961 1667104944
519740312 1733878523
-480145967 1463010140
508411456 1658350895
-1179752824 -677988695
1569602021 1753705770
1219694013 1813885117
-177454770 396410950
1746444871 1749179653
824455492 1769240739
178846844 2052128028
-1150731605 1084149949
763276088 1624011306
810603404 1105667444
-1375821608 -774892360
-1065296249 -65312724
-341849159 2060439893
1100186766 1841333950
-1554749760 1440853490
-60959996 1364030321
1648526996 1701881299
1299527251 1647785582
1748139116 1956381956
1305377612 1622454094
-578576692 1185877324
-1113543082 1766840405
233882168 824831275
381860902 453293772
672866600 1922378248
-1000674867 -368240110
-2056085172 -147722123
-743096888 -111012949
-1731592265 2067241855
438906724 1973141049
1279484951 1299447290
-401556557 1084507206
-1731039914 316422812
-156291817 2009571054
-1565981342 108239468
-1771398430 1722685781
-261058026 197603532
275074077 312295439
233754162 1081161176
-1767629185 1003009443
752079664 1353870593
-1561227634 -665789977
839307593 1284395169
339450482 1391511883
-1587116255 1561132718
309055164 590756590
1308043622 1433559108
-1404673870 -454142555
-524209288 -215846986
-1894526107 -178561983
425363072 723646284
1625108240 1823927886
-1818473827 927435136
-1499163375 277879764
-1212439677 1262913763
-1851314399 -976974205
-87381941 2134448052
-1140999758 123844045
222833890 1057966467
980917311 1996162237
-880090291 -805780052
224201593 1508688341
1704523664 2033492439
-1320263969 1384864310
1395170791 1930472658
-2058945265 1018024465
-1859252349 179207812
-1250435212 -775177306
-212880456 704523512
1273236498 1425190717
-467354060 2066914885
682026275 2018423715
-570340197 1312431953
-39335484 1743582232
-591158138 1726331286
-1605905902 934137165
705572344 2084942401
999556676 1800540101
-393539012 1175830899
279301382 1914920846
-1505339024 838835326
342906594 1475837881
127225809 377766636
-824258202 1977934905
9197891 1051102452
353994710 1565622195
-989870194 -518301977
-144962098 1124416513
-8865030 1516809730
264012790 1258014926
-2122920830 477006758
1003468940 1598591251
-1708785397 258219517
1597140325 1706294302
-1046376433 -505358743
-1879108367 1672138267
586024409 1860568355
99885260 1029074185
328820319 548298345
2095294503 2095918566
1588740093 1661716156
2014263575 2040820346
-257367175 1732769211
-116006096 976750527
-199637052 -160857257
580362732 883793324
-895336208 2046314268
-263063741 1978641185
-619577382 417314406
349848101 1861455259
777693116 1251796350
677809560 1483942079
767292878 2119142920
-1569950207 690838575
1777837932 1879614635
460892505 1626169735
-712974544 373714101
-1863986714 -1309095728
1790965681 1894894832
-467685259 432449105
-2048301040 1749943225
-1873012076 816936737
-783541924 -324646855
-1161768284 1948524902
-1683371537 -482242958
-1679930804 171556294
617509150 1868074042
-532851389 -275248934
63669361 217070141
-332264254 216915727
-495978718 552542317
-1545989700 1934664390
-499145501 -291759486
406220870 975990767
-2122054608 -257198106
40650567 1530194307
-11831835 1472559134
-1794596633 -193427773
-1287009815 1837155547
402893865 1756160823
2003443290 2054782678
-1448672823 1352812381
868478795 1906953738
32796442 1788886938
715266694 1176799874
1890377728 1967060553
124225020 1820386279
1289941896 2092483865
1645875432 1706313841
1382224819 1382793898
881897844 1961408916
-200094000 430483386
-1415867507 1907461169
1736142218 1981180481
112399159 932881666
341777577 971331959
-1051855747 141030344
-127710829 1783880843
-820616131 -337410115
-604890618 1990233546
1104927898 1848273611
-219547685 555690034
-668220991 1056293491
-159374600 691440505
1193655649 1970407488
104851670 1855374641
-1824793036 -1658784375
1308145701 2078235093
-1778800209 50505456
12564142 2071180250
-224173210 1259795329
1065199934 1426964261
295600413 1568341456
-1373621046 490411053
-1532209487 258791541
-770021226 1345880689
-671933484 274752933
-916707021 -668548652
901792963 1469560699
-1761819202 25405980
108118839 1774263265
813991150 1399742808
1794948054 1839248098
1928172375 2112770201
1973792617 1989219170
2083638540 2101640410
-1988483625 953695293
1577400780 1964130730
-512265210 -184752020
513199992 1166592885
-1680255000 1582536590
-1026935649 -165584300
1873774161 1995148677
-524173233 292553610
182461943 1808571483
-1019129335 -638734603
-1137966353 970610416
-1807083645 -1545358319
240266489 1052764761
1606715404 1930795270
-1157072829 1675503962
-12600137 526542819
-486737528 -285938931
-643326327 -235174115
1068829874 2087596393
439947490 1458515990
1781462177 1997658102
1234273664 1426015240
154029207 753849870
397302958 847414216
2110496039 2132608082
1580826773 1741597606
-1775454312 -905424525
-363178950 491467716
1343496269 1858535149
902924660 1933053792
-1428452679 -203246431
-1042788667 2109954780
384120925 1475294161
1779804554 1986293846
-1059815838 737055249
2008153164 2080668523
-1000000287 356632165
-1533021372 1958169416
-1774875623 1815891340
-656767819 545935608
115291773 1600303898
723469547 809042397
976177571 1184069617
102385143 758747294
-359808241 -114779193
836484215 1840660501
-1664633334 1146676904
-1001109164 1536699389
-1457917808 -562831080
-1094350213 -645616895
-1730378964 1079107578
-1508927881 1334595813
-1288719094 317009322
1771783346 1823114534
1333672851 1706073424
-1916086335 1089151696
-2012061908 325560725
1091311931 1540851872
1775372150 2141654372
1233336603 1302003966
987234258 1501615300
-1676802522 -99413751
1313441666 1426982041
2145660285 2146209862
546954566 1746703934
812257351 953930975
1991375133 2133784976
-1917448677 2097633104
-918127228 229058412
843629449 1029090255
426350089 1193356680
249862921 974903858
914860983 1867012121
-1296161396 1292473069
-392049088 1251024769
-273095831 -90835646
-1843888834 450919422
-2073331573 1216094938
-980152861 794254031
-815795117 1956885635
-134138893 774524246
360080791 1319472633
1716749312 1752851990
-221914727 1710974437
-1327006541 -277365359
-1463025998 428945398
97457924 1363428273
124547389 879725089
1310708396 1570661829
-1993474773 445416462
-1072193909 1335326364
954225595 2005155809
-1857027593 -1493935218
-1461724410 1219419388
-1689107483 -721151098
1405452610 1883703748
115922909 589248401
1750670590 1796526974
622951697 743138318
1514434526 1920934075
-953487175 2090785263
-918757337 -757750989
63666613 1000676040
437655990 1990995958
1973880516 2060742543
-1588939338 -1455912672
-1431995048 766117087
-843647424 -180215016
273374732 1546915791
243561842 812496707
-30224688 1633769169
-1544881794 2054719474
1591567013 1794351525
1283413561 1996603959
1331449229 1902994373
330900419 1860456917
1524728555 1791275707
444061054 1230279332
-269318263 941624230
1738178390 1973371021
1444953430 1777630741
-1951728566 -952897135
725618890 1325104091
-350305711 1507823673
-1359681868 -349207685
1043138638 1378830403
301179159 942737822
1715347905 1967712318
-479925358 1057725314
-381698498 2073057019
17865707 1279798366
1773312937 1817916269
1552873925 1599461275
-419635599 176950968
-500149219 -308761489
1640681048 1983872140
-1384332298 1884580772
-569341055 619602874
185905995 408549067
1627875979 1651296275
1258544023 1512353508
1103185845 1392848723
-235131224 154624444
-1458312349 -861588989
-144102863 2054869130
1940216348 2143767699
-192911182 291340593
1150067879 1993718889
1407283152 1785842771
-1052404701 1876232750
-1288671264 2056046838
1417948965 1615315926
-1304539001 1428203654
1277037519 1641423659
2139909561 2142636752
2009991131 2039675877
388298067 1544905315
1407993492 1599287650
-1329348397 1938133383
-798464937 1783070712
-1623336992 -1423128322
1896465663 2124846094
-454891804 -315075354
-227733763 997911782
202559556 1706528817
805708139 1226998605
-616389303 1412182148
-1226295500 -637551250
1838682800 1933160426
-874448313 980009663
-666137129 2024670813
80784371 2007984244
1974953913 2012325309
-331261422 351053760
-902661106 292554786
-1725500014 1077618726
-431277110 2051457034
1353408669 1775358672
693891202 853348758
-161947874 2000962880
178173684 1914917255
-486648739 1139340514
-1168416436 1750223240
-144451544 -123100689
-1612174742 -1427605325
-1583897965 1230418965
1553511938 1702579075
531651540 1608863669
871424031 1165018520
2098382821 2145038764
1672321282 1901287264
1498447703 1550783689
-538297790 -115199439
-1277192193 1102887352
466090177 992022911
-1145944885 1517320054
1061853535 1311567352
804917866 1244622737
-773764993 1929899720
-7445846 1001351193
-1495311312 -612653529
-60615588 1295119845
-1501019011 -1291384286
-1336504003 299799211
-1316119630 499165455
-1886000061 -1384897295
-713929383 846226537
-1912386546 -609385511
-1106826643 1816129151
877186716 1538841535
-204248646 467831944
340022688 951148395
-653368954 -347108724
61821958 658107694
-1875647451 617361863
-74954510 858625419
-386239858 -228243560
-1132479910 905667225
-2034389223 -1913075142
22125071 943870004
1060397899 1158533938
-1533548971 4243383
1231456268 1959770908
979026194 2089708664
1722354846 1733449903
915116378 1202198879
-1307205142 1041671156
-1746580143 -1268918691
1333971913 2026944670
29478280 1446642472
-813162225 241598650
-294978443 2006128944
659769378 1580396275
-1802454938 426992478
-1541894612 989271342
1369827530 1646465488
1853739889 1866823411
394758584 1754108478
171102409 2049700169
-1723509570 -843947590
494340558 691842497
1102027707 1793968301
1753833682 1842598382
247407718 1600738736
1947871057 2017745615
268802232 361368874
644241917 2044376415
-1923252962 1094795184
-1628283669 -130537684
1564501475 2119336513
-895687629 -466967463
-174356221 1272469823
1007042378 1094438508
1385452461 1644272474
1470119811 1971420986
-631390536 1005836312
-821649798 521611509
-1867911340 1107046579
-485884152 635109774
210869907 264320471
1501340761 1724479710
-958002388 -579463517
61229951 608516126
-221843535 1366292495
1827297943 1869381469
-1346788148 660606450
252409060 1506590246
1401405656 1424147492
-250876090 1759913694
-2031304767 -545804617
-1464883019 -414185977
-1952185945 -591172847
-1151622994 1469333229
84160858 272812989
2126636432 2146893034
1367638429 1800100034
72766620 2031493989
26889209 459823741
1510488622 1862774384
1566074698 1769727186
1007496058 1832315277
-1660370641 1684362324
628596094 1134969390
-1685600598 776966082
-1997085282 84720796
-1773472126 -133413198
250480475 1248357830
-723635603 2090950973
-577728530 -484416263
1189309590 1311684348
-762182780 308957271
151199620 1889054433
-1192937830 -1045180765
-348841403 78356477
-1205472833 1231058411
-444693623 406752887
-2138489940 -525081377
-1413041623 -527250134
-999528066 152538172
1272479063 1459628245
-1568454322 556530600
-1381661356 -834110604
2137449911 2142924146
-1035640752 1290774235
-1824624858 1878722372
259442635 1104059681
-185990851 134218509
1115867742 1990831293
-1449491493 -1204167308
839887828 2041679962
1157085055 1823769078
1841165551 2020276749
-1606846318 1503149928
254062229 1233277479
-378156296 1140466228
-2026795317 -811635675
1944735879 1952264443
1647551675 1966761457
