421
894672152 2141447325
639431207 909751838
-1169999468 467789343
190155135 1620744065
4009814 1647812505
494543596 2095604988
-1701842798 1867435216
1766221079 1974636911
1404926956 1970379418
-386601581 461306740
1883958787 2143889930
24874375 29654841
826742671 1634588487
-424057701 733966836
769461318 1015387369
1895880331 1954496512
-1270835323 1619804229
-1060120121 -80603922
-1351483308 -1228331774
273356610 1470261412
-924080670 1832189072
-1068840699 -1043827991
-1074810805 1426339668
-1861840798 -1425323527
706119929 1615019009
1463197072 1846273042
661487191 1560071046
1559478364 2098920768
2003525914 2130273553
620174761 1736173659
-1637513253 2044641715
1933935223 1989634391
-360006572 897590560
-1477504144 -445571864
-622647745 727451026
1073486103 1376849384
-866426109 1186672636
1620326836 1637581480
-184195447 730016237
-1833318901 1104161436
1950863659 2092250450
-932728771 1637672735
-939874846 -599600224
-1216021990 541670435
-621312542 -162419705
-1314229584 -996827409
-576283678 1384969200
-800729196 1584903418
-280319898 1369915239
647105320 1429463717
696681541 1921602954
612552696 1102710592
-1003488379 390901501
2090572457 2130111649
977873093 1082937765
-409431264 124428417
-458837483 923730584
-58984972 1021674721
-647040242 1692712366
-1059190736 -253205302
1839444822 1935551894
639545933 1689416883
1461498042 1800131966
390003783 2026313526
359755943 2067385295
1102065582 1154055697
-1731405407 -742935158
-1084609139 486149819
1904570337 2043800125
1867602228 2055009782
-835894738 -508030522
1341157141 2044326981
-1976401140 -642863509
-743064614 1845031925
-1418750597 1838275312
-745082549 129569068
-1435373650 195106893
-1942303627 -1658888808
1639544590 2015376259
-1965613347 -1386232240
-670467846 735186910
2142253348 2143657724
-672148796 -311073549
1661997569 2081262581
1551450998 2020519958
617723771 1041488518
1346416724 1463358406
-636461045 2094612869
1952711614 2101907663
-1748135305 -117425405
864697014 900199382
-877517766 1498354559
-624195675 1524597758
-1351913739 1445336215
1117860026 1961834847
-1028751482 -523646929
1551584570 2002044123
470472066 2045537229
1026501357 2128843400
-385051805 -279045826
219831374 1050136889
376325123 961236506
1233586969 1673064686
-1268468757 -1177110435
-481857355 1537979109
1400785420 1427381059
-1315362279 1855025366
1968609274 2099037194
-290262316 1524727955
360327369 1850955008
-2058852080 208040286
491627948 1500916031
-1280909314 -1003879143
1299947699 2109909746
-1144071379 542462950
-1240608724 1372669630
397947329 2124677582
1471061422 1969680320
512886448 1239608090
-1783474202 -81374968
-716185229 130707950
289888760 943348878
142037634 441672943
1277087161 2001524165
770539496 1573196487
2052184119 2116307477
-1266817390 1636789237
-1093047297 -6021603
948990449 1238340051
-887965070 -553185499
-1231519451 174601047
-470014959 1415352231
-1982505498 459432707
404269718 954636510
-605355100 780342638
-1414738021 2112542939
1364847147 1643236183
-313096159 74754100
-1339350466 1156286694
-1060960952 76165313
68919851 725878342
772325884 1645085409
325385759 528664815
174639636 587972463
1188686379 1194950504
-1287746175 -548358326
-1275704027 436314363
105531468 291449798
263118594 2079989374
1560242090 1646009958
436268184 2063207297
-359459337 1804940967
2104522075 2111990474
-1757406922 -779534472
523974169 1631789296
-404751508 84145456
1063618490 1825396283
1253341952 1987035326
-2057499335 1701907284
-2078628738 -905604464
198873994 390281865
1123519478 1990331077
-1613132864 127191099
1484751071 1780246924
1738479578 1748730758
-1413185141 910828393
-595212898 551501216
-1093209471 -858262951
-347299427 929414695
-1894386597 837207854
-2115198945 -357768020
-1793550964 1363502860
250462506 1985430446
-1724914719 1766486988
21464654 1899504590
-1491527131 -30081387
-541526148 -259505098
-1548219814 -31057764
-1607024896 -592347795
2135730803 2147462576
765484934 1500693787
-1537179803 876237861
-1178610569 598854620
-604987194 599037082
280436031 1069251121
1128962598 2034449058
2089882429 2121369759
-2037105725 -1149204364
1588421987 1823039295
980442977 1806401937
-492281169 -397707819
-1925514999 -1696814216
-1295692922 1734387690
-1392699232 63397992
1938392984 2040064512
-2012857119 -796357367
-1506338929 -1049447264
-339391052 -106578524
-625212446 1393679560
1823911511 2127808027
-977407519 983447723
2000246108 2065312659
2005856492 2107369161
-971385285 -77045087
53379801 595991757
1374403102 1991545314
-2015271551 -13173440
-1801813023 1672865829
879723705 1606009125
1387502800 1679080354
-1062534224 -748581544
-1317715360 -832464452
-1880449931 -563038305
-1575254474 395013297
896526335 1515128879
1631658780 1825559091
1476071002 1828477035
-1513406179 571259710
1346006119 1794967462
707226029 1974982802
188635827 1870519620
519564463 1186320393
804445350 1944591111
-1577569368 1549329757
-333422684 199422940
1795889485 1941005173
-754199144 2082844086
-706979326 335437131
1605785989 1691223630
1779038782 1986669715
741990199 899434606
-551845658 469160482
1914880045 1973730662
1029325006 1239760333
167299055 395238539
-816805932 -268002579
-2102667819 -1830532375
-836762591 -443133768
-77758603 418593250
1702213421 2088647981
-1050251623 -974080989
-328605268 1450398413
1511205009 1906535891
-2124307503 -2113753692
523644906 1190950714
-242204471 241766120
-975301451 -550316942
31213472 1634314653
187379666 334124604
-768475605 571044855
-238349544 1673866847
-1888718417 117468031
526041581 1685452546
-258925665 784171194
433604283 1587792595
-74316432 1488629331
-1617920285 1861184993
-926418649 2139522280
273558843 1421527335
-119722838 1285657334
467952135 1046451776
2059138243 2135574284
-1453774279 -1170395843
916278900 1205564142
509980477 580656731
1177069531 1452276325
759447523 2076329915
729671153 2119446776
1243637132 1409131617
1779263452 1789928397
137581212 1435114313
2138832848 2142834893
-323080459 1839762727
-655067263 1626592524
1927928184 2047561236
1064864383 1732465181
-1286074854 738221979
-1892308804 -1593450756
1791957064 2060736770
1665976984 1852986526
-2077978400 -646098425
956813578 2028033926
863257924 1527842565
193629683 830529543
1720194887 2143958964
-1458374477 1110357056
618196175 1724226763
-266196577 1123702215
1953785419 2068904605
64109740 1904436152
1763824950 1883454196
1445414071 2070891265
-1640103685 837513176
-1651568873 1154550062
1254772190 1341803476
352989417 1601731991
417692250 1795077406
-1562425519 1782925730
-1013587625 -566353040
1886359562 2060537307
1534897980 1833443182
446432788 1847544853
626271256 1069604796
-1300006306 861201261
-2032518834 -741854041
189704635 1408955911
-608488427 132543777
175875139 1239489501
1806467161 2051347842
-1682582870 -1664228705
853627693 2065845858
829304181 1868338102
1067828612 1230608254
1984043567 2083455991
833257193 1134952661
-981614530 2088628366
-721448406 746310443
1404498308 1643193032
-1903290986 -1621224099
949943487 1711512037
1342675169 2016890741
-670869676 1589464988
-1876455306 1380524453
-547929943 -163479672
808893284 2087229229
1523534238 1943921045
179793016 816635771
2042189684 2112958959
1842570823 2013046627
2088165141 2122667152
405967907 589077005
-30222353 905729109
-1957133770 -137593294
-1379758947 186573506
1760940810 1769949630
282010618 1537440217
-1954540421 -1339344082
2074976281 2141845027
-296314926 1930106192
-2129735591 -1369586095
435813276 2051732125
-2004357913 -1508744133
715316686 939747562
362785302 1604169681
-1327538993 -896701691
-1111924100 -82565116
-528590815 230222999
-907129537 1274002450
1724744454 1842372077
-772772441 -747886974
-303148807 1884773754
-976674233 1835273422
-141025178 476272427
502269252 1771531652
-1011762498 255702806
477686818 2105355925
1267769300 1704664217
998949209 1923592483
924454277 1941523558
-1542935861 -1513925140
-1953499219 1205585783
-430529556 535754199
1175756626 1789521578
-475821818 1243945778
-1245729541 -1065433281
-802130911 1264354182
-2010513396 1507479505
-1699265522 -378436549
705952279 1619510225
-303111205 1553153514
-12093701 1587110354
188165849 214821041
-953418891 654986490
-458184401 -278272802
-1457987785 -680105402
1443098586 1755014012
1925337492 2012760725
-611281938 1851702326
1174848302 2056877350
-1480146166 -72921803
534026826 1714279235
1619597751 1936647288
487476244 728163311
1956692321 2011011723
1468085726 1763033045
446622104 1251881046
1161304917 1387113880
-429865100 820450268
-1187965658 1005184620
-1865396975 505777944
623197049 1627163010
-680603224 130705741
437071643 1043726976
-1509944058 -824216304
392293733 846194316
-653804041 1047087344
1350929325 2069783819
-914779774 1755898717
1654444059 2135676815
-1669882660 1121404062
-1984764594 -117365379
-1561094763 554400688
1137255448 1224939804
1416626791 2055192974
-433310683 2086026777
-51094002 1621703536
-601043792 -289034145
1346892213 1805324604
2031276364 2081521334
550364277 1861747984
401230177 1099306816
2003531958 2036761488
1302442413 2128247417
1909835562 2024845790
1436004389 1671363540
-475456904 1890639093
-2048771489 -129094035
-1022570008 -818353766
-42001574 2034549311
1967557792 1995583675
1929439266 2006246965
