100
-952952196 1050290671
-1261460232 -486778518
1579930663 1940908102
1752873375 1783252066
-1521274701 -326195357
-1540481312 1835673741
1855410423 2114403766
-1435062379 1879440957
1072979790 2141846035
1067747517 1711572652
-66074943 586450988
873967742 1737810137
-933385940 917262321
-1792911948 -1138462229
-626883998 1791153943
-155800125 1287552980
-2069024418 1882943216
-346101588 1651238456
640916438 667343959
-1261495014 -342125011
1916128478 2126547113
461009678 1284251005
1855168532 2065363330
1481743615 1820327655
619723622 1721572358
1160569057 1726960480
-25519537 1324878954
512864544 1727984588
-1151123843 -827921067
-1071863353 1856472416
-999866136 2128993763
477048930 677220685
-1955809311 -167221263
-1434536506 -270414987
-1723535216 -861392536
42386888 1857572248
351006661 383125986
-616508977 496141300
588788003 2071425396
1645298368 2076417925
-1548927935 258519995
210796742 1911877550
227540690 1318572200
664019143 2144723495
1830820781 1859742013
-2098177678 -287030417
-618976640 546843885
-1395593467 1202354809
-1089379164 1493560761
-2145885766 155544967
-359225921 2091848177
523895055 1702210457
-729813720 2070552166
-1604784456 -470094664
-575531572 -398269241
1448442977 1797273837
-1528484813 -316549267
488174111 1447675272
1895073333 2006183926
1866275028 1915586938
1631416543 1767585689
1197147391 1201725261
436991317 1791754729
1777634178 2136405363
609301627 1000538086
43508399 61577249
-330320377 518604676
-541018905 141022158
604490849 1433751495
-1226033197 -957468589
-1901557813 -1808615472
-2083975305 -1747438835
-1687329883 1922760051
1217643290 1340289879
1978985197 2105065832
1644417749 1821407572
1482200450 1680154025
-1094009707 -55329717
256284386 2114249906
-1820239721 1431873966
-701345740 2118530650
1286829108 1906256607
-588545722 -124139638
-215190383 809354295
-566565165 1887947038
-866563470 -250038482
-571537722 -343029932
375696491 1885635876
801071161 1063954368
63681037 1260803734
233112168 728070714
-1484541256 53865772
206430360 1528319750
-1164255891 1890121126
992815875 2135088105
-779121261 -447381530
-1581738000 827546001
596243484 1192013133
2117975230 2142987708
2124840175 2147126166
