4321
1843567102 1937979782
1425947670 1987179091
-1787197364 1459291878
-577672186 2029820417
1711947666 1867917207
-246082204 763533390
-1903386177 943594749
143694951 1219008947
-751909545 1393609368
-114120062 858153702
1834486523 2116583278
-662750773 2023522017
-1300062720 2073261442
-1807004000 -60370314
-2041936384 981958447
629299341 1238088755
1843862518 1947646508
-880611136 1524772610
-1926442681 307889508
-2018254088 1503010139
-534468890 702210315
715405618 1160895884
1177771723 1740012582
-1918723468 1458664790
1524955695 1752752128
1229975924 1274963876
1428168175 1741767330
-592491194 1555416673
-458728476 806033241
518307638 2081135505
515234235 2034960012
-437680338 1044627794
-846939113 -657552561
1911014572 2078509945
1159864136 1501317645
46932555 1792771791
-1918243788 -1600786312
428803109 793584254
-1089010277 1735437770
-919214771 328540544
-1281864552 459999002
-1335947296 1619096272
-1307681280 850608106
-540103846 1895707143
21244933 1634191059
-86628778 721079917
-1198059796 -12119353
254890998 1674867333
341645708 1533357537
-150242752 1495179306
468150880 892549072
-440280328 -267534862
-1893141452 -930647892
1820549137 2048332837
807773720 1980201373
-1510008608 -1201081688
-1539554180 -1299603743
-1872707736 -1307802739
-318025049 1226368360
955728107 1778036773
612755355 1845006765
-1031591004 1645877365
549797051 721643984
349834629 362362062
851070812 1026872171
-836437733 1369459850
-2066946559 -1613084451
1851201873 2040734415
-340877131 -231474334
-1627456465 -310151269
-526563078 1222048464
-704307213 1333256605
712745035 1346100179
1207160199 2048556456
-1246580610 -167303078
-1753570461 -231791834
847447318 1193327919
-414547700 1224988270
1117402395 1246961744
1492745599 1595102044
-1366916293 1506411866
600064342 1012532846
1414344074 1746520793
529612094 1985455735
1685431342 1842304446
1875114383 2043458700
-950351546 -493606312
-1614684220 680545576
-2016968561 1613939901
1471642840 1957331208
1244198330 1384849969
900139552 2112292101
1610650921 2132856431
547712477 2123207616
-1270352886 258021855
-1431187093 -1177247094
576091287 1092254577
-551399910 1182211525
853270383 1397936888
887075490 1135395628
-97239030 1408745504
-755474193 -418977858
-629902934 698105279
-654766909 1672251980
-1803428951 872161115
2106722805 2123588748
1086492523 1474950455
437436389 743617211
1570714561 1653723831
-1643462089 -997753614
-641327819 118808535
-684786295 -280541569
-977475020 1586213615
1841416371 2052031861
-2135075285 541403578
378537782 2026954702
1739775402 1837794627
-2111862769 -1614231725
2133303950 2142239623
-246179759 98780010
-1461070254 1478568749
182492628 2083615028
1594163353 2087221945
721397810 1726376499
1438589590 2029202139
-1600825481 -1089029660
637112229 1041649175
1996571473 2017026651
-1902260080 1856500979
2091279365 2107096550
-60587345 36077213
607567902 1881705620
830072945 1183120441
-2111349599 -466001746
-1185508726 649910288
-1994055051 406402575
-30042167 2119476634
733602135 2119133520
-1728449547 -729424958
-1554439936 1085434194
803717202 2061583403
1628035728 2033965510
-991844710 -394441297
1985293572 2074910343
136072213 916710821
2109351773 2125756407
-788490131 954517382
1166208995 1724811235
-321227410 1070524108
-1076937497 -957951904
1716468741 1858680532
-2142283903 -728513847
-577413905 -527155449
1998495763 2089210347
1792220009 2140166217
505691781 1997626412
2100771096 2121116182
55312119 522665630
477690964 1678812303
20038022 1197342464
1152667354 1285039431
-415371740 -194969301
1771008031 1822087541
-2018605808 962533660
888385176 1214386255
-682853827 -181755
1780020717 2129626856
-1794550080 1495883856
-839866528 -280679137
-793796297 107505670
1156043597 1919364189
-32035169 1449017591
1207050274 1619483887
-589116782 1374117597
-1742332796 108795494
-399669215 -161835495
-1378472112 1758130207
1331764886 2015389702
1903749477 2091988989
86518841 187752074
547965944 1028695191
-1302656072 1518537075
1951360758 2027237219
1811542487 1997399201
-260701205 -125219970
-1408618838 323864473
-303007922 233964689
549419308 1293235535
896747255 1985925384
2044678760 2118817114
1149693649 1632982212
1066728610 1179660673
-1286917222 -850601203
1790711130 2037408087
-446715111 1961681441
-724529664 493799555
541667193 1199390597
1573369046 2050630258
-736707568 -456377357
156038591 801878119
954364676 1921050374
1862879502 1938521583
1347281908 1480637327
-359708507 -346555660
-1456826135 -1407165943
1881883435 1888886617
-1499921759 1561321145
-412191587 -72679173
305198950 1594421315
-436326195 265429586
-1390305606 1113125879
1244867452 2065343551
699082686 800516870
-1985579450 779264107
1096583433 2107896457
1616936222 2082736456
-2065154931 -1330838804
-1473635536 979309257
-1144417108 1020061180
-1138500603 -309111019
-1077151597 -368717748
1810064676 2089207452
21549609 1056998811
-26579146 126115845
1526311147 1743442434
-1029140325 1311031323
-625711610 907297494
1612993305 2055124385
-2088871543 -684209627
-2009191098 1142454794
-1968738297 -1952180532
-1308178376 2073775541
388855663 1536495112
713513329 1785628137
-1708983954 -852033934
465732015 1677842834
1190582081 1982968097
-1407113772 -411264009
-1799034372 281415857
465123083 877162286
938705003 1356828704
475992016 576165674
-1035833685 -579048350
-23263554 2120289121
-1269987513 844538677
-2000720628 -1884459460
-236890539 748157213
-828302718 -790301435
1808372315 2005447045
-1296524984 1547629769
-1814168303 1161473283
584392925 1406327164
-506353696 1189902295
1683107644 1697799382
849706915 1279280798
1030063772 1454812560
932709860 1321155076
-965692151 1668894637
-2093504101 555258767
-254444319 225130875
-1000215282 -526719298
1067563748 1105653713
176924018 720172117
224117309 857390730
-1353409904 390230248
-332173871 1114126183
1459769503 1936708066
-1694325160 -1409158818
-2014245727 1882579252
-185291789 367834233
401407711 1778487602
-1399393044 769460227
-1284539883 -1270901606
86099087 602551829
589160182 1935354935
1880202284 2133485256
2029368106 2046708203
858357538 1362536432
683462854 2105156767
656657397 1299837807
-1130635650 -915898424
-2129271925 -252831426
-484719854 1577627937
868851351 1124459080
599686677 1670986259
1035510692 1302376930
-1663534086 -1457792330
2059761875 2101600459
1035127244 1864374262
-1329084058 1860477010
-200205533 853188183
615285745 1976094916
1165597163 1974281895
1370184735 1725287069
2045919955 2105641982
887192070 1539493930
-1577961565 -444639021
-763143003 1023574096
1594619376 1788321621
-40697047 1484708903
800643651 1485239939
1689711625 1727974719
-1664527240 833202424
363370776 1620315031
643542423 1315781571
1970692757 2038246590
1473638841 1643331534
-1595761912 1685316946
2095004598 2127364263
-1339216786 621675695
1781330763 1841126278
192269510 1903344894
-824043674 1712026200
-1034581251 -619117019
947574538 1189634882
-113396286 2017832615
1982798778 2017320761
1723538782 1762335937
-921000466 1633659216
-1438645952 -899011265
1985327318 2080790948
2095566508 2146758534
-1764264185 2063600145
-296687093 1462409564
1663638014 2142377268
763692855 2105222493
1864542271 1965729000
-913902360 410817958
1281996399 2092430570
-1169029542 -582109718
-76903404 1905351451
-778584193 -72236403
451272933 532092761
-1961071036 1246172376
-2064392460 1309166672
594496486 1321199024
482822531 726189751
-452510575 1786139026
-596431397 888321677
-661906485 1642818401
-1218355757 -962383379
1955648489 2001783897
-1009963065 -503982923
-672802631 1859821239
177535442 312095532
1231064599 1690079433
1858166089 2025522570
-1704846332 -1687492980
1567934978 1858045393
326116469 1671703336
-447330994 1257079366
-42001168 1435942689
18552004 2123511728
-1258008295 -1091557472
-1370488672 1141435161
-869476962 -132392578
1041517911 1094460933
528335455 1307237519
-467541859 1930435086
-392440817 2091712477
808037627 1443572681
1628873877 2050182061
1594937280 1874745278
1302729750 1616989399
-1142040415 -449730087
-1212220986 1604549802
-929424584 -595279265
1395753599 1602237479
1937670322 2091264548
-2010786150 -1655252992
-816305897 -671282636
-239792125 1159931353
-1669833958 -173936733
-616365847 1266035656
-1039568715 960706003
-764506521 -57755684
-117694356 1172298495
1092780952 1945604986
1410133856 1654590202
-488430998 823807532
1811711508 1890068722
873005250 1670464201
-1860141513 -1366481114
86535098 507235640
649440131 1154625805
114432320 1288312848
273811557 810275104
-234588511 534039204
274126045 1740128513
-236215308 697704687
-915366694 704154324
-92746726 2028317270
-1772179940 332225758
141070242 1151443435
-1298930899 1506492498
-1292895553 425746313
950397748 1117937956
-252648878 473663058
-2002220140 -247160478
-1735738682 -300236207
458443792 1272418623
-1173772135 -832479094
-391231669 1558956457
-599864384 719133055
-1749973035 -929467982
1682295895 2143848965
-831729381 1207718081
192903360 1038567608
2116193581 2122785380
1099665691 1220670590
1698461822 2069261240
1785693385 1816730861
-957606952 -432955075
-1590290306 1193374902
2088227902 2111708035
-426457185 291125361
721537086 1116899135
-1580114091 210054757
-49907007 1994455372
943855732 2007050766
999863051 1120917458
-1695501621 -1215601411
935586234 1688727898
2079900105 2114303840
-469549653 1181601999
1808341558 2135562885
-1104268928 1187297920
891186839 1511178104
1508579094 1804953132
1282486986 1974788579
-2070666181 -1307133179
2074733904 2131301026
394196999 901632741
-1849339788 -1237876583
1028289300 1395563866
2041990076 2093098590
621572355 1138730451
1559462408 1938501104
-748274050 1859987330
-806948565 1432902788
-897900054 738431932
-368697224 205600495
-1481288154 1455299834
-1427166748 2113666300
1504613831 1660996769
-1733909367 -1638988939
667292829 1454015964
852557398 1340847881
-265546947 -263092184
-334926715 909686645
835667414 1574856898
553524856 845204024
-1005011054 1255221325
973626374 1395063165
-1379492381 -707029382
1417817773 1846280886
-2069539963 -824975434
1230646949 1591947203
269975794 1186630246
771990747 1023330699
1264141737 1778127973
311412381 1343119869
1649261401 1935457850
-53738551 1479529966
-479614391 -398162162
-1163648894 1186408814
-1061374834 560253414
1551866709 1861044790
-1824255379 218675378
-1821189303 421261372
2104054451 2132571916
-1905590778 -1737203399
-655134693 2033241055
1091249434 2045345094
445357119 1510434324
-576356863 772881720
1946551514 2023158073
-1396873219 2086584638
1730778121 1921644569
1656857396 2131986919
-1728997677 1779392558
1437994668 1998188911
-975451865 1228725872
-100801546 1031433344
817755221 2073466890
-1292404927 -863971584
1888235830 1904548409
110157267 624145201
-287283988 2011756207
1397868392 1871374308
-249274345 1183353486
-234347009 1650627187
26092812 177062521
-305109270 243914807
-1240742256 -236669167
-1777366490 -164653176
-396723808 1274963920
-2134297391 994773415
-316782713 1121066470
256578781 1548488980
1244651768 1434322524
1671232441 1970297336
1996183819 2111908654
1203187751 1912572771
-1957243649 1354813522
-1683038035 444632010
102530852 1139393048
-588996079 1505360530
-23911347 626959481
1075314550 1443065015
1555649390 2001300099
1223796304 1728950450
494870794 590465363
-1905345336 -75982044
1460131314 1853157658
-473387087 1465141325
315054612 1728019272
-995757004 1169288920
-971731686 -677878485
601935441 1586859038
783290682 2040944438
1051838866 1834338394
-925894510 727652410
-1452107902 208923421
395389301 1732589996
-602883836 -132947156
-2134524587 -1857432690
-1572938647 -34052101
-887980974 654509082
-1863821152 1868137144
588267437 1022951618
102118058 2016523834
972918195 1747999462
1473946809 1602020393
-300881342 1802702982
1572905286 1594682740
-1369158024 -128741503
-834425603 1464472723
619401361 964876220
-2120393669 48772919
465939443 619024993
172503190 1272791404
-1463330572 651165933
-1190867099 684391470
-62050004 582242680
1572198731 1614553564
1184662488 1920104206
-1248574919 -285074687
1675641669 2132940407
-1077063339 -420334820
-1636705592 1295931992
489692213 1037651839
-969993210 225937618
-1559444125 -984511283
-1507984091 -1452438102
-1255827090 -211431945
1290491786 1330107659
-1057161352 839697738
-1476314949 -475669037
2024022565 2113070482
-1185534221 951311171
-431237023 -155923942
-546975248 120992843
412843579 2043129210
1488618732 1778860977
373701420 1928592392
-1568541548 1013051251
1752975829 2006466680
1563126621 1903632084
-1532435574 991565268
-1070591063 446625095
-1887670746 767176406
-1890523484 930706983
1183413407 1748489182
452632831 838224964
-392747331 715837216
-1760869299 -1535565709
1406463518 1954331250
1166549702 1503286830
-1209764062 1891142940
1723370204 1850482579
1360138465 1429948255
983759657 1748549946
1106148408 1367952923
941858383 1659407018
1571070112 1662143877
-196228607 2043289373
-71799712 1909779499
-1577050295 733118217
1302392032 1476880596
-1655115369 1786110813
-191213468 1078234067
1700167885 1832256088
-1252463736 -346203045
-1810530178 -1430102390
1730586836 2082841009
913025644 2144255354
1764872810 2017220707
-669855725 70249198
1033731250 1131829241
2029854189 2034853852
157189486 271672694
-405236223 1022996805
-1504964547 1455415775
182135140 477960809
578600912 1039206644
1751935347 1935826784
-1873743456 746671861
-955426669 -608625968
-1100603775 1360223197
1224029311 1968897395
-1742866512 -394496312
387762615 1614921581
1993092389 2062663677
-712676702 1759334828
-1983466332 159415408
-1830804680 -384082187
43124138 1971157928
2132430750 2134390939
-340478037 605811412
498732453 1711629809
1079357124 1864211401
472853787 1242047221
-1935457722 895895958
1052621271 1620323370
1341588230 1766248044
461958136 1220722134
1335403840 2037338344
298157476 1693314634
-16601374 843001998
147776786 1974303988
-291124447 223790428
1071026103 1815057513
1309062818 2132085552
473628368 1498033270
2107303742 2130066576
-680656619 -273949060
-1998446729 -1154540273
1788524837 2095587713
-819513089 90997150
410494175 743171815
661269782 1956955672
-1416807620 -1242833513
-252171030 108831035
-2062310457 870384225
799057062 1415382548
1994655406 2073846338
-1266156492 725442453
-1611529396 174069828
1469135517 1808427677
-1383879798 782960146
-215374833 1953098283
-963159158 -44641584
1610415631 1686023374
1516380861 1765954413
-2009147686 1574963875
-1851272798 1255183334
-1766467548 -898709748
-1153530994 1518459754
-108619254 1362240895
-1076008633 -558492091
386254993 1966980142
1918820684 2103530386
-686055485 391251002
566090921 1945449212
1858506989 2047978193
-1182180636 1324071639
-1563965071 -288227079
-48917912 1996550246
1877995530 2052197024
1939869018 1973541800
1185638604 1633967481
-1790423961 -1369597365
2136837607 2140412093
-269103187 589167105
1807706292 1956068668
-848206425 95961786
-818680117 2010323165
-332017263 1559424780
-77441558 612310123
2028881636 2089703928
695601058 1436478647
-233152559 -34709706
-2113165794 -907755967
815026193 948942052
-1660443140 2002745903
-772253570 -127608339
-1562390824 1623756793
2025801391 2096961189
-1965528543 -29853757
-1351177010 729536313
594418688 1695476583
1141525412 1301625168
265749338 862415102
1151434037 2113744024
-1251398743 1221653421
2104469349 2134113866
264952958 422321767
-392740336 1341170128
-867845361 1710477191
-1580917044 1321931794
937018955 1890155741
1404921836 1512962492
-529991095 -521308109
53947694 675873117
-1255331386 415028383
1550625920 1924249924
-1935595270 -1585465458
-2103343122 321391438
-850309131 -791844971
1806645660 2097078315
-64652482 405418665
-699141983 953929948
-863473283 929022248
-1120175400 2030216262
882906093 1662436911
1721546632 1966712712
627100734 765245068
-806799401 901718105
2026760133 2126101851
1708334322 1755866159
-922619164 -594625431
973757100 1279390330
-1271434620 -170959559
-993316703 920908186
-1808867550 -670845225
-1544921499 1471679474
-1847929584 1611319339
-789606203 923473908
281228105 979804967
-1964010068 -1662553648
-857651337 1464626556
-676599967 -621432093
430033321 1777605955
493612935 1483931491
-1478573961 1440627878
-1283096781 1801271877
1956531360 2058911747
-1965615390 -1260931232
106400976 153584851
868777178 1716398556
-1004567249 -253289868
1348535330 2086024887
-1010310294 -798683428
-634547128 1173912002
140280858 1443842312
-1624333570 -1463762554
-1166846645 -148819956
-1976849358 -998343850
-677553883 1320189193
-1414341109 912415265
-1854393942 -1606938581
487748520 963186613
33483231 1783157564
83569248 1892791027
1508537106 2030178257
-723954010 336283270
-1050223518 4364017
-834166710 656982610
-631922183 -362664741
-303652489 879680460
1606073979 1613444111
-1188956517 1578101009
347237696 1326749120
-1119234382 818396855
486144321 1304290817
-1730503979 -126280314
1564530146 1759134818
-1333223547 -497343197
-904179819 1610985048
-1769675771 1569754987
1393230806 1503433399
1474273076 1851914038
-1667022105 1463897527
555263703 1591915404
-2003781140 -368655480
-323390991 744055968
1803161383 1953552284
-747402599 1624420568
-1989680784 -1466860079
-1890923556 -1597725641
-1143098040 1414820236
1874456863 1991654853
-1016945548 707074957
-1525491535 853299963
1164136654 2038130694
1203895826 1215774668
-1357477566 -65357057
112655428 1458618665
-1526355831 1628200732
14664688 647826361
445279292 1281551790
-227459248 145069483
1543096156 2140865333
-1962533529 -1140279935
2126056300 2138769413
-1954657609 1257609395
-1398177887 478499760
1727106707 1883633190
1690907440 1841500500
-849547119 -59782988
-333083856 443142274
-967258512 1958088152
-63961454 848804698
1015878826 1966800589
-1769929401 -1705294917
1458176863 2137200621
-555232958 2040843309
2138328931 2143308229
-13165106 381331245
-1519787235 1683986385
-1720580699 -380792524
-184492686 831887734
1443749618 2102489565
-942490449 -502289966
430513129 744681671
-1749612224 1170043223
-1584438933 1592781455
1828609532 2070302100
1789686574 1889226378
1882893276 2030295193
-486205264 -352682246
-1720893105 -794601695
-1015363112 166161597
520260188 655808829
-1505931320 -293258670
-1706962421 -580360257
1808543094 1886974407
80281913 840028364
1124625598 1937803846
-420581958 -209371246
-1012992861 416016479
-1407255240 782706010
-909355387 465635520
1532140454 1604035908
-407693182 1546085408
-652809938 59164300
-1064105770 -567780947
-1117693625 -974976245
1892676197 2103333778
1513761482 2074456386
1952853269 1992162470
1433408119 1672689797
-725374679 1548902965
1552269207 1894761775
-719123572 2109820883
-922976940 -650748363
-846729656 852159689
836483346 1030735817
1063099389 1735136208
1388383937 1711951879
504122923 1658499356
93232843 1333920786
-2137668512 275122847
-237774333 1176826167
717598246 2114351810
-263236191 2078132590
334746372 1661412702
-1453426201 -966257817
-1123295133 1967390539
-1849592289 -558395599
-2104081579 -1321397442
1799740059 1874273598
1396994410 1492403251
-1676285369 1623129057
821647259 2120086811
-348538668 -247338321
-1294579887 318366866
-1392467707 702738511
-931010271 58180220
1848402118 1947822108
1612905577 1821560868
-2121686016 1658006965
-1837801151 758398053
1517603675 1944292916
-2095220811 -322609835
1668818004 2010924980
1389956283 1555596008
1659130574 1660124078
1205117257 1791618559
-1063566220 1935765323
-1676232658 624993107
1112242308 1724478040
-1571136635 664839205
-962717319 420013765
65556561 1097859899
-259879790 474728465
-166407021 1778222795
426396760 2054253743
1761261986 2069944598
458149666 1946827522
-1932806329 1849347167
-62864061 1329510807
-1536202989 77566064
-1441723372 -320019216
-1802835852 807719363
562540109 1965077553
-1394913346 1626461931
108974016 1465713546
1584938763 1973441207
-651001590 858780969
1781054381 2033448161
-2070710261 -1990002557
1880727657 1926181162
-619817848 1148305507
-965884970 1006550447
858193016 1194096228
-1464707477 -961484566
1131902000 1474272799
1989643586 2012509679
2054973207 2093121308
-265627129 1258291360
-1911022412 818362576
1505480158 1567299758
780380534 1830571648
1029775798 1679616683
1663445375 1936772909
-1017580939 603347229
-1871399617 -852370357
-1575313236 1974891884
-2123573236 1282272053
-691394679 -320122689
2076610714 2096600448
-135110677 21799625
-538918854 654445226
-907632968 1440757705
576283463 1656516234
-527302377 1518238807
-1173300567 91306446
16129528 1548118809
1843048055 1920282907
980878436 1974490847
1051278094 2049027241
368694793 727127500
-1105135894 962345722
-1300019563 -868762727
1120746 1314164847
2139955949 2144690346
960921997 1209085473
656159107 912039606
-2031447388 -1770134292
640636709 1977225024
249001852 817049406
-1804754406 1893979811
820442094 2069647745
-2037839295 339149397
-1544592154 471477399
-580543506 870797913
932145540 1369812035
-949613524 -416492038
-1189834427 150390656
1127875679 1803262200
-1859800768 -1321367655
1288369618 1876547278
1036943362 1561062496
-1439630165 -126980162
-1913067476 2029535005
-1317824925 1590950323
-1784288786 -1499643718
-932637464 1029649378
1780684319 1843049351
1857031604 1997802592
-226945571 383148383
-1974672507 -830038207
1119870400 1274400433
-9262433 830738430
-1331192461 -5453139
-1622277931 1226455467
-274686918 1509444256
1777107192 2031267503
-2095096979 -754385612
1345064010 1746207827
-597183654 269314318
-561722966 147985889
-54168348 534974922
1720568525 2097348166
559554790 1680346538
797381545 1409662688
99192286 946354577
-121830954 1639409458
1916483417 2127193429
928865993 2067772260
698343408 1917547387
-277540459 -44758404
-1610415501 420172990
1370539375 1889035726
-14396680 1062980146
2142751699 2147058305
-1323323480 1953772308
-45188155 1068818416
894574407 1873052910
-1773181217 1234489428
-525182147 1224325507
1566699631 1786472918
-1336466589 -511484603
84201073 1016365236
12839012 31385940
-573377964 1549395908
543788558 1660982856
763955675 1927825230
-1510775450 -861110013
838438582 1077806817
1284699857 1341780412
326830373 1295296863
1486647513 1873721292
-1145504813 416175155
-974448168 156906546
-2017735318 -1349444
1782960414 2081551665
-1429228978 -1118752424
-863285429 1223971381
366619213 982798952
-914622383 195148549
1777360511 1802600166
-1329532323 1789646793
221051292 994673550
1560931381 1687057162
1123167635 1932958352
-256275043 886275504
-392873694 22489975
-911600713 146581691
-1864254501 1444234823
-917575611 494255289
288253361 1602249663
79375105 1200740355
-155943606 1577616886
1352091365 1520056920
-781422964 1783763073
-1510089605 -1265542172
1914181414 1965521895
1276920463 1499561191
-1893832875 -1740759791
1352591263 2078297144
2040510561 2143731698
347285884 1559779437
1308031237 1988785750
1379888543 1999278132
-1198914057 -372507358
-898464111 -817312013
2060525955 2107606841
677142795 1880498714
1404809680 1782355280
1116222039 2068414832
-1955482756 208744540
-1959084571 2132259730
-787845247 1285737226
462115634 741172813
-1344276559 1820479717
1792249351 1878389467
393587030 624407764
-290600085 136173869
1508852619 1808468180
877341207 1239720527
1748157462 2065114625
399171106 1540296923
1228575888 1531790066
893630396 932070109
-1735551043 1917355630
242350860 499117549
-1593638957 2072399382
2114836566 2132139281
-1745753600 -999323839
321731043 2133623272
723488217 755319221
-1413730611 2145986891
1564614603 1814363166
57099763 965052952
564426586 1967042409
-857027728 -245407984
1321192914 2073061862
1769112137 1952015806
1012822549 1147846071
1378810351 1697623014
-294207454 -121550553
-2123016585 -894958324
-1277572809 1653808720
389383822 2036286594
1363069942 1878857197
760034586 1172017773
751043837 1685655433
1289828167 1765300348
-1555952736 1026040910
1295256284 1691114098
-279513983 702821561
134559356 2027514348
1989881704 2061729013
745049901 896849356
540301551 2079184331
352483374 1407979836
-999036168 -961402706
-1478724940 -1255285005
-244464562 1628244846
397043007 707743199
-1530842637 426812650
190976668 987152845
-1150366838 1953438987
-629653711 1736417820
894992818 2121028185
330528618 1024958989
1132402778 1570384789
-1501470250 454836697
-625509229 576634733
-458815469 1347899406
-1770530243 -686526315
1152890241 1673080232
-1620989346 270531732
-41884762 819575594
2038394932 2121842366
1237926108 1982499779
-903779061 -513143681
-331920283 1434474229
-618381220 138147977
299396123 2078292900
-936468876 202358845
205355024 1237144860
581619978 1723685689
1296849497 1310682061
1370148773 1450066949
1516507024 1570712351
-236499627 1496728235
-1748564341 1848627822
994508529 1182954363
-1608612254 648254449
374486523 1022813558
1093748920 1791955906
-245742234 1501196245
1566978385 1886236984
1336960285 1355288820
-381067509 -66613477
-1310662303 1967422164
-2015718149 1517056851
-2135665227 1641823911
1782333134 1841591697
1027079840 1225300112
320834964 379567664
1523733055 2096634798
1643197966 1964604439
-1733275900 740816870
583950382 1262824108
-1434288575 -569912995
1686497577 1694980809
1882158883 1926506758
-1577300377 1214956876
-1667169587 1703368598
-1502460133 1244229269
1448569834 1846114803
-4231710 1757395296
1162041069 1524158152
125643636 1707276786
1875139439 2058966779
1864189292 2000972004
-1087804946 1512784715
540473002 1484139352
2037736811 2122474305
199386411 1437651409
914942749 1816649807
-1293598944 -214203376
763463397 791867094
1511708441 1954115903
-1610471482 -479507187
790990198 1548489178
947871475 1233389285
-1273658215 1672972362
-649479860 490782221
1422858512 1689684030
1678643695 1890055617
-1835532171 -480033792
1898048214 2111961064
696044848 1614735659
-166939847 812391116
-1848449812 1816849474
-1747521488 290479311
-2079103092 -1122003473
666290135 1483567702
-2066756873 -1626538032
-123003661 -121565492
1309407283 1628437052
-628743037 1237672420
-1029506125 1926382235
335306721 756503089
-192891778 1506468449
-924990234 -839617953
-1422813098 675133695
731104961 1766394428
2145345914 2146230337
-1671357086 -1014812599
1423868716 2006900606
-1948251959 1222011962
1019784350 1330429981
600692143 1705108167
2020843764 2095388586
1983632935 2143337428
-715906072 1199023350
-1918740879 261050617
347279544 557676796
-1624458411 564362059
-589139792 1944461298
1120714171 1894254632
912414437 2031065777
169643628 736968739
1469677005 1794206717
-1414009896 1251735915
-1231907142 -470536660
-846719071 189616003
-2082764354 -1522198026
2126180491 2142033729
1297809211 1803434525
120319886 902404020
886637768 1755338645
-621868429 1059591529
-1774455389 -907931079
2097884814 2131616755
1393169149 1814703317
-718562175 989296700
-1016149546 1434299725
2011810410 2066524549
-1251148389 1130893641
-19413123 1299965753
-1068097412 -556160157
160662706 272765936
1773949289 2013972969
842715207 1941917826
-253342986 2140702557
-62390528 1455216990
291571137 1606458324
642841605 2040998004
613458362 1621819536
-546058465 425683329
1976700525 2007845005
-1208057543 -652834453
-2086753659 668389121
-402513787 171952859
-1381306555 1880863472
-286870626 1459248253
65525081 1001487772
635431064 654822807
944897491 1283439283
882420518 1944571442
2119951246 2134799105
-1101431729 -917059054
1438214144 1561533324
-797460229 1559505116
1915602208 2018065677
-346990555 1780360519
1345796314 1501885318
1592833757 2139646865
-1185590169 -773732605
939444065 1426394636
-386385276 910166946
644851406 2066241280
-215667710 2069197225
21460465 1752907088
680499803 1168840294
2069116769 2095717637
388247611 820470347
541462891 2043838731
43103442 745450688
-6729341 742638193
805161805 1855321600
-885420432 1109160403
364080076 476211671
-1476333572 -322130856
-712699399 1722069458
-1179538114 2607043
1775323120 2122374690
-213951521 145029678
-1109483557 1662562586
1872946787 2141162038
1114322741 2063060047
-1984099829 -281636880
826599774 1482941234
1119717250 2095117836
-1162473674 457308012
-180999423 1486006864
1168462518 1646545704
-1314607588 -413122072
212776471 1631082476
1842407562 2045756233
-1762320117 1651548042
-1836920243 2065632815
-1337415716 1307583473
2043730968 2103099401
1810722352 1989219490
-1744505002 -214293471
1920699315 2126451028
-195665260 442781062
-1993490965 -754097172
-807053859 2138468084
1020324058 2000390456
-2099153969 1103679407
-590412389 1625591568
881332150 2109017949
692504360 714292487
76828149 1190386066
-1194623982 391550391
-1562930904 -1014009797
1083440264 2049438722
1999605004 2115827570
218337944 251710225
1839567698 2001794604
1091699631 1811767588
1777185307 2116643070
-674303001 -617881812
-1840127431 -1585380136
-253270733 1011759360
-1410946934 532923000
-443016271 1035602910
-1334090235 1613871827
92976720 2033028718
-1731487154 -1050754435
1741545884 2119592120
-1166997378 1178465607
-793176260 274248551
1296360124 2072997994
-1061433935 267213006
-186447451 1211892375
1388183047 2026937791
88550794 1396454530
964147775 2063012167
1301156215 2123335468
1516617431 1781438738
-1381397376 1753742534
-942710122 878153643
517301305 1408169330
1477607751 1652101258
-1585126202 -253456940
1516695953 1961662960
-987201383 1968482273
1749626602 1993574443
-867839033 -677982380
-936060637 761921463
-1628942383 -279438763
-575506662 923218112
697669073 1648112333
-902962483 -96290688
-2034481702 1257400344
1086919182 1219462260
312122140 1010096309
-2045939769 580625895
1429930209 1532244767
729310202 1289678014
359030711 1492953383
-1941168855 270303863
-1567797788 -101254091
-780822830 947041
1594757280 1951603988
622566977 1862413986
795568318 1692500284
130824895 1491852186
1750150405 1801772610
371442779 1827303228
-187046223 707763011
-26333643 1334136187
815788262 864838092
1723270397 1841116646
-1387843225 2539170
275800544 1520389677
-988049655 -519496621
-1664033927 -208885786
126936762 1695059416
-1666264578 1069367511
-80740625 757605663
397698628 599230085
-912192078 1561715350
-169525137 1019354147
-1139496257 533903136
-1410864440 -1113232192
-645070419 1667682740
-1583332176 1348343442
-544839123 1307283463
-376019449 345606844
-1116478398 -442987960
-373279806 1415105619
1815377152 1901789800
89839022 1927280543
-114766803 2128762138
-567732160 202844945
1769786765 2095485460
-330233366 1268919989
126697709 1946700284
375243801 1304317074
-160961344 302866397
1208577713 1564512964
-851100636 468285546
747922492 2044388185
-157342409 827935417
-510884097 -15917071
1010603485 1376757619
-1368025977 1569657619
-1956228041 378702746
1139484066 1962426706
1208018729 1925815539
-651330979 372936423
-1108284368 -807687860
-1712761784 1099355727
1401481992 1727244786
704828211 1155377108
-2032073062 -413342653
-186547890 -86085735
-1941564885 1638815274
-2137214827 -678063473
-1625251596 -1468982243
1792372965 1801310070
-1330280033 1571811096
-1272905761 -831366850
1713709535 1820621783
925792959 1131112425
-803808990 -607201769
-1020242794 173639017
-1610493158 1346853449
1299514254 1986531881
-397800687 1041309318
783579817 1341434744
-138329567 972428728
-49532309 94601373
-224890616 1702549435
283292406 1164435659
986676466 1160405749
1449265116 1935188673
889750380 1913606870
-413510863 1204751773
766548038 1817859438
-460256468 1278456497
-1514300929 -425980482
-154260354 1802139351
-427793448 1222959238
-2130183303 589409218
1341042529 1693867156
-1785853232 653366592
1885346509 1967104324
1869512894 2082514908
1060632225 1458117868
-1210670483 -1197437582
538707502 2121619863
480181515 609758219
-1448622645 610837565
-1560889172 2129396662
571250885 2115042801
516205537 1190826692
1694573704 1872885403
-556563691 -450800468
-642242243 -306243327
84858677 1157072536
-473045614 -133988074
1462186239 2014985016
1150828941 1744510912
1303799814 1729167759
-1636299824 -886779273
1019674041 1060844019
1899633875 1961930154
-1442902171 -972334524
559384707 1892575358
1838069742 1879699120
-1872933079 -1013632450
505683628 1566535626
-2060335727 -1940111123
1623925020 2115637421
1979403934 2121982655
-1367434953 1177146921
488930049 958648963
449474382 534625502
1738820010 2018450923
79927347 94489103
1404502305 1727060088
1503357054 1941306177
2044774192 2122752060
-1367360910 -63776551
-1407150664 -247664421
840562891 1896162745
-598131406 -369461962
380773963 661313629
-1980114007 -1524470317
-22625975 -7789771
-284220746 1278100584
1298829345 1492944209
-1707583204 1272091674
-268460856 -96843075
-2052735934 555290336
969552191 1419817572
1669061485 2089635584
1205316854 1632819132
-967549483 2035939955
959094879 1141367238
-306395743 728778252
1369701106 1438453374
378569322 498480653
-1401506652 1431750314
-2025217394 1889846963
492294240 729045917
316805734 1429738521
1610086208 1964723835
-452107970 727089085
-23806035 1917673327
2406492 1271879904
-936046108 -925346802
-186407400 389638391
-419581840 714391727
-63216905 1994772656
985434014 1747378645
-402231331 641649877
-754237066 1977845073
-612420553 765703389
268430843 373398879
2013083022 2055185405
646280226 669775141
564415993 1826805555
-1435174416 1686969278
-692882595 1492533291
892284648 1521935213
91900079 1140026665
99480474 1517530315
4934728 1560556604
-525919544 1961991653
618508596 766831705
-11804571 944645578
-1673741504 1861744290
-1704264750 -147544151
-1330579496 -820963182
-1918983599 1066659180
1157588038 1173593118
-1352156955 1107064101
136219071 205921278
-727558304 -665857863
-1575952947 -1542724058
-768500185 1541482878
-896032601 1193838624
1173945154 1243082140
1581383955 1732097097
-82725042 2032638097
-554031170 179746104
104642027 1602498286
659926323 1904543276
-1422202245 -1024117829
2086258691 2143316249
-715097054 1302572302
-722215273 885310732
1173451805 1744836403
1163021467 1380257749
-973915164 -801260659
173689329 744854512
938538123 971537454
-1863129267 -684016581
-1419169163 261402915
1952748449 2060221794
-1586265233 -1064042429
1777716296 1897845652
-1723238198 -41567803
1030920213 1892173141
2102686233 2116927678
2046113466 2090199663
619460110 1492234326
-597247368 2087271714
535038636 824199017
234142375 815676272
-1140435608 -718828442
529022027 1206421945
-855801175 474520043
-1873137339 -1604337736
515687738 1557783250
-1622918762 1994807947
-606340246 920859049
1377407647 1903943901
-922078090 1168482736
787175767 1519547074
1359155881 1688687147
1109108152 1144884969
-1431570894 1946055195
-841321626 764476316
2012234142 2057614280
1078016875 1565366770
-1160520245 1176383635
1765153417 2118480139
1548004794 1649633095
544735598 1963070534
-1955868772 -451274750
1483337935 1654362167
-1403396258 1561269146
-861975864 -501025378
228312277 1430942817
1711792259 1896745019
-1106060113 -577568312
-43303578 1865916818
1715643484 2107949719
949297180 1340263840
1833405490 1892010100
-277912366 -106365440
-1310835883 -640816345
-1177048994 1400038188
-1397020873 1158060834
1651884347 2106824106
-1123994470 -793683911
448992824 1656512599
-1509539000 1222219864
-1031867245 468953788
467014557 848340287
1824797417 1850669862
2044599303 2135598180
12636687 138743211
1320662897 2042653861
-700525872 635525031
1938116887 2062529859
338951326 918458931
505065809 525938647
444176568 657522250
783172881 1002407043
1995663260 2117940286
1874662396 1895032755
-407373306 -179069808
130661587 1870783513
2139940441 2144455973
458914287 761412282
-680612403 -333937560
1303515804 1312840993
1180243267 1416036564
1367350329 1962845101
-1092997522 934384101
1099730565 1359156270
219749030 287271488
1253200886 1793046522
344523936 681751245
-1858282160 -1310091785
-411525233 1141433212
-1260103375 -1169263858
271318015 588591086
1086130772 1384031549
685730786 1232076298
2025086414 2113779095
-1973756651 -1134455697
688242262 1280608545
-588169040 218698927
-1471607737 1898164536
66918644 1602788404
-1648967208 -387569775
-2136118083 1681336089
1624560255 1736692171
-1460065498 1965529867
-2043553968 1789865428
1184066075 1380376714
1439463980 1682113878
-219215195 760210340
20484286 972205412
-873429037 1847369946
267023887 1790906615
162167844 588655046
224061646 1986143446
-1909464522 -1616291790
-1743218603 1907347714
-675832462 805716814
-1020444114 -893158115
502259299 510338832
-545299407 154579646
-1132339904 -951975472
-307040414 1331532830
921803057 2019451423
-1333028847 1529420416
1493623114 2108460180
1949568471 1980076868
36247495 1734715099
-1209362942 -162165429
1941878812 2008531085
-1737473295 805871715
-1628070990 -252721507
406284973 918594773
-539054814 -23800165
-1251407669 -1052104777
1522356753 1954571129
-97899668 -6830041
-1369218072 -1187032077
-2038417960 1882492154
1651936838 1836439269
1785347775 1965509838
1433627900 1565632990
-1580907922 -95785441
1696031895 1768134328
1811808276 1857509310
-636325622 -296490924
1859960428 1897769570
-1920216206 -1422881625
-848988585 648879004
-1389878578 1139142506
-21135949 1110206690
739343419 1565130623
951355922 1219715349
-650661194 1484253723
717154610 1719032197
-297377744 2046899237
1764435501 2001902854
2104025214 2124234256
731320640 795805514
1880596220 1983784014
-210745805 1280008920
1408454690 1468361558
1798735772 2081989551
1701425692 1883542573
716679008 1972429513
1677443226 1750006279
-496300153 -319480434
-1840006413 1254569331
1645204541 1776305384
-845566064 739492890
1506611491 1811668715
-1311071556 370383814
1782133591 1844907030
703124100 770954791
1136890112 1401901281
-508267962 542508881
-257151352 1888537326
-938847509 -454783501
1446946355 1979053731
-1247871010 -394662057
-1934983016 1116816941
542230168 1149124440
-1649558631 488339086
-1587770118 790765540
665515136 1692583621
-574247652 -96170615
1528847458 2126620502
628153488 1389368304
525044694 1011525657
-1608482670 1049373273
1242756230 1893741833
-527342785 -39778271
-21921773 752299493
2012542562 2103725584
-736055180 159449603
-1785357017 250420880
24110942 729058668
-818850247 -522686915
1389401910 1479752208
453582655 1324230894
1368009761 1854671515
-2041508921 1547130051
-288538946 129748243
-351996673 2050649373
196457090 1143300841
62043227 1744880327
2081173731 2128313168
-256825680 277429839
-1321293191 1582757063
1350094864 2142978272
-925307136 88354518
144047888 183777429
544435450 1566809507
-1300463953 -974909746
-1735326034 -623661969
-656338235 1043724416
265499239 474140234
2110620283 2113870265
-1408256541 -62014732
-1042522497 -179593833
605404159 1198049516
56227805 618968267
-603941829 2095748766
707652667 1150830546
-1596777703 516012466
-549032891 -524904450
-1859247594 2081811560
336808396 1661688072
-1040269189 2124446721
2123194755 2145614950
61582457 1419220742
2106792754 2110071280
1288270916 2088436159
336779139 1030926449
1034098266 1056579725
-435493215 448128529
1946119901 2049951978
-643139660 827487946
-813119219 -537753504
-1213090327 2120816936
1048071470 1168953935
1592945760 2142459458
1084856567 1309902170
148864329 1761074099
-341730320 2118772182
1312558201 1395238727
-145811609 -10401812
-1367940815 -360350865
-399432404 -387370038
392805990 1163409462
692720235 1204877943
1645668477 1710399220
-2042208857 1574807205
-934467610 75085256
420564338 1199741776
2083348779 2119792723
1276677708 1395156882
917530398 1121213475
1612892612 1974162328
-2109827643 671849968
-266780812 497988153
-1893067557 1375709965
496221539 1421730039
1654761913 1853813598
-75685979 13901035
738146678 826503380
385544918 1249948566
-1794798485 1113485570
-586955967 -25911799
927416573 1131152586
268190170 1957192041
2033331827 2069306985
355764732 1967599034
-1214375026 1323519095
-328737584 1698428532
-367233204 894484131
-1617108073 1097426887
-997253198 28577042
-1877278462 -1495390205
-348572185 965529467
1091259631 1631504639
-368615082 494873256
-955351312 1080501041
-876502319 295118143
-215580338 1825940350
1529520054 1685655986
-476679024 1906607308
-935940074 35859450
2043906903 2073735338
-2128768828 223414997
1873015904 1918218166
-1842761103 -209812764
1751257249 2033271191
2022837541 2107398951
196027963 785112725
1000447034 1524397739
86752874 1240905084
1576163558 2141012558
1482344142 1898439820
353121601 842970293
-1577969590 -1450224336
34149371 1127800089
370876025 1335972712
-57080565 1282789656
1085641965 1095386579
-585245094 1815327663
-800393648 1272215898
513720819 2134834453
-1500939714 1755885605
365842973 1617803211
-1575358434 -243726676
297150411 2083734444
1096798582 1215635417
-2020834706 -115749358
133601716 1101519916
159579354 801523148
391594843 1361090646
-978026331 987573170
-1352355545 1686823713
1648026849 1686268050
696460622 1224221240
-321438425 -47479595
1285031356 1869059563
52810899 285944577
-652620525 -108172693
-365949022 2067103581
-1464734140 -1391819343
-254478267 -246136092
-1632855450 2024465221
918845221 1228150310
-1514163517 -1276581842
-1506669808 120449660
1795166379 2106805440
-774402188 -227094300
-451727215 62140482
-1319535691 858069806
-895248495 1659272489
549427083 1329607185
1636504450 1676018044
2036956421 2122187463
-1723323271 226821336
-1190265406 -897644072
-59010078 1199305460
-729958779 1226336487
-1097350478 1489846817
547086200 895916360
1463332194 1917307060
1246918439 1358827453
-134343847 1944592594
1178528570 1775653838
-36783319 740339841
-1903515212 -1040153585
-1276966233 -1120944967
1229243474 1646886433
-483950723 489280010
-1225602116 10384447
-1327544034 -259994337
-1838390304 -1769936276
1046221396 1276315301
-1449560905 1053727523
1651326841 2129941661
1109403062 2017455332
-1883685112 -212115096
206263148 820854405
-2017360064 32624572
1602256869 1617580545
794134838 1706428556
-2101544649 -823646321
-919012464 146054773
311207783 683544899
1507477053 2081329246
-1286982355 -183144592
-1976965132 -396152193
-1003817285 1109033598
1580118412 2007999224
-1172231981 -245578259
-1709854692 -249418160
886350194 1541010006
514889675 1125385901
163287354 1615873395
756478881 966226296
492831022 1778204087
-491005532 -359362885
-1919074633 -1680006441
882957577 1922321514
486400577 930621832
279519669 2134404607
313209990 495783123
-367664021 379348279
-576504161 1143399063
-1336139018 -119921342
394119153 712772034
56144226 1993733067
565372066 1559179063
-437717593 1022053022
412754682 1575183029
-2021866421 1976284231
2105500229 2147470331
594911852 2068849193
-1297939264 175511375
1593916930 1662333124
1296471020 2071224743
1204868477 1531344857
-297701672 1994185187
-278949886 84591190
-1954076756 -1659473313
732582747 1036182186
612275483 1513227019
-1485279297 -135842832
-1710895125 187106702
944389231 1084589790
1387231031 1590500789
-853722930 -590745930
288364380 2123042988
95797456 304470008
-1430343096 -379023340
-1282298223 188179021
-832290580 499529768
-1173340981 -123047917
-632385518 1325989712
-1195783026 1662097994
-1362915636 615597220
-120870027 1974706637
-738868562 1325238554
-1699741579 685009524
2082754507 2085611481
-1004918548 2022984150
-1170198854 671702990
-1439666820 202368084
43665463 643922225
1364811872 1655272348
99406907 975803514
-1539941204 -1345003217
1218300828 1712869930
1573983333 1840455826
1575322423 1770726365
-560439776 1805661619
-1739097259 1463665877
-663910450 16709238
-120817824 214489603
-1829658685 -327606566
-1343992971 -757472982
1424170626 1539301184
1563734577 1709446657
1490220034 1654286234
879066500 1271976144
1364859644 1707658208
9739651 393269058
815121930 1809638280
1580500413 1649925643
-859644613 1061954768
9088732 871317547
1509241916 1512687119
-957062009 545405086
1805578552 1874028547
421608185 2003352355
-76522894 52771531
-460138726 2001986084
187413889 1608470249
-1560653090 54600288
-1815358287 -467545204
22306845 353894948
-337612981 863995368
-1462552101 -15460809
326090055 1339890791
-596560227 1480441187
-503570295 620294372
1701167991 1867257654
1768951286 2104267129
-658180838 1410049199
1106830596 1605037808
434304038 1372867930
-567110864 1539765615
-814505259 -222107239
-707691375 1517321813
-1038981101 -697898848
-835642027 1658141291
-1959094533 -1759305838
2001941703 2116413491
-1064436137 1579580321
-166854294 1751533961
1836314801 1891155717
1652370269 1667454924
-1202871289 65360842
-1472034999 67123750
1031955890 1870698770
576390859 1774421314
1770398948 1775740052
-426281735 2138652411
652232135 1072769735
-2146249068 -1945867109
55613627 2128992921
2132636611 2137454900
-1767904771 -873062081
1296118474 1552836875
-2066967899 221744758
-278385677 1346164109
-1716389721 850971397
-1224447306 1296889660
-1883455549 1562646132
-1131146963 1251585124
-1838976537 -14349225
398101949 1549599853
-1187264008 1263899072
157805946 282289873
688367092 2084376846
1009920651 1216072060
-1953707522 241759693
803311594 1703092193
-938323832 1372538578
952178277 1687997155
-1037591540 1177020810
-763343153 -169661313
51385661 2107139207
1378195078 2100504604
-1894727418 1068878160
337506771 455229631
1503674979 1629069519
845362151 2081237981
-281435643 1002796913
-363523436 1589722382
-280580828 645362948
1550296084 1829008435
770332451 1846206132
-129756399 1886143477
1158292289 1992313636
-1967691811 -996192511
-324386880 -141620512
301183902 321314470
-1169502653 1605702047
1246568157 1813528695
1685318591 2143080207
886427001 997878746
1103503501 2111261418
33548330 1051019335
695687654 1530051926
-1896359827 2054061532
2001881149 2082624466
-205112261 1812797994
1319690118 1764848564
-628318485 549638992
732776587 1224382312
1716942604 1833222547
-1707059808 -1626119478
-1622680349 1388728080
-986098576 -27873153
964112627 2067808784
-20144225 109327027
-1680316009 1850938882
309098372 1293006015
-828334272 560278061
-1149925070 1540947046
1858681458 1872894403
-966969754 -765397046
2103655651 2125483111
-1684444988 -1190364438
-432683096 951988960
-965024198 240153582
-371579198 -164740310
-1028627565 32168665
-1127892937 -491515493
1950479901 2137524324
333887063 593433248
1427081945 1686662289
1157277530 1195048669
174011369 828532674
1562267164 1751660681
-109286312 1130301981
803601101 1786931446
1096761022 2088496734
2386396 850520631
1280604427 2057544060
-1764724115 1212441635
1821959243 2059350567
561975234 2035771450
-1271961257 829206741
437283924 631534730
16877149 1187611727
-613529164 -411129733
1229130388 1589640307
2033167599 2092663046
-1236936823 -464358753
-1725497728 688443061
250015414 1240312179
-210531536 1864206181
-1889273426 -563228548
-621766632 33316270
1762864632 1926627882
-1251458525 -1069442671
-915620248 54028935
-1361863467 -1081095669
-1751148754 -383363005
-1475148180 -679651479
239240020 588764109
-178805199 756554044
-756462313 -511933835
865693061 1182178430
183985072 2053353716
794733881 1301037526
2066115807 2139025789
2091396847 2120669931
1319691533 1939875438
350512884 1461262638
-515641253 1756087726
-231520443 1247505875
-176418691 452868412
1372453492 1471468318
2019326537 2109947103
-2035220452 482753667
155760728 1005747933
-295062794 69220419
-405726935 641287657
831032450 969588600
-1154681861 1522696159
1635228502 1801186446
-782876411 269273645
-76779371 416931655
-180757822 1304290668
1006203362 1224108402
-355703929 246396260
420888343 1684565411
-992564942 362129486
1286913459 1788139303
902754432 1699472976
-186671998 40077198
1343181124 1801068946
-577473581 1440878511
-2050329575 -233027262
1873313883 2040907287
-1143988089 1455594031
-1550542816 -1268958598
2065542760 2131773916
2122447577 2147042406
1007778236 2026707826
196841286 871309407
-1630944050 1248981709
-2043569073 -518259078
1058154931 1221335050
218831610 1890334744
1382941388 1642762349
-693704913 -198866108
-784927818 1340856587
834564970 1972449371
475661871 1455067455
-1505795650 -113344283
354462180 1326624909
127354502 1627835823
1151263340 1776954889
-1653028893 -1110828513
-1961482432 -825673157
613723833 850956760
-1340415135 -1152062099
1281983362 2034563802
1069748301 2025399550
315686220 572277475
1293925608 1504550390
-386036708 -37074692
-1544952766 -195921881
1487860178 1863080152
-1994504106 -1799473660
-1922027664 884546822
1577023784 2065879052
1512371007 1918117801
-1018205211 1573499923
867544914 1960547251
1672788160 1953697723
-644620255 -71619659
41839244 444335090
659036731 1367792675
79464789 1688332003
664559016 1925272100
2126007987 2134778482
-1394879752 -776387588
-1629845819 29082871
934787328 1542060445
-658042807 1754441344
-260821788 2047983497
1999632542 2117842861
-793643710 1503836142
2097660106 2100790291
709388275 1107198292
1033950308 2145365928
501846994 824591090
-105585199 2081675482
363731045 2074478777
1409785479 1956052269
177711236 1706236740
-307064543 -61067599
1199602503 1819605781
1481051683 1616662011
-959395658 -190429339
-1112284996 92711048
1620546571 1847663346
864759808 2028425903
-1712744701 1034528104
1809765626 2100660206
-1721274190 -863250685
-333925610 1970514650
1830681652 2120586276
206579595 991765494
-853418688 1597973310
416227577 534651341
-1784288985 -539495024
1218811538 1310402531
678750620 1604788788
-1016640835 -850190253
-1610745735 -625537829
-2106783679 1158151969
140573358 881543910
417412912 1015525792
680358124 725278972
-2065706395 849502854
1541137287 1719627723
-83447522 138366062
899780625 1093428223
-1518928254 1262987303
-426506794 1745701268
-1811823360 1744306636
-673916511 278783889
-1179807376 370426847
1250654344 1660369865
-827456400 1897150852
932672250 960467476
1851949126 2117289459
-934424945 -526208965
1247870474 1927217845
1817976647 1903243898
-1962982212 -1116885239
-96041149 2019474785
1345365453 1693781451
-1776459599 -1596032257
933320194 1778908240
-296731424 -187810129
-227235438 529788824
-1998038705 -979716316
530275080 1416532391
1947395676 2012313809
689807475 1270533075
-1829897664 -1647599289
-165655798 469592651
-62460326 489255424
-157907838 78293049
1546010901 1654353982
-30587661 433519671
-1987358792 293891181
1996520454 2082683619
1234361687 2002857572
-1229471847 -1229348150
-284330470 577579798
472271730 1010451717
-1856099716 -319880243
-1708475987 1930000866
1284310888 1339391980
-346423268 1243516291
-598923103 -438427703
-449640900 1161140742
-1513865877 -198027047
-1151675322 -381802521
-1483005200 917126540
757801121 1378168685
1440965583 1852608041
1791666140 1953541812
-1084238911 2013759415
674214404 1267774139
755869892 1068591266
44357513 2031937021
764684721 1315205254
796213963 1038831203
-2055662768 -221217649
1866949912 1987982733
-1060823870 184683709
-52303503 1382200687
1232241892 1302520169
763713132 1437500668
-206024173 331781888
-1902178804 486879342
-78547821 1680431426
711153108 1209386733
778410422 927149567
1930091102 1939039266
965154294 1669280170
491442645 1821445165
1453226192 2065539882
-797504860 -382752284
-2046116623 -1267520462
-369619235 1238756530
-1632673198 -1373940416
1941941418 2086561085
191120590 733517264
-1676528649 939922376
612343056 1480389512
2129686725 2146617494
1527013946 1759390686
-180615219 707335065
-1132571408 -50171517
-1940023620 833769703
-1446460009 -965199752
-1976896117 1829816960
-812225025 1721925203
-569723719 -531633129
136909354 1101153632
-1384175231 1361049954
2073846434 2096507186
-332690875 2109547735
263170625 469625013
-333060656 1327666570
1171233062 1675904949
944917520 1952362524
-877229619 -704355508
-876717608 -698107496
-824509692 224666043
1433627912 2084581382
-543826890 530040481
1682621252 2130186365
1877490963 2114854226
2147249257 2147444050
-687309843 281102259
2111861362 2123990308
-1255959987 170580868
-665128595 1290220685
-1499685975 -581053177
2081844867 2128454534
1654442558 2060209982
366668044 712615288
-560781248 1662802885
589175947 1137256395
-90305759 1520581056
537161196 1201169117
1459370544 1769573066
-415079958 2061163641
-1486062502 -1472615827
814370445 1437946360
-1649035237 1103038633
503859021 1520674144
1513036319 2096656239
1082849823 1735240221
958881483 1629186312
-1461057986 -129099451
-279849245 678035417
-2113353201 -1873023923
1671521342 1689416628
-525889994 1085321620
-1686375193 779797178
-2021553109 -284051643
-503077402 162711854
1836009939 2078392357
867644835 1864427746
1834661313 1899129633
116571563 1167756344
-699101009 1779015435
-374114436 793572216
-579680735 483538467
-981385947 -679788618
943696073 1280167385
226219837 1315072933
1109486785 1248613333
375289903 748740177
1290761699 1324289805
-703843815 1511786856
1117558635 1350202295
1904325746 2098605539
325357879 1755542601
-1585942938 151077809
1096431290 1191095997
195849501 1598269143
-864672487 22590417
1493794040 1801959646
-251537879 1217521942
-2042782813 -178422239
2127132072 2142678212
278841954 1979704742
510476502 1049786151
2117435401 2146492516
-350792954 -53022161
-389649843 159640522
977044015 1532156979
621012628 1410425798
1767229940 2069406333
-1380746287 602141122
1381697844 1847687765
1637808698 1856504219
1393488054 1533055303
1117043227 2147405968
454107819 1750499025
2020720317 2118541496
-1182517692 -218670487
-1946660236 1341674350
359265777 1262066309
-979216141 -24972093
-1192531483 1328074678
837543808 1266099930
-34207142 1400513605
1466276088 1934921203
817068710 1059768848
252717160 1917820968
1078268867 2127561455
401789779 1581492205
-1501760767 2138544216
-2088733553 383431906
-2010800326 74844090
1685793908 1701398854
1984917770 2086061571
598425127 1422941913
-590051812 409708446
647281482 1565025523
960308552 1746417251
942506054 1237671991
-1440306565 39107775
-1809218747 -525850991
-1221652590 447077944
-1763066998 -275731825
223567041 633889873
-1479488723 -414927717
738338370 1420881551
1962033919 2073840325
-995214869 -765830580
-146921272 629777826
711344774 1869066601
-327988766 916566212
272872787 2007602988
-1229433744 158702607
-697664277 1444818830
-240562565 795454588
-1152161646 524444070
317399404 1284803287
-537284746 -532783362
1651681602 1864661375
1768415236 2102628330
1106990801 1336318319
-2107324687 -1932899199
1257519993 1902422107
2017655558 2048649038
-194751551 1388845434
1299460302 1698702049
587258352 1388566346
-915326494 817343377
179544111 893659730
267579178 1660693667
921199840 1231217105
-1382032103 1741887560
1750197822 2053262857
-1235861937 -1062207951
-1799296579 -449385696
448553312 1043778194
-2090619065 -1313579484
-2033339703 1164358335
-1113841743 1029440683
256235056 2002906251
-223576396 -134801123
-110297465 436436142
-1740280967 -313983968
1748372148 1929322700
-1904400317 55148130
1627776259 2003135748
-563681946 861325284
753727246 1384173684
-912999044 853603071
-1833474051 521879121
-1918848364 -685387751
1539334648 1606339271
1220343282 2114695731
-122971227 519789748
-544678554 743135096
131449067 804681973
597510686 1075347287
2102239365 2132094809
1618075956 1629293058
-984852734 890853222
1877397252 2033357141
212420774 634552978
2108762642 2116559797
-632558863 2062983466
-567526088 1592078481
-1503236401 556467352
2056222188 2056238698
-527474182 1923777286
1409488878 1683656492
781178929 829243674
1709290872 2010401802
425741774 703928450
76821512 572446124
-1015353465 -279138042
-725558293 978374935
-1195605427 1372897899
461477100 1234331226
1045812351 1429950765
-2058804095 -523888999
-778905698 115173112
309031748 514092627
2121111563 2143269757
218370972 349094441
189710560 1762350597
-1412665521 423765675
1515725294 1644356320
743143707 1216042617
-425666633 1074932525
-1343966882 280081679
-1872761034 2115101966
709174602 1023193754
1261734822 1789254806
1812200713 1876551248
-200568660 895620755
-920243646 -649073231
1111893842 1940071464
-1740459907 558685641
-705553114 -353783381
214610085 445220874
1188283755 1696769555
-2055972507 1547036885
1073059140 1275232102
1731467595 1756130407
463720789 1279458472
-1714482258 1677462216
1498521005 1591644922
21378989 214020223
451591285 808795365
905832832 974295699
-613509504 239963862
603364053 988111528
-1827272649 -1441359796
-2033086377 1460288015
789682705 1631792914
1203510970 1400199000
-1803526615 1346776681
604867774 933550517
39174118 339625109
1766620025 2113810962
794336987 813395470
1955030159 2124436857
438171305 1410578374
1734258870 1833419746
-1108308142 805779092
120548156 642690595
-1973738351 513811632
-911679932 1709326101
-1032041839 1348426767
1758004325 1771864741
-1681083197 -1319671611
-2051295604 -587792106
1020938375 1705646441
1437980187 2090567404
788623250 907967570
-2048610690 -996826697
-340219266 2032535284
-2128237311 1924427683
-919865464 1385310370
1266450156 1557596823
-838462503 -31223974
-1616100540 -842027857
1770555108 2123107937
704882307 932584332
-576587947 439162930
-428029959 993001639
-468534833 667270418
2029271846 2120627469
-1285912685 827519938
-26172571 1300598416
-1641950297 -93168326
-1342627429 1729340282
-720841647 -657415224
632759018 751165889
889726837 1867316643
-1049423473 1455431768
1907077184 1952883555
1404797810 2035375631
452770298 1126937604
-1636581652 967803695
-851729054 -177762175
-1759538124 -862095140
-2022722594 -1842980595
1963037461 1975174061
-1963952807 1841660152
1318792787 2127728590
592639871 781755527
-380411956 1988502201
-1033289679 1609882678
-390565676 -122028934
1010023058 1847806258
1852534763 2011552864
-813553036 -730019816
350746195 1207828638
-1952591584 1378775638
-1249916339 1187798370
-1281692062 766187301
1783016281 1791409348
-1866748983 1612286300
602401748 2142316094
-1496646029 -805938156
-643304615 1599321442
-628521456 2034582023
512865845 1738813516
-2063194181 -1324722473
1838068234 2105106523
-836334407 1432293816
-283487294 -140162349
-1180485215 -648999824
-1026801901 1475726181
362524404 1805497307
662457446 1411508774
280318575 616196377
1326997574 1458329355
-2077357844 1834927264
-2065772787 823863374
-1219136334 838700743
-291823014 2086475781
-609704322 1788393984
-1224002805 3732362
-362868217 1264151082
378019 889273272
1236098667 1489352446
1652079932 1785450188
-986584178 1233142495
1391362658 1599280560
1784703045 2000829616
1004983364 1312732513
362603770 2117990661
-386582642 177150399
471916427 1342702501
-2128419940 213068324
-184709121 273160767
1718692408 2138325083
1064072342 1100000475
330552999 1614162401
-1254992197 2048646500
-1692804970 1150811859
1929616727 2053769304
1263626127 1363654642
1314749933 2085870126
-793534032 1924399953
-884465911 1160623842
1395579777 1942271161
-182821792 503973825
-1719847461 -872836201
33727086 1240586049
-630134612 -54391656
138472818 2012278091
1734026868 1891018321
-937723938 64703659
1050720726 1778226346
651322712 1585999791
1464431302 1655180517
-687517422 -235391240
-1379348120 1204264169
-2024151617 604457920
172013098 2111723629
-1900564026 -1814980006
-297005155 -244928087
974690177 1491043732
1672682252 1844336023
-1943707754 -1314980600
-1660186304 -931597950
-1495770320 198797985
-1317838498 414215394
-769878567 363290149
1714410970 1912056400
23884235 368734173
-1988877986 -982075473
-1087250938 1232853526
1703453340 1827861239
-1267355555 -183752871
51713862 693704016
1248284326 1967854958
-1346867943 -290035639
-2051712489 -1598326770
-204329473 2113353298
593417553 2000751685
-331796611 995073048
643700273 1423149789
-1829493022 1665931326
-1565564437 -759039109
-1274874795 133502471
-872570583 -836972058
640439376 719500754
-2019870807 967753768
-1071264196 1973539063
894327274 2039861622
-176222348 1886371146
-1255053810 632666491
-1770258872 -640755876
-733951294 1045229864
-1873082317 -1827789385
-1261105461 60524067
-929522764 1265848974
296534120 544442457
-881190521 951731730
-751561322 1470449996
1142300504 1160808979
1409009849 2026125689
2030560058 2050434340
1332991904 1470235814
-484456482 931193241
944526604 1516988950
-1160647630 1771720935
-1008966022 277118092
-339301907 2049411513
-1622725199 1864409410
-193567196 1927958772
-1588079325 -165981471
-1207745538 -1194434763
-1496749293 2123226770
1146418331 1471277810
-2090506485 2060098889
1528506944 2052275785
-1196413844 817293609
873279815 1917052904
562825865 1119667192
2017554337 2027508559
226358302 1519706465
-730498011 -96745546
-1085457192 -725799166
1991429966 2126424755
275847794 1014199548
1429269506 1612333610
652652332 1243523440
412002733 1318446703
-33594085 251215366
680341217 762525836
-531074858 420219791
-1362095317 867736626
-895155493 934662500
320766590 2108914075
85239418 1942245893
-1504620008 223873966
-1979798521 -148492009
-506058634 222121293
1249258993 2060825889
1004397752 1665813158
-1310848483 617432879
-503395247 1051513405
162145463 398302776
-1224479892 -1052424132
1068820585 1637808272
-1377872200 1869117892
-1967880187 -1825787546
142896749 1866345964
1808977694 1952347353
-2060189118 701819296
-1728810141 338292611
-1729709706 340155880
1329402554 1936780517
-1308806551 -476121110
-881861544 -861142672
-796860099 859033971
1837191162 2119361208
919414148 949895700
1779243360 1897283190
1168735489 1241682355
-2074654654 -1875397634
1765724929 1789455336
-923580554 601720178
-1863425354 957079994
-337881926 57197113
-1369210432 -491345653
1759503126 2105414139
-141969611 995259700
-384538334 1595701834
1200138086 1385617647
-342207341 -218811143
368520023 1584828208
-872760131 314098727
1271471021 1300676043
1524393153 1985483846
-1897405924 648976007
1258703825 1268379339
1496071408 2052323184
1275480851 2047555773
580218066 1432897903
-1926635143 2106614042
-136362087 644787597
-1851597485 -413104207
-1974731697 -1054997271
-1795253214 550789042
579529335 1897766927
-778994580 448141677
-1389438649 542030920
77525515 551606071
-1572589205 -1564343218
2082412420 2111669723
692910338 1436683410
-1564935420 -1394720592
1405059202 1942401023
-1806990906 804865514
-516019852 -515310249
1460655082 1865329346
-1584833239 -67862077
-1197920244 -991114563
89121951 1386560842
70747271 1778008292
-984901587 -888537506
-1984516551 245240282
-548096307 516624004
108201393 1883417597
-2092004047 2101089019
-531811367 875073600
-216722358 -58163429
-1047149201 1035862418
-1767088447 -1471251942
1546150309 1574387060
-109947410 403480816
-1020018638 343694637
-1683110648 -1680798940
-126305136 134305037
1522628438 2049012451
-1887782315 -563279449
-1889056817 957136187
-1903285573 1637704209
-143309246 176982618
-1067835794 -869210098
-1450997425 507432974
-142484935 147128898
-1493923730 -536427570
1612857751 2094751482
536916501 771706049
-1702719371 761882692
1607459434 2086850510
-419389925 -143966103
1152182329 2061669050
-1687620172 2125041601
-1913553357 1325701857
-1186229078 -6934393
-1021597835 -75282107
-655654742 -431779199
-1685808799 -1420602993
-1668040931 -590070229
103276641 1881331811
1490716959 1838370261
-1930100043 1358288273
-1055197744 1330488198
-55999580 1246774708
1999193312 2131210078
1115998982 1523409854
1263082021 2079147909
-158677658 787051261
-1758125632 -414064799
747654620 1719362821
-956600162 1944431883
-1055042524 -916310406
-184334375 1185230899
-1360334130 661261308
-1321330179 855148430
-961972404 423523025
-1173543953 32310184
100566501 185173309
-237573520 281162240
-421400716 1035287764
751264123 1987831037
-34844901 936946782
-734940619 1317412408
-1244625369 -68819750
828951863 1581268609
-1742624617 -373690467
-301548363 -36961175
827570687 2129485688
-464417077 -82286277
-796638080 1686138696
811687004 1639800869
-615953174 1091206835
-1711081776 824455750
-803706349 -637085675
91318573 596443406
915263766 1873213638
-454905854 1636512196
988831625 1988784444
76147210 1509212074
51428571 1078830615
1603246252 1665734586
-259139423 1542405583
-1189371899 563107774
-1122586186 -508426834
964831022 2083944850
1882067450 2001032461
744570126 1130170923
-262932821 957318429
906428219 1466113648
-268122251 -107211088
-969070458 1602311778
1248144722 1484031036
1259559079 1415317391
2142999262 2143197650
-159981682 2115463530
-1360377607 1147337722
-406687268 284455980
1734398775 1905934476
2065140311 2121979296
1756475579 2027235020
-1524140978 694979407
102234294 416626024
-826262666 -508986856
1294241709 1357467277
-2121727300 673158487
1231460349 1406908478
1833488804 2110607099
1856674146 1963730226
-1357880295 -610018871
1825898881 1865624153
-433793055 1260520998
-906987268 1244161048
-237782753 1245854153
-514827192 894526699
970900104 1184755338
1196932980 1850541679
765547837 1490468205
-222387510 2006735331
1212840814 1619689662
-143599912 -47820292
1539624732 1829988092
-1526515334 1501750148
-1881169602 -1144914602
-1417226146 -1380129291
-1453997454 976038531
-1977611413 1788787017
1103272965 1698547645
-1545781584 375897064
307635229 735967470
-841494174 613180884
-1913084212 -599726333
1855066902 1916717739
-206661809 1496347012
1522431118 1793661225
1408736935 2015489966
-87557790 1184595733
706885866 780931243
-1138735036 -424115006
-1385923390 1686611698
-1393060835 -610293608
2136944768 2140640622
27700057 758639473
-1469125311 -73967169
1902262720 1988557471
-1177433646 -43963971
-2096709978 72549
46146605 1710825327
2061113345 2130166597
754161981 781695425
598679031 626814041
950708788 1405130955
-1217472405 566763791
1054862109 2112531551
1231650803 1961144790
-199305181 43348329
854488464 1647079757
144130328 559718483
215262768 1804327794
377408460 1080641434
-1161141140 912735155
-1095406771 -129890195
-46987639 1049870337
1452257950 1677901030
-983567526 1334431185
935867341 961150950
762117360 1850863598
1874885976 2057696589
181881113 1185372773
-760171069 1552193361
1439175013 2038086903
1436855982 1501244575
-565642468 269667779
1274921636 1302526053
640695614 1484685703
-1486337230 1596636917
-2142511432 554109503
222449485 259939215
-926910004 -493832157
-1770556068 699538981
929584460 1678867673
1699134323 1908038199
-471108483 1857279363
1450535827 1456725456
-1820004991 1729486640
-1802684730 1720099528
-970369818 77269824
-577432732 553606491
296472851 698331284
-5892609 1083804659
2124357409 2142380692
-2146856584 -1734047480
950991713 970123085
2138059647 2138693051
-1284135384 99499205
-593170932 1133365977
-432684218 -100163147
998413419 1076230586
2114393833 2129992845
-1246870626 -713283539
-568126021 2081955053
-389463884 1518617404
47557106 1775400446
-494609684 -148448910
-1106167084 860142463
1336348901 1679922238
1747495352 1937778916
-2001370157 379976289
1438576038 2093366050
-1985741537 -639909344
1869924141 2044455250
421810497 2107106087
-1926984167 -1501712059
-2122284571 -1164920545
1772307172 1951184266
706039711 1441442723
-1320755472 360810992
417932022 537041841
598202244 1592253829
173807417 709480187
977636014 2017681086
98647175 980034426
2104307155 2106584237
1901377284 2029861859
1317455562 1964389480
-331112150 215452941
429297412 1145977720
-1438133787 -1204125531
-603592665 515394697
-250818535 882853355
1099774623 1149124233
1562876187 2108030701
672002117 1009199512
-198521345 1126384465
647472613 1166857863
-1327253272 176610289
1727751222 1756799179
23669431 1662711984
-1621190672 1892144040
-1343236395 1063926602
1665179348 1834375011
-1844308123 -496198413
-2104546607 2033074223
1884642491 2118800056
1853244961 1868108850
-597928628 -428449718
513003292 2118543831
1951609973 2040109752
-1099183115 -415318076
-1158833006 -204200878
-449922984 679506339
-354772529 -49956728
1497796068 1635680622
300734147 429487385
-651645543 -572297417
2142953455 2147095968
-1413938520 -779275715
1222355632 2007690529
-2144587005 -402817674
1677283006 1911129742
271265773 1019686789
566419432 2042834989
740036656 1087018186
-963567309 196306739
-1466339788 -171007610
-230078859 -167803467
-2115178109 -2062669532
-2036798909 1551624908
578672027 881138826
1812499815 1861748462
-1513972932 1355044859
-1576078462 1727329996
-1257264908 1294700118
-831144625 222966607
-1824721319 -111837828
-1352965745 1776925876
-1729163526 410786329
590884740 1239255079
1922440041 2146535694
2058804305 2087142725
616255738 630472754
-1196225700 -871521273
-70405731 948804394
1230740355 1366126378
1218172787 1658513157
283657554 548147520
-1845683240 -233153555
1737019258 2140917402
-1387032643 1053197316
-1167537120 1772920553
-1717962712 684385537
-704486348 2129910348
-598139469 1727901473
1315338062 1574501042
-1095040302 335315371
-121403146 -23022746
997601958 1719897711
2117852143 2137398744
897618051 1718548239
1783359283 2136220580
1884223988 2002422907
162547886 1879929204
159611327 1833347409
-1567546869 -155883037
496254673 1893837439
1982251913 1986090233
199616876 620309296
1055243966 1267179516
-1427317934 -17577076
637431687 1414668217
1352896746 1822223339
-1496261537 696612112
-759130351 -753568704
-1413311601 991990678
-722379696 1278858196
-788127477 1113592580
714314182 782300816
-455376403 -311077937
-1427937775 1396471304
549310112 1658134346
-764822893 1519827358
173209182 1555914301
-1538194332 96632799
-86844056 138451520
-4927135 618239627
480174672 829591397
383237973 2082567933
1217310714 1516225009
-2064387305 -1382715713
-857675177 1118518497
1376002593 1818656175
1353936935 2073634845
2098210170 2141142416
-753253915 2063834204
866551634 1978369980
1273119771 1565163127
1490999099 1652711644
-661490409 1833433508
2053240044 2084381660
168610212 643910482
1127334677 1764272458
398864125 1327128607
442115669 1843192921
-364391273 1545429526
619044724 1757445924
-579433773 1049587550
-35011997 1703468310
-700072591 -195836792
1677112624 1839375227
-1829468833 -296319166
-1421917622 1538238169
-1815921164 1741954280
-1151959876 -1125207270
-261945258 -5966205
-718740475 26468714
113372216 1311703228
811944395 2092050867
455534909 903903944
-140182672 1331232866
-1319329161 -1245890453
1888614036 2018390898
1313998538 1762028970
-1170283 1512123598
1340758023 1700013858
1732985617 1995546818
316327563 1177847627
-665271710 1935179829
789301399 1547602895
1353063743 2046539386
1629145513 1719780876
404292057 1181745509
-467307965 1949038209
-2000289366 1194219935
1187277461 1420550248
-220683894 293644111
-274664091 1431460439
1997795575 2001570539
2098918235 2102310052
1469553685 1730922641
97325245 1843066802
1370553345 2064829379
1426716424 1482751232
-1818283054 -251080136
405841545 1674155262
1944338385 2109024442
-1265991617 1238516444
-1594236998 -698634872
2103636637 2124105140
1054495465 2032352841
-1206672264 1506177637
1035391515 1553120411
999924419 1798242863
-1371262 235046351
-975043373 488520361
1252826977 1591306189
1575104778 1755295920
-495549286 1524059373
-841471685 -243496057
-958763007 -184631827
1320588179 1749107604
2027905210 2108618288
-1032644551 -544903501
1962673214 2037222963
1270552248 1622174966
-554755946 1587120240
-1817790622 -1112722748
212758870 522621294
1409960096 2106883319
-1325097457 302481068
617170575 888204632
-495541432 905447477
61443200 491600375
2111683306 2119694907
-154934572 1410756524
-1006132892 -989149366
1907198720 2017199621
156044355 1530617972
-1938960861 -1771057619
679478183 989720158
538080402 778584698
-1458572429 1496949049
-1168625677 -1055173663
1117892433 1603621098
-88211467 1771841655
293505114 1760520690
756977546 1083560568
1056017426 2077281401
-1655544449 2117810888
941646119 1440325050
1460456680 1547493784
926024445 1134008930
-1056997463 971366199
1300717653 1474177533
546765696 1568055886
1721439879 1750937041
-534624786 492357057
-734957781 2023957869
1946585652 1968158557
-251453324 843632592
62109876 1863789726
-1859619746 256463145
673975036 1123705689
98805837 540333329
1122104583 1905158932
1555888646 1874046149
-1210778631 85364789
-1757269211 -314656172
1227903703 2034609950
-1258259564 -367908417
1081099126 1203544183
-1044899867 -777396106
1041220667 1141246961
469332960 473564554
-327035278 1912009084
-675286146 1262795052
17013481 916412699
-1211644144 1347534241
-47688262 540709488
-1602548362 -183169486
-1197104814 1298774195
1494792453 1731936318
-366091570 1476858466
1230358067 1638031690
-450792651 -445617613
-1240708483 -320965388
733806612 1960064811
-650263271 1395132631
-2038226811 -1954985319
1591212893 1817172148
764779626 794490680
418775897 963495289
668221357 1253243212
1551040857 1589008275
-1011806878 1136342192
-1956526162 2050547333
1071352761 1494322486
-451050081 1021988088
-76882866 1516235743
-1936968617 -1495628345
-1126945210 -78472717
1490144015 1813340098
1103755109 2030768051
-532567687 -351290921
1468994297 1979066305
-133291689 2062956192
1831885373 2053783495
-307025091 591219559
648851122 1032752078
476716838 1501606642
-1426935052 -783508643
-1572652988 -1153685693
-1364967470 -206595782
-2025711220 1552273464
1902690157 2135366692
1550281542 1849696272
839128102 1096487146
-14590074 2083567701
2064117352 2098724404
1395385903 1512534274
1535535824 2105109975
-1601682677 1136654117
-906082093 1806505115
241127896 1249830943
1776263412 1993072906
926473646 1688455923
935061137 1220833717
53342976 2094138028
1675826822 2080365435
-1185625193 985110956
-1769634528 -457426585
1112594619 1784626812
12868728 995171302
1822378457 1973897114
1704464084 2138829123
1342367952 1476709650
-1897500623 244784767
-234761668 1654827247
284563626 397137523
-2021985525 1222443034
1463460709 1529066590
-898124070 1362662580
-149188109 1738160935
-673840211 831200509
868740486 1096320497
1466481278 1790963346
462496228 2088660622
-171035696 55252076
1816908400 2022483746
-1117591756 1033933400
-984819448 -935582901
-1676032772 1366400700
119600922 2134076304
1890908818 1974247926
-200412355 1696883781
-439760970 -207385745
-1214763091 2110210781
-154252480 1340072372
-448686955 1041272829
-286031422 -149676466
-2136405293 -2048881463
1793502493 1812350368
191047101 325252357
221534011 1539739842
-212599784 582511199
1640976090 2112111049
-125631317 503132992
-144518278 848486202
-1939686026 1326945674
1180058317 1390623254
-410254318 788151073
-1333428281 -157304364
1577975055 2132632890
-1049632023 -466093796
190709958 566986045
-981381950 -27011011
-1991699474 341500999
-650865009 -321642383
321957005 876241604
45582280 600536597
1494635386 2020393135
1639164530 1776465393
-825433932 771992853
-791236544 1802188475
152941606 1712915405
-214897054 1987648837
602915166 1672749193
1857728034 1859686001
539421656 958544104
-1014129474 1446195847
-814858679 2046581341
203493835 1251028856
-328737423 1808534383
-1816743728 1364842890
1736756418 2029534126
-415020107 366367961
-487444940 71317957
-569247294 311459625
2091349279 2106385595
-699102844 2050943178
-1506818608 1612866351
-926754798 1417024813
301723461 1641730059
1292254748 1500188714
-1628209509 -1045410199
-2054775188 1952462602
1570870396 1835601715
1379747542 1561118087
-235274465 1764269956
-1623696159 72196111
-882545944 2049147921
-1580300530 1039814508
-1339857106 810177325
-1129754078 -579806147
-2134665499 -213753256
230662042 1083299219
626190196 902579688
-2105630321 -1274593659
1050167988 1972949236
-1191667733 -694170608
2091855438 2098400260
188801248 1678882827
2004829103 2028801487
-1301577343 -9535729
700173124 1538104163
890223342 1518099355
1843018807 2143931077
595711060 2146681936
-2010935869 1616837636
1655742223 1835629308
795750702 1517987309
-122456919 1329757697
-1414926449 770057886
1152215755 1550688281
958035466 1766230400
81752983 775805254
1199287638 1637551699
-1635642039 1738822695
807283993 993739060
-1182255886 308946129
1055889035 1627967927
562719239 1659517684
1144444503 1799931748
1023499192 1847058032
200540931 1371925675
-1584035293 617590992
109025729 1750449025
-752375259 943511089
2070589698 2116537134
1165839340 1596902801
-426964428 909393848
264081107 769274328
-761878382 1328569046
1812409042 1960733634
-1419716575 1935610160
1260393534 1505110406
-728746686 1050314064
-306867411 1217386468
622627211 1639951609
-1832259199 -429536132
-868854066 1208247925
-1451767830 672722628
-2023393633 -1346662062
-1138296262 1321986539
68682553 152224539
-828496932 1845065223
-485310687 1504061951
1033987378 1194573855
737674874 1837759244
-1327527096 524162738
524879202 1695459844
1071485348 1090119844
399373190 611277216
-93422459 1840528405
1641072086 2084180503
1601051184 1746190379
-572587965 1444422191
-1627827293 1752392105
-518924786 -264038114
-1798440153 1160533433
1520320757 2064809487
-1578482444 2106731029
737057548 1490515553
-1372184593 1178186036
-1386956582 -1317662382
-1976209362 -1609009357
570126301 1991959388
-1670176341 -788869425
-1238705650 514019960
449986388 1376623101
-1943910308 -660660696
-516734256 464650397
-608723164 1067415915
532768989 1644363699
1515552731 1564745649
2004748908 2099467823
976605660 2077461200
-1719801910 -1529633130
-427309296 972390227
1941033580 2027970802
-1975742315 1920718452
-234802070 1238239207
117853233 1753328019
2019972089 2022953310
-2135008793 -2027895563
-102794102 299906381
646364863 739318698
568962729 1213886658
-1847126551 458713465
8808633 226720597
264379792 1313721248
491333016 676956667
-1828858361 -1217644052
709426377 1843070681
1073855767 1530318908
-550886407 352960592
1554891014 1969652253
-374825878 194838780
-1910197167 80522011
1166828456 1338153273
1416079446 1661524167
1893258313 2124428791
-1431714402 -784031714
-110645794 1916859744
352430072 388602744
433688678 513674109
-506629908 -89110862
1586767414 1805870440
1828217140 1960784208
1406388229 1861258256
-1215389538 -714623689
120980922 712218716
1798772395 2067862285
-1427547986 665941429
1513853966 1834324854
-695426202 -216050405
1053059569 1063334364
490954563 2029476861
-2051233670 614519514
826473378 1767553242
-1186805749 361120649
-558387279 1673013947
-1069849113 -975793533
-583126645 1074789979
-116847824 851666892
-426260119 1779903496
1670121914 1918215008
-1574102137 324924111
1831358587 1859636749
-1361436209 -156569630
-494177801 152235655
-449597262 -438229228
-323068391 2110978170
942546789 1677821473
2117811061 2134922122
-2145595811 -1371063299
181129551 1056126633
707556927 1676042742
-1375446842 2102889491
-141498381 146663267
148089865 1450831867
1048070721 1473154107
2075373276 2087685994
-624369956 965522703
-464845308 231198094
-965207824 414778152
166698308 338947624
1696684370 1805868872
-342356510 63035553
1158310958 2077586013
1441740664 1612117848
1780502757 2101732629
380262434 496666583
-1618485756 2138689540
-1658143575 387971074
-266424922 1559024249
1127783044 1833916989
117692621 863646036
-1184853377 1745579470
-2045816814 -1684924428
1673234296 1838650283
-1784624704 484533537
-14027723 1884021087
1170981820 1783424257
1431208686 1493049794
-1106090633 1662025362
-842189791 10245206
1402434173 1513663604
1935173684 1963829829
757074495 1412732741
1793892784 1919108500
1624800744 2139249683
390502141 1770319837
-1878298161 -1369384364
-1776707106 -1458424878
1312831511 2022136443
471499393 1051251945
1065060990 1948101812
-1353390666 830680384
764849381 1019941592
-49227941 165419198
795692266 969541013
1059608013 1852111501
241962822 301062776
139213821 683550815
1529276195 1605909040
-899159208 947361703
-1882303825 -1455641259
-1144670325 868448492
-1367396921 911752122
-475536484 699998761
679641329 1018775181
1545911307 2042767732
-660690451 493067733
-1146345034 1142322845
1869331623 1959829598
-28789384 2067032172
747435093 1080493948
-1708083141 1189940073
1926022357 2091345621
-1736161869 -374371450
79399042 1593135963
-1065876022 1834325988
1014743403 1640189578
-1243541217 -961240254
910264435 1528106768
1604852956 2012343917
-1420932752 365315726
747385038 1114412491
1164226861 1452351369
2088171719 2112447382
1175091868 1638465496
1591416913 2077023882
-1869341300 1573127838
2070349896 2079294489
205851213 1814875820
-948278189 141322984
-617753557 1166428580
271577502 1837716362
-862289695 85131891
-52787591 1528835096
1796920453 2134268329
-1238169317 -434735542
1294010180 2122956753
-1933720630 372516124
483781334 1692382094
457526644 663449757
-1656675608 1397170915
1114913372 2118248491
806612154 1525328236
604010962 1796229170
-909531374 -241687673
-15542380 1433113526
392333615 948078577
1479503054 1885488654
859795239 1989545787
-1085617565 1278646197
296561142 480436415
1024598168 1918270568
-1377292724 -813691892
-314140122 -57953014
383408158 1817083077
631409098 1942362439
-1968218943 -1623124226
-765793308 872113757
-1291169427 987786735
1330698792 1932797681
491449973 940697413
991430518 1067223037
-1439729526 105219020
-341511121 196841805
1202809488 1327295310
1654137786 2049069782
430831898 1754498177
1018762664 1549341723
-554664553 9247343
763619692 977222602
-1827357887 1420758596
-45883087 124562661
-87991646 167527248
593016075 1924092036
-488630380 2094672382
1700752997 2026385583
-1665144712 -1160740755
1439716781 2034317406
-904565658 1041811170
-1956770011 -1012991385
189409699 1239872784
-159741715 1941784933
1100654462 1783779017
-764597 158282161
-911973954 1966329733
-340421911 163568847
1571543876 1892546552
-1545548011 -30411798
-432535025 1502065684
-1415380189 1614308240
-124375633 475558854
-324706953 2068844263
1976216663 2067732270
688963897 1528065370
-1183019241 -950306094
1642943219 1865792876
2041631854 2043708439
582114562 749877745
-1192743275 -708710164
-1945905067 120844361
-1862421196 -1513261895
-1925952711 347193766
33457045 1788188627
421736435 1249447593
1734318872 1834022896
-1557926620 913371161
-926157516 2898532
1770234602 1973855784
-11456041 2062632073
1321844011 2124906979
-1252002100 1389022390
-789119943 483164216
-907316258 -470593958
1554486574 2071286675
972296562 1882895511
-447014486 791954050
-2029428118 961011131
-665047148 1141285218
-1668608874 1615780056
-1787729784 911569791
229381068 1390429620
-509532950 572111021
383088695 498988714
1691041365 2023369865
1728496229 2042094307
2074483748 2118848965
2097826466 2144018650
-687834600 2117117165
646209713 1101043589
1167890158 1605757622
235410519 1133932050
-1905109567 -1063398861
-209339959 250662167
972649996 1539946636
1060489610 1817882364
-1262361189 -718333356
-1328218303 1204411460
1887990773 1975249216
876953945 1348109557
14987094 207880274
-1267369998 231475679
-1328480393 823576594
777784263 1060942211
1385208342 2085164453
-1941094801 -689271284
1998800116 2057679488
-463467690 531570311
34514852 1497088709
-1714730559 1042154805
1912832481 2058627653
254542220 330808138
-1101723676 2120320095
-129388293 635977121
285795409 1604899497
-1492882607 -250668184
-60117419 741102290
1937714080 2022056283
1607532614 1717527018
1342242119 1826051606
90263067 2097824442
-1442274029 1292544663
1910419365 2128515257
-1914030585 -769104347
-1212493195 521103589
-26153686 822784730
-762248198 -731534669
385951724 2120320416
62494884 710384787
890301929 1942794014
-1762908175 -683313680
-1669409419 1651174072
-685014375 246165913
1028666410 1910488193
299883503 1794577793
922931300 1703549003
312399692 1045494191
-1804676959 -313011030
-1022434042 1564116358
-303358044 2017413626
997352498 1505507773
971938884 1577728820
-1784523561 1251753282
1284393632 1493008213
1151578856 2110562617
-707264594 796891490
1936439484 2026596939
-1491259871 208097045
1969144592 2102942267
-1760747630 -1176070855
553722923 1598219555
456627094 945537386
338499505 691693764
686496117 827751636
-124098406 530029740
-2145022841 446684592
702442887 2082847828
-323786276 1775183550
888353192 1305318260
-287775976 1587307520
-984971595 454238764
1999863109 2020954328
1678902797 1827524537
-967434879 492952069
71625537 1221776629
-281609569 50966644
-1155507762 2138779439
-2064040538 839216590
-998834166 1141129658
828911856 1143489025
1252966070 1432698294
-1918029588 1153818556
-2110284771 -1559520981
1335724763 1853311233
488803423 743803071
332112502 1288529374
2112177500 2113384023
322785020 2027679651
-785527917 -676295480
1179637404 1562965419
37226349 201403236
-513129043 431503325
-1870464086 -324826581
-1903147064 1111962400
-730761756 2079963099
1180043672 1271578419
851016940 1409697848
-449594009 1747277328
-1757414819 -990902751
-1757949191 767875722
-528111453 70623583
-2135022077 -1381030275
-1912380120 1588119171
-1323475789 -1270152223
-482907979 575044171
-1267391667 966703822
1954024930 2130154328
-1057710774 2088194270
-843503360 987344561
621967399 1760996722
-827308563 564591408
-716213306 287278965
-1583712346 1896800508
931252812 1355860325
-720033488 -532891314
364390996 1364839215
2014680236 2144381913
-1881781005 -56321936
-2063734833 -1084711034
817389910 2046241227
46292409 86734043
-1737063540 2040347201
-371771409 494040466
744094710 1584986388
1728884942 1835021794
1290900408 1657913798
1194407308 1700008245
1447704266 2060967743
1415502963 1738231386
611064665 807973768
527463804 1628433813
1084693425 2137545796
-313556061 619620304
340780605 843713337
1777876910 1886032891
-84769138 66556177
-1141601510 1056385097
270384943 1039895748
282930160 1117008478
466176944 785559126
423994915 1858622797
-1678196198 1315364706
-173535452 -152352233
1862021445 1949407766
-89144089 1679565808
1895454900 2071352012
-1187583392 -189532881
-1592632 596907149
2075539986 2135810552
-1882435231 -1714831250
-1206897413 -216293208
194412359 1024122463
-1734577834 -190269715
1096734838 1521979494
-465260254 1667025603
1195791676 1291595015
1087646836 2088535258
-580174186 -342263714
1862563655 1982544467
-470730656 -348200779
1126605111 2015513582
1058587581 2105595105
-591402144 1199129285
-885855914 1288773360
-769909152 1933076044
-1019135675 1029547705
1854197513 1874642775
-1414799424 740023768
-1870892583 306464084
1339643740 1866011223
-929352483 2136272639
-81452955 1998471326
2138931351 2146478788
-2054853177 -57404140
1450917001 1625792602
906149727 1532379211
823675492 1122585495
1287707667 1982218076
-559764530 1309475765
-309953928 637301074
1419021696 1855394303
-155961874 1557141720
541678198 2002617440
-1954902896 -292837021
-878020835 -8449178
-2123668418 -802580943
1039403305 1674912630
375251790 1346633683
-1629373266 1408343550
-1480622717 729692687
504448008 1567268289
432387823 1365888386
-256430921 -200770450
367118652 1619055343
965491857 1536140872
-1307480109 1299040874
-1114269434 -492535352
2085873407 2091453214
868816878 1633758539
-1156866053 1223772782
-634519913 222934533
1407510391 1647619754
-180486320 251676776
154900815 1177910193
-627104793 1011081737
1170583995 1711922791
717506045 936070803
-998187133 56631872
-1782672079 -947940022
1739549594 1982186724
1024559078 1290703566
958413139 1386913760
-125230881 1504426046
-867698919 142451658
-61021974 2021224339
-166884730 660123544
1711443956 2052669622
1479062364 1988451494
-1256142460 2088325926
-1529423688 1884824864
601619615 1946404743
-376602610 1404743321
339160656 1902180948
-1776421703 318186607
1756159403 2146794387
-282339886 135740206
-248033531 1425022942
2009489990 2105019579
-1358480076 866164285
1542998154 1872099183
973325360 1300054914
-1094732568 49462637
-1813617462 -497281695
-1699790146 -181467727
-1370510750 -1064945881
2006557681 2031494820
-822361657 1314267877
2050945816 2098177398
-2021001239 -710522487
-1212341510 1858354153
2143712872 2145260291
-1951708598 -199527358
-1749121584 -200852379
-147934812 1897695918
2143468437 2143888384
1631004151 2045455930
-1036492322 1649813050
-695992504 1628737238
-1158578829 -306142085
-153401197 59691042
-1648283379 -699801889
-145776699 1908851584
1465477596 1504364141
-1118545645 1299061008
601344858 1956977651
-1414922357 1580308801
-1533576896 1181856125
-1322270779 -285672336
-910885271 2134294431
3661295 2104499658
752414369 1297230218
1788952209 1998677178
-1345023992 1139314924
-1272423831 -124611382
-1365197686 883076805
-1838890405 728190295
227832339 1889237797
-906189359 23574830
-754539623 2136756036
-1662017303 -1381608471
-1572781749 1846216455
1208031725 1287734290
-952242481 1466819522
1175326418 1550358253
-2088905309 603725040
277845722 1417284992
1203124056 1497393181
-249711817 788353717
-2004445887 925153425
-2105671082 -495644703
-2136921889 823683130
-554242331 1002451886
-1672374929 1248449673
-112829392 -112469336
181928210 1751321792
-290515457 1110197761
-2069047183 -317793441
2026488544 2044916921
2105545352 2120851139
1992449095 2095525635
-473712345 1929291141
-1341742240 1533813600
609852674 2070168751
-2112100618 1141672554
512878587 881541191
1440379755 1939618719
-1344704111 1880979267
-1586203742 774934212
1755308656 2065865749
2111674095 2134667363
89784256 462045346
1750080777 2052877813
721463794 1194814681
-1273775670 -521147690
1762039178 2014177549
-82874177 464902993
-1496054969 2025220305
-1153066901 277901632
-1139110496 2123407747
1761805477 2046673207
-479370775 1037723838
-1094795312 -572221247
-1508539332 1636330057
-2135952047 -2004137223
-551676644 477872805
253083171 1446870563
475308327 2023530251
-1233291409 543990379
-200709183 -199751422
-608132957 331834883
-364217302 1208693081
1861279802 2069408029
-1734137383 1840855175
-207312492 1861845250
-206123457 -185778728
-1188765129 441764612
2008606454 2071851398
1628611615 1884923189
-993252443 -847298051
-1375241170 421592278
-1020191605 1792284965
-602864391 1496375599
-1534147623 4934903
-2140922681 -727446572
220174883 2099499092
-1554478319 1266736232
-1980469704 -1067412464
1813839113 1846764646
-1507374524 1777092495
-850889513 813870416
-1085211036 -912958702
1623767651 1663948621
-427990123 674870418
1342310198 1695115749
1989581860 2023599222
1312079508 1780989058
2136748135 2138501309
-363221864 1549223955
2066473017 2097855047
87718217 642231335
1263965295 2135178877
-578286185 465031069
-1706392283 1653392493
-1302456456 1944869633
-710437912 1898772578
-1778111034 -1644550886
1773079313 1776773860
-1830884328 400765360
-853874609 -814348190
1509991502 1977037856
-1212561390 1058594188
-1895042335 1930527015
-1292217843 1962847332
-95605502 995808123
1050554844 1820346578
1248893295 1705187980
-224031074 931897102
41614885 1817659879
-1573482351 844087640
381399013 1252351644
-1690534037 -1637058163
-2093692163 -2022128828
266866340 1863972797
-1252626829 249568887
-1460976610 -1424610617
78750905 898217616
-934441534 392015618
-1117899241 53387526
-247045323 2027432614
1360679436 2065759335
607856182 1815677549
821226661 1177729514
-1170828852 1325135408
428515917 1348404473
421364731 639171870
708716393 1946726009
-808297507 -81102902
186619919 397853387
245313004 590481964
-1493593604 -1097364607
628645669 916344401
238153897 653571454
1940190536 2138913652
2032439981 2053837622
-2069725741 73493871
1020389716 1751236905
-332869773 1682765615
1040285290 1072327695
-517086250 1180820204
-604860575 1419618499
472025222 864767314
-871861759 1952005531
687973775 747863102
-2016625353 -1827913462
-1665637667 -564838454
-1250933121 1775785152
-1652757975 -1501053475
-1203412360 -825766756
2140427642 2142258301
-1144742491 -1106490601
-267742323 261316050
1944903743 1946090273
-1500039434 1869415155
-596877055 -147621915
-137324486 29151801
496676235 652913485
-1384094203 443181386
1884322429 1893703027
-1487349080 789518210
-327097704 1124880894
1915491702 2107714983
434529594 457400009
1913811849 2097440056
502747804 1535918712
2033453002 2109907970
-1213181145 -596481843
-1294079530 -252023072
-2035317008 -1484311734
-1504668381 119624889
1947433093 1985870770
1954025051 1973320437
-271831639 443551004
960476943 1143451310
1664625848 1860089265
119786482 1229505065
-661574282 -128057003
1930568762 2082015301
-2046457168 869385032
-370008443 1683048104
-1434057147 -231468616
1386304340 1997332163
587436258 683140373
1520807310 1604823693
51189078 1481046667
1339229247 1616696629
-642598511 1244684768
1912329450 2049729418
792639793 1062744231
-1834564610 575242619
1910783068 1974165501
1527305268 1565418424
793575648 1649896027
-592954664 1549481918
-2089690352 732381759
2121844645 2137680757
-1999393512 1870590074
651147023 1411443525
-273709057 234445554
993810945 1870426623
-1891466142 1432184262
-1768326375 503548360
-1874658778 578624050
730185407 1783413271
1407713094 1423200353
451249091 571245293
1861988767 1974677131
12678406 1979875129
-269493584 1227441250
-1189628916 478667935
1181872043 2006111650
1975195532 2090926393
-1784882643 -548340345
759405413 2056126578
-1231294276 2021898994
373490915 727894288
1318476429 1878172265
-672556543 -501516783
-1158536754 1253706344
1841055736 1988152460
-2132411041 -1104532077
-668811555 -654425117
1733544692 2044976489
2045274363 2139901037
1398121572 1467308271
-1004441373 -932305526
567340941 1250049320
978352375 1828996340
222812007 1123218369
-1108111190 -120902024
-1218292678 716073495
-436040690 1178505015
1979445413 2000112299
782633102 1051444908
380531815 718847688
362301952 2145769040
786181808 1756783014
-883685683 -598950303
-1225986018 2044700612
-1206663785 1221448157
869214355 1752579095
-1729573021 -1028305905
55968546 924567728
-1923499825 -558248806
-1605593190 -233161293
-45017074 688604911
-474153816 -8841717
-1697105547 -109287814
911003222 2106540063
-728388355 1376971476
551968579 1639779086
-181411565 1180505872
-2118918150 702421609
1175673859 1368064146
1511716348 2046564724
-1803540684 -619059679
579875219 2104727690
491770880 1966240851
171011807 1684234707
1199389228 1428005363
2050432752 2103815988
1796416017 2058374404
923546410 1263127243
-204852462 -169279496
26099998 84635257
68529331 556907383
157144469 698149298
-242691835 709146132
1993580946 2037564007
467641004 736242741
-2118515608 -1907652437
1588665755 1763244308
1381842867 1538335120
-522382825 621477391
1990325074 2116159402
293436635 312412893
-1621839466 1316381038
-93631005 927159173
-1271450036 297143949
723989955 977987110
410925016 1169417770
534241042 847232244
1511191661 2141112614
706747494 988643879
-607474697 1102251392
-626000358 1265750828
1265042742 1450690158
394983717 2112614096
52600510 812449670
-240440890 1807316655
-1948537958 1162612715
264481026 891591555
-80665217 487925902
-1524549875 1622123925
-1098064265 1162282575
1764689859 1907919102
-767634835 711431219
1083204234 1643551284
-228668700 249950782
-1348938611 2120437552
-881181655 -268902388
1881390747 2000199593
41244990 273482738
321688677 1337029355
-1986665286 -1186311160
-1284323896 -965352625
-1628299234 1278973501
2000276704 2121761331
-1162851767 295689547
-78373916 295274829
1305897425 1795771773
-1114826274 1061852115
822526546 2120302627
-1655892208 -888268743
1058310300 1309136710
1236952905 1515988214
-897658429 1206178660
1931338308 2030022876
880233520 1258911608
-2135885576 833046957
2123825414 2130534192
-729135373 766697800
803030432 1766351858
31224143 798479132
1331275125 1768597528
-1067019095 257928177
-1401017541 264427311
-536443742 1087707885
2081300324 2118929211
1751700303 1992004844
1160046453 2043323876
-2013122937 839484075
-2079423907 -1605036495
