100
50 59 71 56 63 8 71 32 2 100 56 74 30 34 38 50 93 60 46 67 46 61 77 76 66 24 85 75 9 26 24 33 86 30 66 80 62 51 17 50 32 47 21 78 52 57 33 44 52 35 14 27 51 26 10 98 32 55 49 57 54 37 45 56 73 14 61 11 34 32 11 14 2 60 45 91 48 16 96 86 77 55 40 74 87 61 35 50 23 73 12 41 7 77 97 59 77 94 57 74 
79 90
79 34
79 59
79 41
41 68
59 20
90 85
20 87
34 92
92 98
41 31
90 45
87 37
85 51
59 23
20 32
68 72
79 35
45 82
20 30
45 88
32 13
51 81
35 55
82 10
82 11
45 95
82 67
45 16
95 57
41 73
51 80
92 22
85 86
95 43
81 50
88 99
43 84
98 5
82 48
23 97
20 6
81 29
85 24
59 46
22 66
87 83
92 8
46 70
51 1
43 42
79 40
84 15
10 75
97 19
70 89
92 28
1 74
70 63
72 56
92 54
54 93
48 27
27 7
48 33
74 17
42 12
31 69
56 44
31 26
37 18
48 9
84 3
45 2
33 14
98 49
51 96
69 71
59 36
22 38
63 4
23 47
99 94
7 91
87 58
22 60
51 39
79 52
29 62
71 64
27 21
17 25
97 77
49 78
63 65
12 61
86 100
28 76
16 53
