1000
618 759 400 288 43 902 369 243 525 491 97 879 31 47 429 277 313 830 152 578 60 690 36 883 45 835 14 604 476 35 454 140 714 274 473 156 130 753 778 40 328 2 380 983 183 232 890 148 863 396 181 167 980 577 56 103 498 138 61 55 859 750 101 782 781 254 707 312 456 865 802 455 965 483 377 705 941 814 100 884 983 613 837 758 697 153 910 355 331 687 960 300 639 402 282 76 495 4 553 92 482 710 144 158 800 67 832 860 477 953 557 971 820 535 406 820 408 726 532 940 533 209 939 631 655 727 121 515 462 729 474 639 849 613 911 382 878 83 416 502 395 229 414 698 893 955 867 747 807 553 748 883 572 739 260 789 904 221 171 627 50 483 986 336 708 10 59 356 148 656 622 76 56 674 311 821 869 780 334 473 629 798 655 885 289 708 1 18 497 880 631 633 458 811 83 101 37 234 415 454 209 88 347 599 890 953 491 636 197 712 525 791 462 482 192 718 793 739 994 129 722 807 341 606 383 280 843 853 125 19 620 775 845 299 823 462 405 638 15 866 937 114 128 491 951 827 996 603 538 243 585 724 445 236 235 445 844 412 641 569 948 569 30 684 38 795 146 302 183 128 646 122 273 375 195 886 287 323 277 276 679 74 890 792 336 433 983 669 59 285 380 750 161 854 121 530 17 400 520 782 702 347 563 660 763 339 636 240 991 966 698 274 272 400 534 306 809 486 223 30 358 409 138 665 513 448 981 40 136 403 106 888 880 455 423 5 663 118 485 470 772 681 679 294 972 605 943 562 415 550 210 950 584 802 310 214 545 447 28 387 119 78 918 372 50 784 124 462 350 982 42 51 958 426 154 642 436 579 660 654 587 946 478 216 88 119 864 476 965 902 108 817 372 893 816 473 16 166 663 88 28 811 650 876 576 171 61 939 288 938 592 965 981 700 155 719 829 61 712 529 856 329 570 984 446 910 804 552 385 401 537 555 859 172 174 608 482 838 498 464 981 258 272 861 932 67 306 918 495 937 356 491 176 265 912 814 843 998 379 753 913 705 521 763 988 166 756 859 118 42 113 565 357 671 958 512 429 388 594 604 406 806 832 844 97 102 359 199 589 218 191 313 197 158 824 148 636 890 373 726 856 438 997 464 839 21 623 383 751 329 865 483 399 650 275 208 815 643 632 830 618 268 775 359 600 813 584 185 869 165 696 245 475 27 506 431 963 522 614 70 41 406 684 857 371 604 467 11 564 357 605 834 189 674 267 608 260 181 876 802 585 862 552 412 852 743 548 488 207 136 480 204 54 448 899 794 985 78 955 700 935 385 438 823 823 914 977 845 393 955 146 861 568 327 54 401 343 25 461 447 195 126 527 28 180 10 916 306 138 979 734 865 899 777 237 61 708 826 541 139 837 674 111 885 605 938 864 352 421 681 406 92 335 567 652 423 219 777 245 862 760 295 810 534 823 309 670 661 416 743 40 980 988 590 476 858 484 276 360 251 742 962 126 605 766 447 614 123 915 262 162 219 499 991 665 681 381 683 170 918 632 581 713 186 481 720 761 421 355 463 661 485 564 484 870 668 862 97 699 100 989 761 28 605 142 197 948 777 212 229 905 850 788 192 849 989 314 770 342 181 837 570 68 491 302 770 687 868 139 873 567 365 20 748 989 777 628 156 286 666 58 416 162 273 240 730 437 864 358 751 410 423 383 985 388 396 551 259 114 747 278 747 716 670 197 908 631 180 322 793 870 480 416 828 593 288 918 787 547 569 896 520 88 904 980 445 977 14 977 147 240 697 608 880 253 434 718 130 304 895 495 47 597 298 722 271 544 166 979 789 351 403 200 47 479 70 496 211 469 653 37 908 760 49 290 681 516 479 912 117 805 96 348 25 45 717 652 699 372 203 66 280 967 440 457 733 200 152 483 423 839 149 528 378 983 83 925 25 798 203 984 835 956 778 412 225 462 330 79 69 468 286 293 664 995 967 651 163 54 400 697 24 931 128 212 845 325 800 618 803 507 972 781 247 961 368 262 763 608 125 79 878 888 304 897 912 728 524 965 888 219 907 563 897 200 455 353 712 733 94 720 868 938 121 1 356 713 53 696 469 226 183 722 787 912 650 492 457 871 757 731 750 828 188 222 620 822 350 991 424 693 390 419 481 935 581 482 452 427 925 901 870 722 334 831 649 902 432 126 317 901 429 773 502 396 66 259 751 330 333 820 785 405 910 502 824 391 368 802 330 575 170 751 629 229 528 989 128 983 274 
180 708
708 765
765 857
857 653
180 815
815 289
653 19
180 53
765 318
53 174
53 103
318 739
180 296
289 67
174 481
53 685
739 240
739 319
53 956
240 536
103 655
765 49
685 283
283 848
180 196
481 542
283 158
283 214
49 631
103 173
319 762
240 810
739 305
765 257
542 322
214 68
173 200
655 918
542 46
53 192
214 854
481 393
240 834
200 668
214 961
810 743
283 127
53 491
174 994
283 829
739 374
214 54
200 14
765 709
305 520
854 454
961 170
257 246
655 562
708 995
173 714
200 26
762 664
765 266
103 38
956 945
829 133
53 400
542 528
668 152
246 889
200 975
26 933
214 407
296 514
322 371
815 506
53 267
196 161
454 796
956 383
283 795
714 551
995 149
257 715
266 168
854 517
975 117
127 404
103 474
708 705
739 518
240 64
14 410
200 341
765 250
517 916
341 232
655 673
854 316
854 826
518 678
283 901
250 543
668 166
319 278
474 307
341 128
170 361
491 859
975 7
158 752
854 384
103 144
166 306
149 888
393 51
316 220
796 758
506 130
709 37
994 659
854 872
246 771
283 92
517 999
562 801
64 114
53 891
283 88
220 314
117 113
514 390
543 508
826 966
170 747
801 270
371 844
114 688
220 757
673 277
305 701
664 788
889 6
888 727
859 312
192 417
961 469
46 160
88 359
673 268
174 953
551 452
966 13
727 601
664 275
67 831
659 759
514 471
266 503
192 706
536 495
14 768
801 184
452 699
551 674
192 579
277 892
152 292
417 989
319 657
180 942
67 446
528 819
474 838
292 913
318 23
562 654
214 444
536 675
673 749
801 146
14 593
474 812
220 247
872 153
956 842
989 211
305 346
653 556
68 712
267 93
514 124
889 964
801 970
768 360
322 362
49 984
246 554
103 817
93 814
654 666
842 614
659 778
601 509
316 90
964 665
64 449
995 30
712 221
390 295
166 388
160 83
117 123
275 693
103 377
26 29
214 711
266 633
127 806
872 260
657 98
173 958
67 36
471 484
51 874
765 245
133 722
296 569
123 735
685 636
123 150
735 750
579 206
762 460
407 928
371 927
743 577
289 210
810 366
37 249
214 943
232 513
762 539
842 925
67 370
543 581
665 223
54 222
206 651
654 333
170 642
64 683
758 106
371 837
341 548
471 415
815 647
192 311
98 793
714 347
49 151
117 621
831 644
307 769
752 188
918 957
539 177
666 413
750 445
901 550
556 833
854 470
503 851
851 677
214 774
257 930
152 380
151 139
961 560
759 65
26 119
577 510
644 782
314 215
747 626
250 299
854 241
380 355
247 738
665 248
268 348
470 217
999 915
793 563
400 350
503 861
788 627
508 42
471 669
857 640
260 405
517 381
513 416
393 798
410 869
215 682
30 251
150 619
37 356
311 755
788 937
842 658
64 243
930 118
388 343
196 325
633 336
699 424
891 868
381 803
536 616
319 308
891 846
210 334
693 761
957 797
957 523
915 27
295 340
65 639
551 558
128 830
558 368
678 442
788 56
642 578
150 175
678 700
250 617
975 15
782 332
474 89
383 126
170 499
658 532
348 704
348 116
651 875
250 896
346 163
36 811
851 907
916 18
446 385
913 261
937 386
413 816
842 589
18 59
715 533
305 948
854 142
150 317
621 342
797 11
659 820
220 94
761 667
523 483
875 686
250 909
812 363
782 935
801 395
715 293
149 687
374 262
347 821
891 625
388 740
59 468
19 301
46 895
348 632
569 298
678 965
667 2
796 488
861 652
7 594
806 818
15 785
793 111
260 199
64 238
796 478
6 367
815 500
510 60
768 981
370 224
658 22
116 522
627 790
668 358
966 822
67 879
232 595
116 321
348 320
395 99
491 447
522 527
7 229
652 329
768 737
616 202
536 858
170 353
989 572
292 742
626 929
307 448
36 777
424 502
117 373
139 884
449 992
150 71
533 464
246 465
93 271
495 566
346 364
858 862
149 531
29 760
816 776
177 55
332 805
188 287
59 974
817 263
7 419
837 443
709 284
722 402
560 398
123 33
761 794
851 724
687 189
311 258
312 763
958 565
251 397
250 951
563 947
563 50
560 904
844 109
862 282
282 968
669 141
151 382
56 537
277 571
210 756
470 893
106 134
821 608
388 428
210 456
560 852
673 9
846 242
242 493
647 894
29 734
177 438
688 337
361 985
653 504
551 265
141 203
765 351
6 375
685 860
755 62
984 259
89 780
371 418
857 193
220 609
674 450
659 76
711 230
780 225
347 568
261 197
447 12
92 274
875 272
488 339
341 256
450 898
353 836
700 934
445 923
737 167
428 35
418 482
595 690
351 164
299 209
193 940
167 427
240 962
103 650
454 511
837 856
869 291
927 804
700 721
760 919
278 726
499 115
166 335
654 853
984 136
714 746
109 394
589 16
536 212
550 832
816 969
532 807
560 855
341 191
173 72
531 703
275 618
562 309
373 944
164 28
513 441
740 434
945 897
394 288
699 787
367 767
164 583
743 304
985 906
928 63
722 921
177 85
152 620
317 369
819 623
699 409
975 535
111 104
364 313
616 887
380 997
682 900
816 597
625 154
362 920
621 886
312 254
292 233
724 689
518 159
366 77
282 718
798 96
92 883
265 599
920 24
757 938
706 187
594 544
260 69
397 122
151 835
701 570
699 453
879 80
210 302
325 800
233 349
191 253
448 3
348 231
522 429
170 605
377 70
619 963
9 255
544 526
3 234
566 387
364 713
465 162
925 47
800 105
193 580
113 534
68 917
554 983
874 497
203 607
951 519
951 716
627 485
947 643
640 73
117 186
359 148
311 736
261 401
142 671
771 600
173 132
14 730
353 300
782 772
716 615
819 138
35 354
844 194
869 143
384 269
747 5
168 439
188 198
712 976
632 823
322 611
60 557
844 276
474 656
429 538
267 459
810 378
13 1
544 156
722 865
404 606
370 239
343 421
133 423
595 182
36 432
934 376
508 902
151 959
509 775
898 505
935 515
842 157
5 841
572 463
221 379
642 781
614 908
826 877
509 922
30 725
258 204
104 996
7 121
407 717
287 129
27 44
454 679
891 786
599 516
317 345
922 911
333 882
142 455
796 630
992 564
772 939
481 926
450 285
221 58
339 587
129 843
678 479
267 574
491 684
966 638
427 691
760 987
253 498
409 228
856 876
599 57
684 702
49 986
659 547
495 748
673 954
368 201
380 389
463 946
55 613
318 697
962 32
606 732
948 494
732 960
894 147
196 477
785 692
232 990
763 399
605 45
261 403
969 603
834 998
393 967
261 825
865 850
329 310
262 1000
739 216
999 52
964 864
136 754
514 326
370 279
782 501
209 110
743 890
312 878
664 744
962 731
643 10
768 729
201 799
772 125
743 676
350 40
868 244
255 87
189 770
360 612
67 912
348 559
271 462
757 178
478 610
556 338
580 20
746 695
564 100
22 955
369 75
599 982
508 290
474 873
944 899
240 880
6 264
755 41
256 809
703 525
805 461
907 680
421 710
258 165
105 131
182 694
194 624
572 137
804 140
456 936
113 840
919 84
692 646
325 696
891 226
508 406
658 185
432 236
130 973
508 95
515 437
305 733
443 849
693 866
76 169
417 952
918 207
631 43
743 753
158 97
644 827
460 813
380 641
901 885
710 552
778 645
317 451
754 4
640 590
125 604
826 195
898 74
795 773
300 286
14 529
339 979
500 135
388 991
773 586
945 870
63 82
243 489
98 48
207 327
491 512
878 663
177 845
337 365
999 179
161 745
105 573
419 219
856 480
469 950
161 507
782 396
219 524
848 720
251 561
223 476
262 635
363 331
193 971
736 903
563 408
803 31
730 39
415 435
439 949
836 521
768 672
204 227
32 433
283 486
219 25
338 112
800 357
856 839
955 914
953 972
384 584
743 414
577 905
798 649
957 808
317 252
125 924
522 102
986 582
611 723
485 181
706 440
933 622
140 458
543 707
762 303
413 420
895 980
613 549
924 457
832 662
76 411
491 171
233 431
282 988
158 155
699 467
582 145
940 540
561 176
398 751
204 567
113 66
799 352
845 648
935 629
194 473
463 555
268 475
715 492
136 412
695 789
240 78
24 330
812 588
900 910
526 661
902 728
495 931
518 792
724 824
197 323
49 828
875 881
312 297
901 108
644 294
435 273
923 218
63 783
715 779
724 213
366 21
311 698
698 496
213 764
192 324
348 34
940 315
140 8
275 546
308 802
408 490
29 81
431 596
440 235
986 183
568 978
606 867
734 61
580 637
153 634
754 993
134 576
640 436
225 628
601 541
154 871
508 391
928 237
753 426
767 598
676 585
294 530
835 575
188 602
546 172
562 932
805 660
517 344
440 372
290 784
271 670
580 205
563 120
606 79
935 422
158 977
68 487
648 208
147 941
416 545
114 592
544 190
864 107
701 681
320 466
660 553
1000 591
918 280
362 392
28 847
48 766
553 101
671 281
377 741
407 719
989 863
829 86
573 91
570 791
668 425
572 328
962 17
225 430
806 472
